2: 1,2
1: 3,2,4
1: 1,5,6
1: 1,7,2
1: 2,7,8
1: 8,3,9
1: 1,9,10
1: 8,3,5
1: 11,12,8
1: 1,3,10
1: 11,13,5
1: 1,9
1: 6
4: 14,15,16
2: 15,17,18,14,16,19
2: 18,14,17,15,16,19
2: 15,16,14,19,18,17
2: 16,15,19,14,18,17
2: 16,14,15,19,18,17
2: 17,18,14,16,15,19
2: 16,15,14,19,18,17
2: 15,16,14,19,17,18
2: 14,16,15,18,17,19
2: 15,16,19,14,18,17
2: 15,18,14,16,17,19
2: 16,15,18,14,17,19
2: 19,14,15,18,16,17
2: 16,14,19,15,17,18
2: 15,16,18,14,17,19
2: 16,17,18,15,19,14
2: 17,16,18,14,15,19
2: 16,18,14,15,19
2: 14,15,19,18,16
2: 14,18,16,15,19
2: 16,15,14,19,18
2: 15,14,16,19,18
2: 15,18,14,16
2: 16,14,15,18
2: 18,16,14,15
2: 18,15,14
2: 19,15,18
2: 16,15,14
2: 16,15,19
2: 14,15
2: 18,16,17,14,15,19
2: 14,17,18,16,15,19
2: 14,17,19,18,16,15
2: 17,16,18,14,19,15
2: 14,16,19,18,15,17
2: 16,14,19,17,18,15
2: 18,14,16,17,19,15
2: 18,14,16,19,15,17
2: 17,16,14,18,19,15
2: 18,14,16,17,15,19
2: 14,16,18,17,15,19
2: 18,14,16,15,17,19
2: 17,14,16,18,15,19
2: 16,14,17,19,15,18
2: 16,14,15,17,18,19
