ho_likelihood,hol_likelihood,std_likelihood
-0.6931471805599453,-0.6931471805599453,-0.6931471805599453
0.06716228617681519,0.0660064569412151,0.13077533864778998
1.6299941393861679,1.1234485743536489,1.7561374324302264
1.528857004335958,0.2821716351697714,1.539191864092014
-0.5275835829673479,-0.5289078278512754,-0.5276507861798586
-0.6621335251965935,-1.0782416366303333,-0.6924217941620547
0.28771078947228484,-0.4633152492952341,0.2503397460206746
-0.6931471805599453,-0.6931471805599453,-0.6931471805599453
-0.6931471805599453,-0.6931471805599453,-0.6931471805599453
-0.6931471805599453,-0.6931471805599453,-0.6931471805599453
0.034971939956045466,-0.27023458670423445,0.011761756827086361
-0.16463248313743728,-0.1659556218876168,-0.16469981003734827
-0.8505383383008046,-0.3321797673724293,-0.8920978672661867
-0.6931471805599453,-0.6931471805599453,-0.6931471805599453
-0.2724285715379969,0.06688810865317682,-0.21914205811508147
1.0182437877201902,1.000910170861763,1.2244906553986485
-0.5275835829673671,-0.5289078278540679,-0.5276507861798385
0.8238160258669424,0.7982523903719843,0.9113168835309006
1.1352866555780272,0.32576927720769444,1.2113988318525515
0.5275835829673645,0.5289078278394086,0.5276507861798801
-0.6931471805599453,-0.6931471805599453,-0.6931471805599453
0.0,0.0,0.0
0.0,0.0,0.0
0.4989496516305161,0.2640345069634678,0.5481869989997843
-0.16463248313744017,-0.16595562187688148,-0.16469981003739997
0.0,0.0,0.0
0.36219584018958545,0.1943509275224267,0.38218771903255017
0.8973228952183033,0.8952169824075992,0.8972157521306229
1.868697761421484,1.0483734261870135,2.0245555665917627
-0.6931471805599453,-0.6931471805599453,-0.6931471805599453
0.0,0.0,0.0
-0.5441998188512908,0.007715976437953787,-0.49620975665818157
0.33256339153864184,-0.709346564114923,0.38331622106154706
1.0996374343812063,1.3272427210281539,1.1310607687890597
-0.7437208984129345,-0.7138354673638647,-0.8047412944222396
0.2973629895142609,0.29365438894357876,0.31482227429518544
-0.9951708330005464,-0.870161403244801,-1.1508864139256476
0.0,0.0,0.0
-0.1646324831374272,-0.1659556218779457,-0.1646998100374268
-0.9321397134575409,-0.9658544619766101,-0.9306540426178428
0.22154026979113825,0.14108480134657622,0.23488697809729264
-0.2556190388009431,-0.9619411562536113,-0.28804868198663924
-0.14924588149799342,-0.37692664444458773,-0.16433718259815897
-0.5439414950332335,-0.6031162599345542,-0.47302007770741644
-0.7962399095030389,-0.7005442867219641,-0.822181067831282
-0.07675911013262786,-0.0887028554645342,-0.10084241988870446
-0.6931471805599453,-0.6931471805599453,-0.6931471805599453
-0.03101365534340663,0.38509445607039267,-0.000725386424192469
0.031013655338761815,-0.3850944560704374,0.0007253864153385765
-0.031013655375987416,0.3850944560704206,-0.0007253864163644944
-0.8860719329940805,-1.0331863706961502,-0.968628940286318
1.5991261680768638,1.0850871505075068,1.6992038588023606
0.0310136553759874,-0.3850944560704206,0.0007253864163645663
-2.3354551933046888,-2.185216020821858,-2.319112612161599
-0.528514697422502,-0.5271915586660354,-0.5284473705225684
1.3576054905768418,1.4034626334660043,1.4437623375449546
0.5044888499096863,-0.1339292909907676,0.571339174886732
0.0,0.0,0.0
-0.6777605789245712,-0.9041182031315854,-0.6927845531254562
-0.42731423835242616,-0.4260196288324018,-0.4272483648265401
0.39232047276432375,0.11263511799177026,0.3668740448845283
0.7814964031954769,0.7736357324912351,0.8190413495145646
0.6554393624303998,0.7798386227048265,0.6521185920627388
-0.33555348304017296,-0.24240427397090264,-0.2820004954615832
0.0,0.0,0.0
0.8281580294930198,0.7497646147635382,0.9114325957515221
0.5044888499032946,-0.13392929099065312,0.5713391748880564
0.2717830984524166,-0.61336617464078,0.21699099261304625
0.4264032072874832,0.4276988787248638,0.42646896207087476
0.0,0.0,0.0
0.5285146974225213,0.5271915586655223,0.5284473705225766
0.07722378151048061,-0.33312319437123933,0.04953863416090863
0.5285146974225416,0.5271915586813501,0.5284473705226709
0.9977853048025173,-0.003430279359806778,0.99464689320366
0.0,0.0,0.0
0.0,0.0,0.0
-0.3163920611354777,-0.3224882989137318,-0.2694386321070904
0.8238160258930018,0.7982523903720589,0.9113168835332957
0.03101365533774168,-0.38509445607044557,0.0007253864204583186
-1.333678615669383,-0.7721559832247061,-1.437879963234115
-0.8183945130995052,-1.2212812854676038,-0.8888499766582544
-0.056820512485748376,-0.78009448599825,0.01860753908553761
-0.3406403854378142,-0.8437936276440541,-0.3795288436905755
0.0,0.0,0.0
-1.2506956112377727,-0.4949467015744701,-1.2498409619169637
-1.8790236232393187,-1.8796135838761787,-2.0478688495592694
0.719975269963933,0.5264250392403143,0.7338621178515274
-0.528514697422502,-0.5271915586660354,-0.5284473705225684
-0.715551548898713,-0.35316801147674026,-0.773209398063939
-0.6467721353443597,-0.7407929970007183,-0.6157821171356325
-0.4273142383531691,-0.42601962834356377,-0.4272483648143607
-0.1698175123707398,0.5237026390318861,-0.06686496019141557
-0.8579731544912188,-0.38509445607044557,-0.9096991564910932
0.5275835829673657,0.5289078278381156,0.5276507861799388
-0.6931471805599453,-0.6931471805599453,-0.6931471805599453
-0.8823215693565574,-0.4370247282579164,-0.775628534605913
0.0,0.0,0.0
0.5275835829673725,0.528907827838827,0.527650786179908
0.7236788970018001,0.6214353306689883,0.769829023543725
0.0,0.0,0.0
0.0,0.0,0.0
-2.164336748477979,-1.9090092308473925,-2.2807410203031377
-0.6931471805599453,-0.6931471805599453,-0.6931471805599453
1.4199881966272554,0.6319268525399963,1.5658907976070697
-0.9913358409141019,-0.9921688887378126,-0.9913781068415082
0.0,0.0,0.0
0.07592680020299868,0.404111991766126,0.10359942098086738
-1.8893381737075954,-1.6894665045816812,-1.905290342167973
0.475872606777153,0.12448624629893165,0.40499621091065197
-0.5275835829673657,-0.5289078278381156,-0.5276507861799387
0.0,0.0,0.0
0.0,0.0,0.0
-0.3327639161382755,-0.7567372523271374,-0.3371704759464944
-0.11747835826948555,0.15977986330588517,-0.058468685952700016
1.3513996088202445,1.3271602182207634,1.4389676697104432
0.11904872747112255,0.6689450590687974,0.18331497961321983
-0.6931471805599453,-0.6931471805599453,-0.6931471805599453
-0.031013655366871094,0.38509445607046017,-0.0007253864215638863
-0.4375281417590021,0.2687939756936661,-0.40509849857330615
0.0,0.0,0.0
0.0,0.0,0.0
0.6812557969824337,0.14710439553282803,0.759544295133393
0.8238160258528499,0.7982523903721254,0.9113168835305007
2.2506536557690295,1.7466667942866043,2.4173843025775987
-7.826184145218279e-12,3.6859404417554516e-14,5.8910654132486534e-12
-1.5511203350587148,-1.0782416366303684,-1.602846337048559
-1.2207307635273097,-1.222055008407375,-1.220797966739852
-0.7871320801599719,-0.9017790737270007,-0.773623636258828
0.0,0.0,0.0
1.0553638828996235,0.9959574739090093,1.0591608709446934
-0.6931471805599453,-0.6931471805599453,-0.6931471805599453
0.0,0.0,0.0
0.0,0.0,0.0
0.719975269963933,0.5264250392403143,0.7338621178515274
-1.0874347449548205,-0.606342678654567,-1.0601391776271951
0.3631299322775713,0.10691783600918428,0.43083427236289723
0.8579731544986584,0.38509445607041576,0.9096991564891211
-1.5204362353888188,-1.5182808658575806,-1.520326551199407
-0.2411024586441934,-0.2467132218274135,-0.2255058424707204
0.0,0.0,0.0
-0.11604451219548598,-0.11604711847697458,-0.12554587248873003
0.41898537412020137,-0.10172233831852652,0.563878473083029
-0.6829427617200251,-0.3769266444473879,-0.7196117675692839
1.2744741486263285,1.0516465120923153,1.3961808003205174
-0.6931471805599453,-0.6931471805599453,-0.6931471805599453
0.15907652864809912,-0.2796276148955684,0.2097544833434115
-0.5888257898403014,-0.6536210474741334,-0.6500804350953873
0.40425141764297334,-0.25950081700164657,0.44049350472622123
-0.11632019779516604,-0.24240427397487446,-0.01389606780578016
1.1477813313962386,1.1344188935048232,1.2276571710690982
-0.4846155255698118,-0.5590013963319912,-0.4984898104299511
-1.5699565674060276,-1.3592841995944844,-1.745884426894453
-0.8579731545203523,-0.3850944560704206,-0.9096991564953942
-1.2513637135743378,-0.7808970977148871,-1.2486140218480475
0.2291023635388507,0.23042689384946272,0.2291695348331008
0.0,0.0,0.0
-0.6931471805599453,-0.6931471805599453,-0.6931471805599453
-1.221347882341143,-1.1260076950558127,-1.2145823057230494
-0.2748605097484055,-0.6005730231569819,-0.3042872359060743
-0.421350885936222,-0.6659768138091052,-0.3304925085750036
-0.15571364663120935,0.7672683678810386,-0.14267189383327797
-0.6683991639643276,-0.4843176295690308,-0.6208031057491012
-0.6777605788740322,-0.9041182031315529,-0.692784553125768
0.0,0.0,0.0
0.5531884380346431,0.6491458191821946,0.6126891635306494
-0.014564186985605144,-0.6019275709706475,-0.1790060650251813
-1.1195503878469664,-1.1208460592576157,-1.1196161426343723
-0.6931471805599453,-0.6931471805599453,-0.6931471805599453
0.21985468852607515,-0.36780782879953355,0.3269637380801738
-3.050763482877486,-2.8670682570916717,-3.134222796110084
0.0,0.0,0.0
-0.6931471805599453,-0.6931471805599453,-0.6931471805599453
0.6545529053977315,0.6557416484287762,0.6515347599799216
0.8238160258529177,0.7982523903720699,0.9113168835321952
-0.24912424609240577,-0.5899047454204835,-0.30741169742882524
0.8527047463572883,0.4087665326477671,0.9095836043199078
0.0,0.0,0.0
0.47521734454348347,0.48230999511439326,0.5172660314212312
0.7294713964393137,0.7273827843493879,0.7750531386812074
-0.6931471805599453,-0.6931471805599453,-0.6931471805599453
0.4151633279575667,0.37186756746369115,0.507170235364655
-2.349697329927563,-1.6877569851010064,-2.4596585470172445
0.0,0.0,0.0
0.20231453916231482,0.4320257385847643,0.23384501666296467
2.0679002266414597,1.357632937409488,2.2350917003210515
-1.21145745913801,-0.9041182031315854,-1.2480591380905968
-0.6931471805599453,-0.6931471805599453,-0.6931471805599453
0.34449745417462646,0.3626133071025021,0.31464856401812075
-0.5598679048254869,-0.6457995758909245,-0.5675713549590633
-0.037364822686012183,0.056617434203719966,0.016230430819957425
-1.5777141089200362,-1.3700282739893483,-1.550089287614979
-1.0229090342002547,-0.8538312659675723,-1.0281375760004567
0.7201334036783952,0.72981465441615,0.7939981456621307
-1.3291124681102304,-0.9600031200030976,-1.4412617424558214
-2.442872719809479,-2.3242669195548338,-2.5160631054257365
0.0,0.0,0.0
-0.9937723992083252,-0.41876910125180067,-1.035957452244094
0.026986223599317415,0.036667473837642024,0.10085096710812293
-0.6931471805599453,-0.6931471805599453,-0.6931471805599453
1.1829658400606176,1.0020884791830358,1.2560129443633092
0.7501262975037093,-0.02187815878623429,0.8135164790294792
-0.7311918233809273,-0.7366514189371494,-0.7797634934947542
-1.060267561599552,-1.0668160667782915,-1.0464338608938097
-0.8419392466572552,-0.8477437402911395,-0.7762152368641033
-1.7937097795560306,-2.1812748686179466,-1.9354574095248083
0.0,0.0,0.0
0.12575707349070678,0.0924584303716737,0.12322514499573681
0.884877170720364,-0.028545083426669345,1.021216679932046
-0.1509418720013251,-0.11209973479361944,-0.1632228088293855
1.1950241334305423,0.8495828021728832,1.260155405029319
-0.03101365533844954,0.3850944560703475,-0.00072538639423547
0.8045419575573564,0.2582777340008508,0.9267716587219671
0.09649673462525202,0.053464445861508426,0.17488414876242742
0.0,0.0,0.0
0.48170839656902537,0.6329823963469074,0.48557756570310723
-1.4730989286342002,-1.4706795339140497,-1.472975733333576
-0.5285146974225016,-0.5271915586876763,-0.528447370522639
-1.1379566926347995,-1.1130110873539816,-1.1976824488434088
-0.6499106106884152,-0.6716875063980366,-0.6464109012026126
1.535256637354111,0.8708494053064303,1.668780638574202
0.6356340614650424,0.025538176534402567,0.7593447283530386
0.0,0.0,0.0
0.0,0.0,0.0
0.0,0.0,0.0
-1.2159336601280593,-1.2743574723377349,-1.1000815388102663
-0.6777605789263446,-0.9041182031315476,-0.6927845531244127
0.47246676442812713,0.45000624848618875,0.5815047575088522
0.6092945641721788,0.5825820395064428,0.7460927216666479
-1.9467093694141213,-2.3209453956182395,-2.136495272899513
0.0,0.0,0.0
0.5275835829673645,0.5289078278474296,0.5276507861799069
0.0,0.0,0.0
-0.7814964031083479,-0.7736357323202011,-0.819041348938609
0.0,0.0,0.0
0.08046599966750094,0.036667473839117046,0.1532209083528161
0.0,0.0,0.0
0.0,0.0,0.0
-0.959286335582437,-0.6461108523958926,-0.9471882202415911
0.40733143885285766,-0.27089925997563696,0.3617914370911442
-1.5850474577615261,-1.5683915720108759,-1.6858627088133933
0.5275835829673645,0.5289078278474296,0.5276507861799069
-0.39672923308038877,-0.4003969830525584,-0.3791937082709663
0.10479614435004266,0.42689093094084085,0.12743769559168658
-0.8655899751713515,-0.6415994072853071,-0.838951319315718
-0.9916644940654264,-1.2667437428218804,-0.9858760336318516
-1.4894225800504175,-1.9033753219217435,-1.5196011648049894
-1.3480523808447646,-0.9872015157858395,-1.400148922994517
-2.1670345982010737,-2.6437025777507297,-2.538342756646179
-0.29285393385495534,-0.7094500466504509,-0.3126744147415088
-0.6931471805599453,-0.6931471805599453,-0.6931471805599453
-0.8238160258879405,-0.7982523903720372,-0.911316883530501
-0.9774710417476044,-0.9416536705720354,-1.098604460001666
-0.15976351038979944,-0.11268660153114293,-0.14228817334160168
1.4015396018345334,1.1919973483662634,1.4098683831061614
1.9321824392724665,1.3476861430069065,1.982518038105118
1.2818988865256904,1.1596050675079033,1.4377522333932915
0.9946880548497707,0.9444185034839527,0.9795602134063673
0.0,0.0,0.0
-1.468213464169188,-1.4696822734962198,-1.464411034679849
0.1602655185534987,-0.27936837958535077,-0.016587120750652863
1.2319578204346506,0.1041141373079899,1.2706119410332968
-0.9308622972493227,-0.4081678750334102,-0.898061958563684
0.29524628261122277,-0.2358680092638046,0.3557460691270481
0.528514697422543,0.5271915586736091,0.5284473705225652
-0.6777605788949622,-0.9041182031316095,-0.6927845531152667
-1.2044338762726745,-0.7586670279802213,-1.159899347378931
-0.7496122928091841,-0.6698769392508233,-0.942918133753297
-0.38948015521722085,-0.3843128183703638,-0.3691826572462855
0.0,0.0,0.0
-0.05721051073973091,-0.08105650735665418,0.017872408882358946
0.0,0.0,0.0
0.2953013284481864,0.27106083169651285,0.3828695130112195
0.0,0.0,0.0
-0.6924288953306468,-0.9258278754006972,-0.7082612297050777
-0.07443857697315368,0.1926274296531541,0.06386034450756486
-2.1058342838061406,-1.9596915686988303,-2.139093163861429
1.2421021827226026,0.41912058934295815,1.3721337413065051
-0.836783667732349,-0.5545442402703362,-0.9382244526889052
0.7963879906623116,0.09068454213272836,0.8459881379784646
0.0,0.0,0.0
1.2940426949570434,0.33095015656742144,1.4551595451432726
0.0,0.0,0.0
-0.6312325383838777,-0.27683558720545687,-0.606569659345549
0.11604451219548603,0.11604711847697458,0.12554587248872992
-0.6931471805599453,-0.6931471805599453,-0.6931471805599453
0.6894586426181896,0.7038309480700293,0.7227793192192523
1.2478848968494634,0.9392065746459036,1.2953145937562138
0.8579731545359658,0.38509445607047815,0.9096991564907022
-0.5564319847438928,-0.9895387811658714,-0.571311145745104
0.031013655382429384,-0.38509445607042614,0.0007253864246157516
-1.6692453604422246,-1.7656146057337085,-1.6665353541874508
-0.34471887872686147,-0.1762720557171676,-0.24393726195200202
1.439920252185754,0.7336443778305475,1.5359859750864964
1.4523744347086713,0.792540002657617,1.5624427948911492
-1.0513561992742195,-1.3015842168448657,-1.0736323613614556
-1.0541647188638188,-1.0531616749159687,-1.0541136701712353
0.0,0.0,0.0
-0.791327966873629,-0.4342554395730783,-0.842904976306192
0.9057569443306674,0.858064669461283,1.0543114993989449
-1.8359035139058253,-1.8172555239776524,-1.9274482042606602
0.2224186664754316,0.3640283882949095,0.3327610908535986
0.9057569443306674,0.858064669461283,1.0543114993989449
0.7235074357170048,0.737928575705355,0.7627272655576369
0.274394924343166,0.26618291219433354,0.4024426470520516
0.6225352913464989,0.06252967508194258,0.7476218753352588
-0.7544420740627045,-1.0825427974754112,-0.7889993496945077
-0.08690778605187624,0.14409176613137747,-0.11507771162218185
-0.9548978213198032,-0.9549274566648287,-0.9548991510064729
-1.2567557018096884,-1.1651409626404503,-1.254382563483538
-0.17914111760867768,-0.47185060188873024,-0.17745933781713324
1.424784953036923,0.4009838085188218,1.4435629211054437
-0.16463248313742393,-0.1659556218944231,-0.1646998100373687
0.8238160258855182,0.7982523903720921,0.9113168835330695
-0.8574083554234173,-0.8703499791217078,-0.8519599508655862
-1.1023293140059303,-1.5542494403330167,-1.158690511832823
0.993772399208325,0.4187691012518006,1.035957452244094
-0.6931471805599453,-0.6931471805599453,-0.6931471805599453
0.6268093163288103,0.16398738651171596,0.6786606386312697
0.6225352913464989,0.06252967508194258,0.7476218753352588
-0.09500576619399467,0.09312437836519104,-0.1612211677766364
0.0,0.0,0.0
0.0,0.0,0.0
-0.1182574379218648,-0.2136014383295441,-0.0873347466130281
0.0,0.0,0.0
-0.4273142383531691,-0.42601962834356377,-0.4272483648143607
1.535256637354111,0.8708494053064303,1.668780638574202
-0.6931471805599453,-0.6931471805599453,-0.6931471805599453
-0.6931471805599453,-0.6931471805599453,-0.6931471805599453
0.0,0.0,0.0
1.0075876496943053,1.0660721010071996,1.0611042685350927
0.0,0.0,0.0
-0.16463248313745404,-0.16595562186851015,-0.16469981003730808
0.0,0.0,0.0
-0.6931471805599453,-0.6931471805599453,-0.6931471805599453
0.5209637784787393,0.5592526027995564,0.5685983452221948
0.3303687178820909,-0.8382286417662668,0.37038390946172445
-0.677760578920504,-0.904118203131577,-0.6927845531207139
0.7140835815008894,0.02794529609951427,0.7571469074733662
0.5749859487134575,0.0932975339019384,0.6338965512973201
1.1136043457680616,0.340383618791919,1.1751071921923055
-1.175367485767566,-0.868906501764337,-1.2022393308950727
0.5159125387228388,-0.10357634852414348,0.47767405945040387
0.0,0.0,0.0
-0.29109949170708327,-0.7163691428687904,-0.29982627341362733
0.8238160258879405,0.7982523903720372,0.9113168835305011
0.2973629895107921,0.29365438896765744,0.314822274296249
1.0430971424849274,0.25879404697787517,1.106147413220551
-0.7386384223877525,-0.918593516245138,-0.7523764431797241
0.0,0.0,0.0
0.5044888498930912,-0.1339292909907534,0.5713391748842322
-0.3100803680906468,0.31839698570199665,-0.28582743566485835
-0.463406840543815,-0.4638977485153377,-0.4634318101541698
-0.1613100596344084,0.20850164271423044,-0.2143401353183126
0.050124073126145266,0.4731010647271109,0.15033282694071765
-0.6931471805599453,-0.6931471805599453,-0.6931471805599453
-1.7447783668543908,-0.8032859071470174,-1.7355236829921965
1.057969381393677,0.5389198109794405,1.1411281706310439
-0.6931471805599453,-0.6931471805599453,-0.6931471805599453
-1.2095109969911946,-1.0702690203888447,-1.3557265813401862
0.06510785687870103,0.06329381016288067,0.06501556036836909
0.9988079200187415,1.0487621958812599,1.0842457586351801
-0.8651062669125613,-0.10073982894250143,-0.8073440667250643
0.09558537101144998,-0.08161129212731084,0.12790167081193657
-0.27772787785787895,0.0028194274180115804,-0.21018494820902114
0.0,0.0,0.0
0.43324654130500356,0.40364351932580633,0.409371147231168
0.026986223599317415,0.036667473837642024,0.10085096710812293
0.0,0.0,0.0
-1.2574143048704176,-1.4596895610350455,-1.2696909731965886
-0.9041057270263355,-1.0360820237533561,-0.8603647448609518
0.7398119607479935,0.6766291352861047,0.673490229222145
-1.1016001564809512,-0.8048996520081879,-1.0740757908244754
-0.3861323514820218,-0.3555341359929174,-0.5081418967570386
-1.2114574591425162,-0.904118203131577,-1.2480591380918589
1.1506047488771307,0.43106459072317377,1.1974358461576173
-1.200148255823515,-0.8009111279387119,-1.2856194151944307
-0.6931471805599453,-0.6931471805599453,-0.6931471805599453
-1.3567716500697704,-1.3546937014847966,-1.3566659082864885
-0.6931471805599453,-0.6931471805599453,-0.6931471805599453
0.5635853132178873,0.43556755619313836,0.5466927695128804
1.6972015505855407,1.1926893504874359,1.7634536095641844
0.0,0.0,0.0
0.5285146974225062,0.5271915586715034,0.5284473705226694
-0.9592990637344503,-0.8093607293038328,-1.0212874751029697
-1.0169199196373124,-1.0745618040990623,-1.0218860562147236
-2.531308496145389e-14,1.9064305689471614e-11,1.2256862191860976e-13
-0.6931471805599453,-0.6931471805599453,-0.6931471805599453
0.0,0.0,0.0
-2.0901813685009594,-1.6995269283877317,-2.2294096858960435
0.4253544181014392,0.4258562220737715,0.3366423118827976
-0.5443927016329753,-0.6734881159637731,-0.5709877446697811
-2.3308886832425544,-1.8729298405290489,-2.363508025064341
-0.16463248313740744,-0.16595562187838753,-0.16469981003728623
-0.6931471805599453,-0.6931471805599453,-0.6931471805599453
-0.5305927322550137,-1.0338395856297682,-0.4886331280963379
-0.5014243718899885,-0.9319555821080138,-0.5675431394918995
1.4961579606681834,0.7256861541488995,1.6335092376003129
0.0,0.0,0.0
0.5285146974225028,0.5271915586692807,0.5284473705226288
-1.521005543736476e-14,1.0804690475646187e-12,-1.0880185641326594e-14
0.15232679935754,0.14403421425265853,0.16406633642180155
0.528514697422543,0.5271915586736091,0.5284473705225652
0.6319135664002992,0.7512577627807315,0.6971567893324652
-0.04778378985003463,-0.4729702133908517,-0.14461234291064098
1.0063616112769207,1.0071877661580084,1.0280018867181715
1.2826757692716237,1.262630419632527,1.3720527209816982
0.9521004544896517,0.544807265376087,1.054877593504514
0.9218871770902483,0.3273868716704004,0.9483426209688723
0.5280036062857943,0.823308227110088,0.5482706485843875
0.5275835829673645,0.5289078278394086,0.5276507861798801
0.49483443563958823,-0.20860750193114264,0.5486534539147128
-0.6931471805599453,-0.6931471805599453,-0.6931471805599453
-0.12118325856963734,-0.7980908186468112,-0.16665593343146018
-1.1043306625457128,-0.3498187753905197,-1.2158565463699507
-0.5283586310234328,-0.6006858398707156,-0.520201699420789
-1.0859575462006799,-1.057431491748939,-1.2529032352034977
0.6957563626781172,0.7010747172859502,0.6855751091958896
1.0924254203220023,0.5176221381903299,1.1513386231803195
-1.220730763527311,-1.222055008398061,-1.2207979667398838
-0.5275835829673716,-0.5289078278374536,-0.5276507861798607
-0.3637775714996478,-0.3716427962567732,-0.33789586234835073
-2.5202062658991372e-14,-2.6084689963602073e-12,5.240252676230601e-14
-0.4052263478181108,-0.40590464248832475,-0.4052608576005092
0.8211032348135973,1.057939692115537,0.9659328972586632
-0.34449745417462646,-0.36261330710250217,-0.3146485640181207
0.30530891568598234,0.32768111389315235,0.295826522324772
0.8061781135039942,0.32519618398124406,0.8448205488981292
0.0,0.0,0.0
-2.150733720159608,-2.130429549959374,-2.348595240284845
0.7625443009418033,0.7087399507129233,0.830501723187104
1.1641487587156676,0.5527297353444812,1.2877920989686562
-0.8608177205955202,-0.37341530598839984,-0.9095943565185912
0.5287717413234665,0.25153712303767395,0.534450517567453
0.26262157057498586,0.20367491957867112,0.37008273282656484
-0.9576858417863032,-0.9923094255555395,-0.9553757341077223
-0.6829427617351846,-0.3769266444592345,-0.7196117675740497
0.857973154524235,0.3850944560704262,0.9096991564955701
-0.16463248313745757,-0.1659556218876045,-0.16469981003730205
0.0,0.0,0.0
-0.6931471805599453,-0.6931471805599453,-0.6931471805599453
1.1543325986955808,0.7768879584974472,1.1958015220534517
-1.3422900504233441,-0.8330792811868996,-1.2952207025229112
-0.5248286168079113,-0.11651391951439674,-0.5554475551103825
-0.43800565409871006,0.09613781351445119,-0.38014807403544776
0.0,0.0,0.0
0.0,0.0,0.0
0.0,0.0,0.0
-0.6931471805599453,-0.6931471805599453,-0.6931471805599453
0.6988230210812258,0.31298286763667343,0.7444129295525684
-0.10211569319941237,0.11721585939046017,-0.11905119251548772
0.13066884532799516,0.10510520981209193,0.21816970297055574
0.13066884532592143,0.1051052098121659,0.21816970297096833
0.35430308733168697,0.4385782554271428,0.33950656624674513
-0.6931471805599453,-0.6931471805599453,-0.6931471805599453
0.0,0.0,0.0
-0.3270783623183222,0.05685912238700622,-0.2833132440196083
-0.5159645506425943,-0.8625418524775765,-0.5880229069238645
-0.40344263621998017,0.2536252615073663,-0.3842502244962923
0.0,0.0,0.0
-0.6931471805599453,-0.6931471805599453,-0.6931471805599453
0.0,0.0,0.0
0.26921336036508725,-0.2500749614345595,0.3265724125251547
-2.39102141058244,-1.4617491816904198,-2.490925621515296
0.5679615746221204,0.6568510076432716,0.5757310092450761
-1.482894925823317,-1.4409560183318146,-1.6320822588760266
0.8958409934305408,0.8979484854692976,0.8959479598455505
0.0,0.0,0.0
0.9655034386329225,0.3086774248696456,1.0158491374413186
0.1737469287496911,-0.07213608670661552,0.1794890392707615
0.8579731544986584,0.38509445607041576,0.9096991564891211
-0.6931471805599453,-0.6931471805599453,-0.6931471805599453
0.7527663279007951,0.7486925836636362,0.814594871041581
0.13005655998415905,0.6736915596780843,0.19472932842325116
0.5285146974225179,0.5271915586682002,0.5284473705226397
0.479865690964553,-0.5255162511731737,0.5917183145590177
1.8658109762781336,0.864170329239715,2.1063575093667035
-0.8238160258706887,-0.798252390372094,-0.9113168835338535
-1.2797303244374596,-1.682737088907236,-1.4247657463667989
0.06383132502061012,0.06564676693932382,0.06392346551831797
-0.46340684054382203,-0.46389774851160415,-0.4634318101541484
0.7485878297760594,0.7529073831350775,0.8071059915361739
-1.366941109494315,-1.3752714178796208,-1.3081192007150604
0.0,0.0,0.0
0.0638313250206045,0.06564676694038846,0.06392346551830026
0.8238160258739211,0.7982523903720761,0.9113168835261933
-1.5306542601741966,-0.43483739004742716,-1.5141922165744606
-0.6931471805599453,-0.6931471805599453,-0.6931471805599453
-0.6931471805599453,-0.6931471805599453,-0.6931471805599453
0.0,0.0,0.0
-0.928906125584019,-0.9296902261113138,-0.9289459086954877
1.0548586383289946,0.8778476198189447,1.0666742422358557
-0.6931471805599453,-0.6931471805599453,-0.6931471805599453
-0.5285146974224912,-0.5271915586841891,-0.528447370522575
0.7317766869082121,0.322618454057537,0.7010733941408303
-1.22073076352734,-1.2220550084085833,-1.2207979667398876
-1.0480559499417033,-1.0499246197533119,-1.030436361779987
0.09649673462525202,0.053464445861508426,0.17488414876242742
-0.6931471805599453,-0.6931471805599453,-0.6931471805599453
-0.82381602587718,-0.7982523903720165,-0.9113168835200224
-0.6931471805599453,-0.6931471805599453,-0.6931471805599453
-0.9660961090660249,-0.638467967236318,-1.0517385246127
0.5285146974225022,0.5271915586755811,0.5284473705226339
-1.8834826539867993,-1.4860498602725136,-2.142896276361935
0.2039114309351222,-0.3353364471454189,0.16447388488736453
-0.2651907460391878,0.05780785169464718,-0.2433921771070493
0.3630257743186548,0.4350090585085677,0.443008273302245
-0.6931471805599453,-0.6931471805599453,-0.6931471805599453
0.9331621534155575,0.9069376300864868,1.059492522804559
0.5591780800076258,0.41155940413676795,0.6040518014700668
0.9884095806412028,0.9661147463712235,1.1736722542109832
-0.5921894109714904,-0.26655294274863445,-0.5476607004144695
0.20417571465894627,0.2020698018834442,0.20406857156614966
-1.3567716500697704,-1.3546937014847966,-1.3566659082864885
-0.03101365533876195,0.3850944560704375,-0.0007253864153385706
-2.2139412419780355,-1.3835748512322337,-2.3280486877394333
-0.5795819550865798,-1.1019137132076724,-0.6174927737643451
1.0459156061414017,-0.04693595943153424,1.1234252239675824
1.8822898434719895,1.446950589058947,1.9820936234639568
-0.6931471805599453,-0.6931471805599453,-0.6931471805599453
-1.5002853993175835,-1.2691848369673757,-1.5373283466758259
-0.8559991513436621,-0.8148136559622213,-1.025556297311253
-0.20755812382926975,-0.1732628157405331,-0.16748338285301137
-0.6931471805599453,-0.6931471805599453,-0.6931471805599453
-0.3519646303138675,-0.6203263083508245,-0.4903293065819916
0.5846752787312111,0.4578578401274538,0.5769021900435786
0.7814964031954769,0.7736357324912351,0.8190413495145646
0.06383132502062845,0.06564676693759754,0.06392346551823028
0.7201334041592627,0.7298146543975873,0.7939981476680682
-0.5285146974225213,-0.527191558665522,-0.5284473705225767
-0.6792459944812734,-0.3910813355657563,-0.7195293873345646
-1.6568963926472187,-1.5069004614958967,-1.8180764747270621
0.0,0.0,0.0
-0.04191829695933499,-0.06929465800593844,0.0033182197184534338
0.9119907687154386,0.4100404443543751,0.9721397384620136
-1.7237625845449314,-1.2527668830142327,-1.7583550221785733
0.0,0.0,0.0
-1.1257687808552275,-1.2997314111002383,-1.2430340716602803
-0.8419223090515593,-1.1205705827526709,-0.8604640236472897
1.802148973509113,1.2600409934848857,1.9915667996479378
0.17390541517610741,0.12656488397406876,0.26490598232930024
-0.6931471805599453,-0.6931471805599453,-0.6931471805599453
0.7453252354359757,0.745676779638097,0.8452965451997829
-0.06865526258680336,0.0076597880797424685,-0.07207282039571514
-0.6931471805599453,-0.6931471805599453,-0.6931471805599453
1.2093219127555161,0.5378351103526618,1.2642201905071695
0.15122570873866334,-0.12760838335896316,0.13119779049805078
0.0,0.0,0.0
-0.36377757149656426,-0.3716427962567631,-0.3378958623441272
-0.6931471805599453,-0.6931471805599453,-0.6931471805599453
-0.823816025854135,-0.7982523903721509,-0.911316883528482
0.0,0.0,0.0
-0.38440718574808463,0.11886738348511444,-0.44448895228210183
-0.677760578922285,-0.9041182031315588,-0.6927845531210306
-1.5511203351263605,-1.078241636630328,-1.6028463370510357
0.03101365544081799,-0.38509445607042553,0.0007253863987811789
-0.36377757149589546,-0.3716427962567346,-0.33789586234523405
-0.6931471805599453,-0.6931471805599453,-0.6931471805599453
0.0,0.0,0.0
0.0,0.0,0.0
-0.5283586310234328,-0.6006858398707156,-0.520201699420789
0.0,0.0,0.0
-0.377113063129386,-0.38776798383509387,-0.35553533807772786
-1.7708511725936278,-0.5991954949009088,-1.7898853839841569
0.5285146974225001,0.5271915586709689,0.5284473705226891
1.0075876496943053,1.0660721010071996,1.0611042685350927
-1.060267561599552,-1.0668160667782915,-1.0464338608938097
0.0,0.0,0.0
0.0,0.0,0.0
-0.18562198983628592,-0.3673045429240894,-0.28652587993151807
0.1134346308118359,0.09213459746911959,0.1187886117281914
0.0,0.0,0.0
-1.0858686680492304,-1.0833807247994613,-1.0483300439479293
0.8579731545101686,0.3850944560703881,0.9096991564867339
0.0,0.0,0.0
0.8766753965575882,0.6751563505613296,0.8862859158345174
-1.2630200587930744,-1.57626916303971,-1.267417565449225
-0.9548978213205657,-0.9549274561928762,-0.9548991509943452
0.3574288409492252,0.609061277730956,0.4314685559891171
-1.0169199196373124,-1.0745618040990623,-1.0218860562147236
0.7336074716834734,0.33533644713561944,0.7924205249178224
-1.501036915848261,-1.7770956523727879,-1.5198702568201345
-0.3060927974856848,-0.29490992334930805,-0.289734275174051
0.37344308439490914,-0.1146084184401649,0.48809418743345506
-0.7169886356618567,0.06814217603730327,-0.7432063372478207
0.0,0.0,0.0
-0.42329819240920213,-0.1848566905377084,-0.5044172406630748
-0.3484399785906581,-0.3869465287491533,-0.31936771934552494
0.528514697422502,0.5271915586660353,0.5284473705225684
0.528514697422502,0.5271915586660353,0.5284473705225684
-1.175367485767566,-0.868906501764337,-1.2022393308950727
-0.22144330318374136,-0.07764124054328961,-0.24281655050170176
-0.5377516443378519,0.548079120650182,-0.46467752305740734
-0.5275835829673581,-0.52890782783613,-0.5276507861799307
0.0,0.0,0.0
1.5217541769585985,0.8614016454273038,1.6390820805525914
0.9954843943813431,0.6092283123244316,1.0533008408366018
-1.7486542232748237,-1.3656769730055223,-1.789379302830546
0.39416808524606545,0.39686779541646006,0.48417346318116666
0.0,0.0,0.0
0.24548770175666865,-0.27071152783813196,0.30972557475125395
-2.0114096232681415,-1.968147577000934,-2.1605296294107488
-0.6924288953306468,-0.9258278754006972,-0.7082612297050777
-1.1191209875447354,-1.1170512721110835,-1.0756669934310392
-0.6931471805599453,-0.6931471805599453,-0.6931471805599453
-0.6931471805599453,-0.6931471805599453,-0.6931471805599453
-0.46829603510468293,-0.7264503281107717,-0.5513602514222038
-0.7145057896394086,-0.7934863777156471,-0.6353292757566001
0.8236312607399261,-0.14553468668706107,0.9138123684490757
-0.031013655344983793,0.3850944560704097,-0.0007253864089121585
-0.2743956745639173,0.10992388607490493,-0.28851846612522386
0.0,0.0,0.0
-0.11632019572827766,-0.2424042739805914,-0.013896068120890757
0.06383132502064491,0.06564676693520065,0.06392346551814675
0.9937724001901781,0.4187691012595927,1.0359574544468593
0.7572295012894485,0.12836739934019484,0.8943985486059015
1.0932296508497892,1.0711620005083737,1.3004742737038024
-1.4617670187897913,-1.0429037330584985,-1.4995817411323633
-0.528514697422527,-0.5271915586686003,-0.5284473705225164
-1.2207307635272933,-1.2220550084112207,-1.220797966739804
0.5275835829673725,0.528907827838827,0.527650786179908
0.13501084893307438,0.05661743420359282,0.21828541519157682
-0.46340684054381887,-0.4638977485073698,-0.4634318101541779
1.4887036983769217,1.4882651263529558,1.5271373371896158
0.5157010252378874,0.9226755662920958,0.546310003088584
0.5687937889223054,0.5255547498766404,0.6854128216835416
-0.3305450660934827,0.29599500452810934,-0.3320659593122542
0.0,0.0,0.0
0.48078998230786274,0.47847505313420624,0.48356461949222646
0.48078998230786274,0.47847505313420624,0.48356461949222646
-0.3195993138747161,0.15006000836188257,-0.270126135955487
-0.2670095758456011,0.3141664864324396,-0.25277032017699624
0.101844204283565,-0.3251961839815435,0.07759213753094174
1.5254741619610908,0.919876032437817,1.5676875049456644
-0.2944565455761064,-0.29605148807701037,-0.25079056272411
1.5474317971843412,1.0889254041404548,1.6324784757086412
0.05306749130844467,0.4187691012527153,0.07615897937722926
0.0,0.0,0.0
0.0,0.0,0.0
0.3637345948853266,0.4578578401307837,0.3540927781754362
-0.6931471805599453,-0.6931471805599453,-0.6931471805599453
-2.5876136767682323,-2.271570214347046,-2.7285385589860027
0.5285146974225062,0.5271915586715034,0.5284473705226694
-0.6931471805599453,-0.6931471805599453,-0.6931471805599453
-0.6931471805599453,-0.6931471805599453,-0.6931471805599453
0.0,0.0,0.0
0.0,0.0,0.0
0.7236788970018001,0.6214353306689883,0.769829023543725
0.5275835829673945,0.528907827848638,0.5276507861799424
0.36040918532313343,0.3343546418625985,0.44788507337676153
-2.5635452264601453,-2.0914530422625104,-2.732383555186954
2.5952686704579015,1.702099379130738,2.796800710402614
-0.8238160258855182,-0.798252390372092,-0.9113168835330696
2.140648923807589,1.6477248757030052,2.2817518774724004
0.6225352913464989,0.06252967508194258,0.7476218753352588
-0.7408052428924347,-1.0022027130575935,-0.7763204149110874
0.204215208395627,-0.25115287643551104,0.15486553734008576
0.0,0.0,0.0
-0.5643993890958523,0.08149351128849464,-0.4536563704186706
-0.05760625962949484,-0.08523125818977113,0.046496083041354434
1.225233099448981,0.917706530973866,1.2717985261589233
-0.22858991816499855,-0.5131126333865104,-0.27233200650804146
-0.6931471805599453,-0.6931471805599453,-0.6931471805599453
-0.6931471805599453,-0.6931471805599453,-0.6931471805599453
-0.6931471805599453,-0.6931471805599453,-0.6931471805599453
-0.04417751955823949,-0.33903749887161855,-0.06168847257983591
0.0,0.0,0.0
-2.196844295780116,-2.447125486119142,-2.392546211182438
-0.652908561807256,-0.873078748094278,-0.6638395355269948
0.05372940020341376,-0.018907108082540102,0.06419614407638911
0.9655896577125321,1.367978391921562,1.1384001810443811
0.13066884530172662,0.10510520981212151,0.21816970297088584
-0.5289581770830354,-0.25934455507880055,-0.5816855169567078
-0.9442705381150661,-0.8971866107479353,-1.059629895408847
0.0,0.0,0.0
-0.8759282321950688,-0.43976282290093865,-0.9540917367457852
-1.3301649944294636,-0.95871668072617,-1.3691872600850319
0.0,0.0,0.0
0.1243656828446299,0.04975800893478743,0.11727863156990839
0.5275835829673581,0.5289078278361299,0.5276507861799308
0.9548978213205461,0.9549274561759907,0.9548991509942936
-1.7067355767888956,-2.057464370326118,-1.8642998769144883
-0.6931471805599453,-0.6931471805599453,-0.6931471805599453
-0.6931471805599453,-0.6931471805599453,-0.6931471805599453
-0.5585972383307191,-0.14381337178367984,-0.5283761725777291
0.2868268892320293,-0.3101655822405852,0.2818519121502965
-0.11803825286580409,-0.22286444597408459,0.13078526172296845
0.8238160258616719,0.7982523903720669,0.9113168835308312
-1.7929536128533474,-1.7895629556216335,-1.792780972161193
1.8643347657870892,1.3922822222283966,1.9377010432049058
-1.75873708816245,-1.3152473442892991,-1.8209615027533665
0.0007164519576730649,-0.0013180239932909564,0.0006128767203966097
0.0,0.0,0.0
0.29708033900717584,-0.1599784689652298,0.3367323771000071
-0.7603094667367605,-0.7591536375011604,-0.8239225192077353
-0.8639374722595906,-0.8635556744961248,-0.9807570412943063
-1.2395270579975237,-0.4234269365310698,-1.357717328471161
-0.4627423569416374,-1.198169606991155,-0.5073654854950317
0.5275835829673594,0.5289078278363488,0.5276507861799123
-2.4241675797953977,-2.069290430733715,-2.4503745568357393
0.2818973572159182,0.26334515377409173,0.4516301565935943
0.0,0.0,0.0
0.5369769728605988,-0.3199588070439487,0.5924772991640254
0.6995333207103146,0.6684251576562358,0.8145379655290397
0.09110899517771825,0.062392130302217956,0.12613825626970843
0.0,0.0,0.0
-0.1646324831374272,-0.1659556218779457,-0.1646998100374268
-0.5792654873142711,-0.7276113393649327,-0.5967189877308128
-0.4634068405438261,-0.46389774850571974,-0.46343181015414736
0.0,0.0,0.0
-0.8619950330776304,-1.3086631041623689,-0.9333676166256755
-0.4052263477500836,-0.4059046370262188,-0.40526085776085097
1.7267824967658272,1.7666321348319074,1.8477628845645526
0.528514697422511,0.5271915586722483,0.5284473705226108
-0.6931471805599453,-0.6931471805599453,-0.6931471805599453
1.3513996088515263,1.3271602182082032,1.438967669712916
-0.6931471805599453,-0.6931471805599453,-0.6931471805599453
1.3513996088445765,1.327160218221329,1.4389676697000071
0.6045825735062748,0.4015692182130833,0.6649059515413962
2.0194915410993195,1.3329339537171545,2.1607498368513087
0.06383132502063617,0.06564676693070735,0.06392346551832921
0.2605291753878491,-0.6373703827949594,0.30558791679873515
-2.305824229968567,-1.4003499466439104,-2.4075622822370004
0.5136234298374768,-0.30805272448954285,0.57154735148324
0.3112697261576831,0.30997250986658914,0.30170249232563073
-0.6931471805599453,-0.6931471805599453,-0.6931471805599453
-0.5697259572916791,-0.6044031015431605,-0.5280400213055448
-0.27799014090893664,-0.28410176285025474,-0.2638194009290265
0.7194982726728946,0.006342540937380173,0.7888983254584023
-0.6931471805599453,-0.6931471805599453,-0.6931471805599453
-0.6931471805599453,-0.6931471805599453,-0.6931471805599453
0.0,0.0,0.0
-0.48923574962482314,-1.0284836277053642,-0.5286732956725808
0.0,0.0,0.0
-0.6124396685419264,-0.5926869473741675,-0.8169096542115758
-0.9317539543293106,-0.9222507863831397,-1.0093703223751547
0.3398307613753328,0.7768879585344062,0.36506689147136834
0.0,0.0,0.0
-0.6931471805599453,-0.6931471805599453,-0.6931471805599453
0.26104032961227397,0.7162276433152901,0.2779645660344835
-0.5060348317881572,0.04747637711691977,-0.4644262886147724
0.528514697422508,0.5271915586803162,0.5284473705226236
-0.15571364663120935,0.7672683678810386,-0.14267189383327797
-0.7880979277639852,-0.9600031200030976,-0.8427791945475888
0.0,0.0,0.0
1.4781172527823399,1.053825857749476,1.5766055082322177
0.5275835829673675,0.5289078278393381,0.5276507861798942
0.0,0.0,0.0
0.8579731544923529,0.3850944560704375,0.9096991564868434
-0.2277805692396103,-0.5146044617034295,-0.271639595331035
-0.5888257898403014,-0.6536210474741334,-0.6500804350953873
-0.6931471805599453,-0.6931471805599453,-0.6931471805599453
-0.5601425230671366,-0.6633916786690324,-0.5690595251310143
0.0,0.0,0.0
0.0,0.0,0.0
0.16473712592186904,0.15554876243023422,0.19055150817597374
0.24907560331295184,0.22767815128405725,0.3667098103398295
-0.6931471805599453,-0.6931471805599453,-0.6931471805599453
0.39915654066731376,0.1459690506348005,0.4522279499719552
0.9317772804307317,0.8244180789356856,1.0356537119400335
-0.5598679048254869,-0.6457995758909245,-0.5675713549590633
0.5289581770830353,0.25934455507880066,0.5816855169567078
0.12688119902508221,0.4153240471056722,0.15905095641160746
-0.6271241459537852,-0.8522840182134986,-0.6340835190796215
0.0,0.0,0.0
-0.7146934451974355,-0.8747360722237967,-0.7187256662996324
-0.3596507400669408,-0.3622295805585937,-0.34045984197841117
1.225233099448981,0.917706530973866,1.2717985261589233
-0.051199619333001344,0.04848777560836977,-0.06616515519015113
-0.003688537941755737,0.010683767510083994,0.029632138659306997
0.0,0.0,0.0
0.3124477613600915,0.7472947657059656,0.36454050376092645
-0.4634068405438194,-0.4638977485132897,-0.46343181015414064
0.0,0.0,0.0
0.6699192372749964,0.3600514707974939,0.7893071315864414
-2.0846050321353893,-2.5842093714151577,-2.189732568214496
-0.5280036062857744,-0.8233082270967303,-0.5482706485843681
-0.5469782059875781,-0.47744739640716677,-0.5887482933327768
-1.5507157426254403,-1.0789878411093552,-1.6025001910328747
-0.6931471805599453,-0.6931471805599453,-0.6931471805599453
0.0,0.0,0.0
0.21657126042162944,-0.2998218799657328,0.18579015659080303
-0.6183181426511974,-1.1486317342540302,-0.6243534872233433
0.38797303112451886,-0.28465307031760206,0.5263807133341921
0.0,0.0,0.0
-1.344791423005763,-1.1106208292799529,-1.4260924047865924
-1.253289703627082,-1.3565388592289778,-1.2622067056909596
0.8958409934305408,0.8979484854692976,0.8959479598455505
-0.8774292482957521,-1.155211245298527,-0.892248162370643
-0.12887789088917406,0.30871377930104305,-0.08645112982564768
0.09351924207750335,-0.023871117556445602,0.15844068978204276
0.49483443563958823,-0.20860750193114264,0.5486534539147128
0.0,0.0,0.0
1.2545438171310257,0.5343470690251305,1.3346735235080551
0.0,0.0,0.0
0.0,0.0,0.0
0.4264032072874832,0.4276988787248638,0.42646896207087476
-0.029585887076474734,-0.07833978704088267,-0.04244334393906024
-0.6931471805599453,-0.6931471805599453,-0.6931471805599453
-0.5551418582716422,-0.6809116669420916,-0.5247398319294786
-0.7908133053668767,-0.5830250039224633,-0.6881162256112511
-2.4007615920015546,-2.858452708908232,-2.600988445520284
0.11744428118372228,0.39443808639196837,0.18025034941647006
0.4468643165135246,-0.3552138728501585,0.48271738990321095
-0.49812497055580834,-0.31951102379166546,-0.5262395148629225
0.0,0.0,0.0
0.0,0.0,0.0
0.0,0.0,0.0
0.0,0.0,0.0
1.1572354628907906,1.1777523703906572,1.2498583629582483
0.6672253716298902,-0.19205935722531514,0.7143207352390724
0.024458300958396063,0.8931781791939617,0.16238867706402113
-0.39660214348783707,-0.46418232775142115,-0.3920768102951907
0.0,0.0,0.0
0.37863829932524856,0.3723996957878027,0.5619753471414252
1.068287619883656,0.6393518967305264,1.1409551850985236
0.0,0.0,0.0
-0.8374127851128537,-0.8289011483211556,-0.9024031300586484
0.5289581770830353,0.25934455507880066,0.5816855169567078
0.0,0.0,0.0
0.4273142383521929,0.4260196280471043,0.4272483648266635
0.5275835829673745,0.5289078278352899,0.5276507861799232
0.0,0.0,0.0
-0.7241181094229758,-0.2702450762950199,-0.7245171780207588
0.3250966071602449,0.30776299030181764,0.5313434748387033
0.0,0.0,0.0
0.1379465425161671,0.6340338847517972,0.19568767871672643
0.09057311185903465,0.10390180509593899,0.12589904875349472
0.5886634032076183,0.7175782801287599,0.6998849250129676
-1.026039957582004,-0.2125450159707799,-0.9118603576833104
0.9611201154095572,0.9593572985055262,0.9994865510097091
0.0,0.0,0.0
0.5185137579685252,0.19693117682138891,0.5140228580221788
-1.7590126145723568,-2.1263350995219663,-2.0259556069492244
0.4499990294672258,-0.48681679438894976,0.5646038595078553
0.6545529053977315,0.6557416484287762,0.6515347599799216
-0.527583582967378,-0.5289078278325579,-0.5276507861798602
0.9798002896028054,0.5393054835077221,1.1361817022509502
0.0,0.0,0.0
0.0,0.0,0.0
-0.3115547612902806,-0.31133367272171086,-0.3058075691953271
1.4523744347086713,0.792540002657617,1.5624427948911492
-0.6002188829424454,-0.6619300432758395,-0.6058442729308345
-2.4261698310581936,-2.4622087098184746,-2.5240563002813454
-0.16624164114830886,0.07284025938411819,-0.20472840116598834
0.440239947456516,-0.05768758726028213,0.4946918702962232
-0.8579731544986585,-0.3850944560704157,-0.9096991564891211
-1.5924570194727696,-2.0995167964744756,-1.698202072658235
-0.22604270867752596,-0.27763650491424596,-0.24123775333346575
-0.11022802661097622,-0.43461740126879095,-0.1395874258687535
1.1603928546399902,1.0431881244693029,1.2158706733284756
0.0,0.0,0.0
-0.15485148962050088,-0.48857455581297843,-0.1394592025105753
0.0,0.0,0.0
0.4603030791266552,-0.2072701039510579,0.5176835355458995
0.8238160258841682,0.7982523903720732,0.9113168835329852
0.7779658889986681,1.4518734378462168,0.9102446169548065
0.0,0.0,0.0
-1.4804991223128043,-0.8517658795052959,-1.6676450408987165
-2.5539035261735874,-2.5101239375591664,-2.65918429861814
0.0,0.0,0.0
-1.6772297562673135,-1.6678834425851115,-1.8129770258747004
0.0,0.0,0.0
-1.3503146835444761,-1.326078907024625,-1.5034593349694323
1.2995611393300395,1.2736371941281424,1.3745383171688472
-0.10800884457887225,-0.40468426580625044,-0.12561193809815194
-1.3156467775824632,-1.4289706324184357,-1.3020710067814651
-1.379133185483536,-0.9182728942379806,-1.4175492352102101
-0.3568019271684492,-0.3055926280618296,-0.3831620791097449
-0.373919424141425,-0.2864709243257419,-0.3245616319410699
0.21805424542686663,0.21123937611226726,0.23463375985444218
0.1109056620157222,0.2627267592254978,0.14028518478489727
0.7418896412881133,0.7579955600732047,0.806199865879171
0.26772521208052086,0.17335272803996446,0.29373369730876336
0.7936557266281212,0.7379981611845506,0.8572562206079092
-1.2134558643938402,-0.8971843720823555,-1.2479844232721689
-0.33634525339149607,-0.3875545524981158,-0.3099851014502003
-0.6931471805599453,-0.6931471805599453,-0.6931471805599453
-0.6931471805599453,-0.6931471805599453,-0.6931471805599453
0.5768630940948767,0.7251420233546891,0.6064460415640861
0.8238160258706886,0.7982523903720941,0.9113168835338535
0.0,0.0,0.0
1.2940426949570434,0.33095015656742144,1.4551595451432726
-0.30701482907792355,-0.3376130445670279,-0.18500528380290668
-0.7267394939776118,-0.639293784444058,-0.7076691228338612
0.7669955134021921,0.018157904373787063,0.9299244226160385
0.0,0.0,0.0
0.0,0.0,0.0
-0.10074963917690574,-0.3092838125272434,-0.1566221075339334
0.08046599966750094,0.036667473839117046,0.1532209083528161
1.6817891803795018,1.1833468464425188,1.8210160400215771
0.0,0.0,0.0
-0.03285229660405649,0.02231202571873886,-0.036493653759344706
0.49750104202359813,0.9122860147427265,0.5277219840868858
0.781496403108348,0.7736357323202011,0.819041348938609
0.0,0.0,0.0
0.6545529053977315,0.6557416484287762,0.6515347599799216
0.0,0.0,0.0
0.4603030791266552,-0.2072701039510579,0.5176835355458995
0.6652593524989368,0.5569324552105053,0.7052362460812908
0.2400149728556122,0.21379044952654147,0.3663453422446137
-0.5821817929613181,-0.9867193376994358,-0.7894473786737926
-1.6455752407696398,-1.3706411691561158,-1.7338300793883692
0.0,0.0,0.0
0.0,0.0,0.0
-0.3646593218184246,-0.3402997924324613,-0.45117728120573025
-0.7665443654527039,-1.0180464997623735,-0.8131208800709395
0.5275835829673835,0.5289078278357049,0.5276507861797998
-0.9592990637344503,-0.8093607293038328,-1.0212874751029697
-0.13043417236882668,-0.2967995371490713,-0.028077679177024084
0.0,0.0,0.0
-0.6777605788740322,-0.9041182031315529,-0.692784553125768
0.7768204621597568,0.3046523953397371,0.8019019877786026
-0.9913358409141303,-0.9921688887447715,-0.9913781068415691
-0.04062201882184153,-0.17636244461407236,0.04827495746900466
-0.3305450660934827,0.29599500452810934,-0.3320659593122542
0.2008411943520378,0.28318212082620436,0.22244432788871732
-0.5285146974224948,-0.5271915586711742,-0.5284473705226044
0.1329458381284833,0.06243496328795116,0.14359357081657945
-0.6931471805599453,-0.6931471805599453,-0.6931471805599453
-0.6931471805599453,-0.6931471805599453,-0.6931471805599453
-0.6931471805599453,-0.6931471805599453,-0.6931471805599453
0.0,0.0,0.0
0.0,0.0,0.0
0.222973496587268,-0.34732879926715055,0.381292616601035
-0.6931471805599453,-0.6931471805599453,-0.6931471805599453
-0.6931471805599453,-0.6931471805599453,-0.6931471805599453
-0.6931471805599453,-0.6931471805599453,-0.6931471805599453
-0.8104524478537124,-0.35464897467928597,-0.843181473864874
-0.0008093489253882085,0.0014918283169191888,-0.00069241117700644
0.0,0.0,0.0
-1.5505555198634786,-1.437546174816169,-1.618986006364775
0.798566037470375,0.9318501816563984,0.8302520132488872
-0.4959361227280368,-0.5999819220860938,-0.48033200225992084
-1.0667683540874338,-0.35880182866361016,-1.0170548343598609
0.40733143885285766,-0.27089925997563696,0.3617914370911442
-0.95739592524229,-1.3512092024417017,-1.1729468677752584
0.06383132502059617,0.06564676696646615,0.06392346551831254
0.03481446883970598,0.02480512034794798,0.0972866551069791
-0.918522604618448,-1.2136558559372082,-0.9527690014311042
0.26262157057498586,0.20367491957867112,0.37008273282656484
0.2679729348496119,0.2662101179455809,0.3063393704497638
-0.031013655405152774,0.3850944560703967,-0.0007253864021218847
0.0,0.0,0.0
-0.8001183596461955,-0.44602895205358023,-0.8318496088131963
0.0,0.0,0.0
-0.7658896267889183,-0.921831341023535,-0.7877399512566958
-0.7676744976855919,-1.266966493426958,-0.8150894324369915
0.0,0.0,0.0
0.6499907945756028,0.08473647957298727,0.7877733363495605
-0.6931471805599453,-0.6931471805599453,-0.6931471805599453
-0.12887789088917406,0.30871377930104305,-0.08645112982564768
-0.4488413753364003,-0.4266981303636614,-0.6179601602216727
-1.245250174068891,-1.2115217252121564,-1.3532541137163119
-0.6931471805599453,-0.6931471805599453,-0.6931471805599453
0.12688119902508221,0.4153240471056722,0.15905095641160746
1.5043300367476204,0.6972461164582845,1.7033950374761655
0.0,0.0,0.0
-0.6931471805599453,-0.6931471805599453,-0.6931471805599453
0.8579731545203523,0.3850944560704206,0.9096991564953941
-0.07609971100969708,-0.07429246869951209,-0.07600798454878292
-0.6931471805599453,-0.6931471805599453,-0.6931471805599453
2.2956253383873793,1.479526323039597,2.4138154851737204
0.5275835829673581,0.5289078278361299,0.5276507861799308
1.494824088351171,1.045200673297307,1.626988196941087
0.25955231787816524,0.6971590605900257,0.2373019537483615
-0.8683032834913857,0.13341427190556795,-0.7739469299497302
0.0,0.0,0.0
-1.5204362353888417,-1.5182808658497629,-1.5203265511994675
-0.3305450660934827,0.29599500452810934,-0.3320659593122542
-0.17278728716180927,-0.18463154547898256,-0.2278086839288268
-2.7029174708763586,-2.6634604575628047,-3.0425770744770615
-0.6931471805599453,-0.6931471805599453,-0.6931471805599453
-0.424441757667191,-0.0291871879926997,-0.36494451370915637
1.2440662463212158,0.8803595701460211,1.3016567685865679
0.5275835829673657,0.5289078278381156,0.5276507861799388
-0.1646324831374391,-0.16595562188844198,-0.16469981003727588
-1.0333692217622263,-1.1381438277721796,-1.0209359578052017
1.0218014565261535,0.9741117879382576,1.1798573718876746
-0.7386384223877525,-0.918593516245138,-0.7523764431797241
1.0004901866204932,0.8357929845191736,1.026708937239305
0.0,0.0,0.0
-0.6931471805599453,-0.6931471805599453,-0.6931471805599453
-0.7962399095030389,-0.7005442867219641,-0.822181067831282
-0.6931471805599453,-0.6931471805599453,-0.6931471805599453
-0.6777605789215088,-0.9041182031315691,-0.6927845531286682
0.7812140443808879,0.296391600605926,0.8088567366128572
-0.5275835829673644,-0.5289078278394087,-0.5276507861798803
0.9119907687154386,0.4100404443543751,0.9721397384620136
1.4472117126164714,0.9102992414546042,1.6675030540847915
-0.8059304457494,-0.7247944881729429,-0.8849972754428217
-0.5186036342630209,-0.5310981531351927,-0.47101087109280404
0.1373684688660855,-0.5075981772113806,0.21805249454948633
-1.2381988094222753,-1.23969578451003,-1.2382747668293148
0.0,0.0,0.0
1.3172274981525618,1.2755194542688835,1.3956821155022796
-0.5275835829673625,-0.5289078278385945,-0.5276507861799528
0.0,0.0,0.0
-1.5249373233527614,-1.5078841983150888,-1.648457126671029
0.6567430443996661,-0.2976826383758457,0.7568066125138798
-0.9548978213205271,-0.9549274561822766,-0.9548991509942855
0.8238160258841682,0.7982523903720732,0.9113168835329852
-0.6976923757398107,-0.8728487691418131,-0.6999843595123931
-0.5957458614862522,0.22440108025172306,-0.5820341845435916
-0.9116432641533514,-1.2046383408051848,-0.9389129957218755
0.0,0.0,0.0
-0.2860601742690256,-0.2921947783629238,-0.2707946777909144
0.7989720497193837,-0.10073982894250107,0.8625949226049092
-1.7728337570362585,-1.7404295530662244,-1.8809048998961504
0.5688493680211201,0.6705428666721457,0.5763902354124205
0.0,0.0,0.0
-1.0807979326580766,-1.2051460686320068,-1.253556889620458
-0.8759282321950688,-0.43976282290093865,-0.9540917367457852
-1.0943667708307827,-0.49623174351237825,-1.159503144141678
-0.32209504290695984,-0.3243631268347823,-0.28843854457879003
-0.18341727231339205,0.23121439970644703,-0.15866946020364064
0.6869372733106703,0.9725570596431103,0.7317791976561976
0.0,0.0,0.0
-0.46477351963892655,-0.2642412814239311,-0.4400297415975438
0.25955231787816524,0.6971590605900257,0.2373019537483615
0.8152427509476519,0.8166352229434184,0.8153131899902676
0.0,0.0,0.0
0.0,0.0,0.0
-0.6931471805599453,-0.6931471805599453,-0.6931471805599453
1.2671285082794719,0.638831093944589,1.3808480041874653
0.8090522036280332,0.11195182386504776,0.8671522243521583
-0.584675278731211,-0.45785784012745384,-0.5769021900435786
-0.4847889233253048,-0.0924663905966168,-0.42572812454195536
0.0,0.0,0.0
0.0,0.0,0.0
-1.7382499646075735,-0.6717230038630451,-1.6823482648700379
-0.16463248313744774,-0.165955621887548,-0.16469981003731712
-0.07669277984542497,-0.0062881715731601074,-0.28007013720994944
0.57807059104693,0.1782064455151932,0.5254387201144861
-0.6931471805599453,-0.6931471805599453,-0.6931471805599453
0.0,0.0,0.0
0.0,0.0,0.0
0.26104032961227397,0.7162276433152901,0.2779645660344835
1.3513700907821047,1.3623609981870568,1.4805821582824912
-0.9750445377758634,-0.956492334334037,-1.1447773371535395
-0.13666695600057038,-0.1320208479331697,-0.1649249116373594
0.8104524478537125,0.354648974679286,0.843181473864874
0.8579731544987695,0.3850944560704233,0.9096991564886139
-0.6931471805599453,-0.6931471805599453,-0.6931471805599453
-0.22254219573443595,0.03180925018994843,-0.1147101841349129
-0.08854710440345638,-0.089629253025017,-0.08210989213548003
-0.9696543919435673,-0.6304919472642576,-1.091822671261008
-0.7390507291513237,-0.9309118184598504,-0.7600676072370243
0.0,0.0,0.0
-1.5204362353888523,-1.5182808658507443,-1.5203265511994257
0.031013655382429384,-0.38509445607042614,0.0007253864246157516
0.5430378543972845,0.46679905848912795,0.6794202067786789
-0.6931471805599453,-0.6931471805599453,-0.6931471805599453
0.0,0.0,0.0
0.0,0.0,0.0
-0.7386384223877525,-0.918593516245138,-0.7523764431797241
0.1306688453245466,0.1051052098121383,0.21816970297251734
0.11840144952141204,-0.3321944319279065,0.06210745490704817
0.5044888498930912,-0.1339292909907534,0.5713391748842322
-0.14295528457730192,-0.19876826479118742,-0.16195481114488908
0.9055972598002189,0.8937295821644037,1.0203879977830455
0.4199248731000653,0.30884118794558885,0.45706255698769416
1.308318698155774,1.2761145986754403,1.3787523941740887
0.5275835829673657,0.5289078278381156,0.5276507861799388
0.0,0.0,0.0
0.5199761233879904,0.49111882507836346,0.5981674402447528
0.0,0.0,0.0
0.3459031137862253,0.5522074202500163,0.3903676694456903
-1.3531126987039734,-1.235984136156826,-1.3108679388684157
1.3374394557261993,0.490199665882502,1.4828642350201737
0.5601425230671366,0.6633916786690324,0.5690595251310143
-1.143880790449412,-0.7616957839741483,-1.1866432488813827
-1.351454061006588,-0.8825345254835399,-1.4015101072056877
0.0,0.0,0.0
-0.7195871404127182,-0.7084292704625469,-0.774127247994847
0.8527047463572883,0.40876653264776663,0.9095836043199078
0.23028630414936468,-0.4878882567218182,0.25344200523808874
0.7456859234185989,0.939076188252955,0.8019615139631617
0.44827545241960837,0.23893857226063217,0.46907452235387187
0.0,0.0,0.0
-0.5275835829673514,-0.5289078278382534,-0.5276507861798878
-3.457727540606313,-2.903801407562383,-3.618844112431515
-0.6931471805599453,-0.6931471805599453,-0.6931471805599453
-0.8579731544955305,-0.3850944560703927,-0.9096991564906828
-1.520436235388841,-1.5182808658573381,-1.5203265511993787
-1.2478848968494634,-0.9392065746459036,-1.2953145937562138
-0.6850538275789493,-0.7838165177220713,-0.692419265558635
0.5197073569297477,-0.007905983743158611,0.5893919221817117
0.06081754918966391,0.29103973728473614,0.1703280564435514
0.5275835829673725,0.528907827838827,0.527650786179908
0.5931600429220297,0.6834661193794032,0.6128034147309955
0.0,0.0,0.0
-0.3327639161657661,-0.7567372523271912,-0.3371704759244832
-1.6963061682658753,-1.2108828770857718,-1.7127460164316661
-0.3626016933969132,-0.07376676388038529,-0.3624237835194187
0.8846338596240731,-0.03765166160235302,0.8933203325297028
-0.5289581770830354,-0.25934455507880055,-0.5816855169567078
-0.8279949690324703,-0.029389014666215237,-0.8463648072360921
-0.8084511383138948,-0.36513862778385947,-0.8418708667147269
0.0,0.0,0.0
-0.6931471805599453,-0.6931471805599453,-0.6931471805599453
0.615261930531235,0.03127569059694052,0.6706570419753504
1.3401830639989818,0.5211818675209783,1.4961081960691942
1.1259113690032374,-0.17635639662627314,1.187225308297411
0.0,0.0,0.0
-0.2868268892320293,0.31016558224058516,-0.2818519121502964
-0.6621335252149615,-1.0782416366303549,-0.6924217941510331
0.0,0.0,0.0
-0.7814964031954769,-0.7736357324912351,-0.8190413495145646
-0.6931471805599453,-0.6931471805599453,-0.6931471805599453
1.5351712326617022,1.5949799288523645,1.5887550547150184
-0.42731423835242616,-0.4260196288324018,-0.4272483648265401
0.0,0.0,0.0
-0.6931471805599453,-0.6931471805599453,-0.6931471805599453
-2.2299545696576333,-2.1600019270617095,-2.326463726716765
0.5285146974225062,0.5271915586715034,0.5284473705226694
-0.9459602070642685,-0.5845498578418734,-1.0054698727846516
-0.7437208984129345,-0.7138354673638647,-0.8047412944222396
0.0,0.0,0.0
-0.6931471805599453,-0.6931471805599453,-0.6931471805599453
0.0,0.0,0.0
-2.9485278764015113,-2.7622769833759655,-3.253919224214936
0.9954843943813431,0.6092283123244316,1.0533008408366018
1.5050770736414179,1.486679973578443,1.5509691291880563
0.1329458381284833,0.06243496328795116,0.14359357081657945
0.0,0.0,0.0
0.0,0.0,0.0
-0.21283461392894326,-0.6632918318241967,-0.2069209745450545
0.9156376619407853,0.9261270593777376,0.9292070815667184
-0.6931471805599453,-0.6931471805599453,-0.6931471805599453
1.3229520153365628,0.645335678471079,1.4225723694918642
2.071355765551746,1.433663080786549,2.169945266024678
-0.6931471805599453,-0.6931471805599453,-0.6931471805599453
0.34272425969849313,0.26261166769445454,0.4872558979448025
0.2672564826877591,0.2675281255669435,0.30572649421058956
0.413038033236921,0.3938427240712759,0.5900552386601499
-1.8580967762758547,-2.1561867864105664,-2.0473614393469632
0.0,0.0,0.0
0.0,0.0,0.0
-0.6931471805599453,-0.6931471805599453,-0.6931471805599453
0.0,0.0,0.0
0.0,0.0,0.0
-0.268962379544326,0.16996750189859067,-0.29114541677427586
0.23866384032334742,-0.4274434376977238,0.21626784885915742
0.0,0.0,0.0
0.0,0.0,0.0
-0.6931471805599453,-0.6931471805599453,-0.6931471805599453
0.0,0.0,0.0
-1.2421226576439413,-1.162943325079937,-1.3026429764439784
1.2410286185041721,0.6957712520797897,1.2987649513073296
0.7915827484925931,-0.03688038245215769,0.8405557631554721
0.4000824702898438,0.37801481994842845,0.607327093143857
-0.6398498276809287,-0.6482656170033697,-0.6819658414584873
0.8579731544955304,0.38509445607039267,0.9096991564906829
0.966096109066025,0.6384679672363179,1.0517385246127
0.25665137899594004,-0.1691878261368463,0.4148791580896688
0.0,0.0,0.0
0.8973228952183033,0.8952169824075992,0.8972157521306229
-2.011409623227721,-1.9681475770008914,-2.1605296294069136
-0.5369145034031592,-0.9743398315344032,-0.539715128771722
-0.6777605789107346,-0.9041182031315991,-0.6927845531223444
0.050124073126145266,0.4731010647271109,0.15033282694071765
-0.46282114349159814,-0.4649773300577855,-0.46293073631890785
-0.7437208984129345,-0.7138354673638647,-0.8047412944222396
0.0,0.0,0.0
-1.016919920128494,-1.0745618037047728,-1.021886055560241
0.4273142383521929,0.4260196280471043,0.4272483648266635
1.0560982803898826,1.0560993865076183,1.0560981567025203
0.24058240072469206,0.21379044998964322,0.3447270093228925
0.10233005869620591,-1.1028790960281074,0.09978348892558865
0.043834729544390966,-0.06458273458622846,0.00549755354910669
1.3155111186190536,1.3323711276678774,1.4888887423872301
0.0,0.0,0.0
0.9598525017230095,0.4997206398436492,1.0574717075820061
0.9996646925957525,0.5547655743887584,1.054957367886484
-0.24491401224574788,-0.10679440085461067,-0.25314702195869343
-0.3637775715043772,-0.3716427962567576,-0.3378958623452515
0.0,0.0,0.0
0.12126843818739116,-0.006039908385357508,0.11347037988941637
-0.6931471805599453,-0.6931471805599453,-0.6931471805599453
1.2398329789078297,0.5984785192783734,1.3041458816260085
-0.34609079999411435,0.057608228288635946,-0.159934015770534
-1.1959130920329584,-0.9151336962676608,-1.2321158424257859
-0.9442705381150661,-0.8971866107479353,-1.059629895408847
1.0464372177160361,0.3405531414276277,1.0826041941128852
0.5456112366803916,0.9984322648567353,0.6219804700065598
0.22778056923961035,0.5146044617034297,0.271639595331035
-0.5602489029823886,-0.13495230570820949,-0.533161532294146
0.0,0.0,0.0
-0.5285146974225107,-0.527191558686989,-0.5284473705225549
0.0,0.0,0.0
-1.0390846460993692,-0.3348048530333075,-1.0592055532896962
0.0,0.0,0.0
-0.1800863955894323,-0.010316433828976585,-0.07923745191468132
-0.45165678276435994,-0.12479583607654085,-0.42405136519905035
-0.6931471805599453,-0.6931471805599453,-0.6931471805599453
0.0,0.0,0.0
0.5044888499173847,-0.13392929099072623,0.5713391748881336
-0.6931471805599453,-0.6931471805599453,-0.6931471805599453
-0.5390494123713534,-0.5180283860800524,-0.5501181902618123
-0.7235074357170047,-0.7379285757053549,-0.7627272655576369
0.8802922451445017,0.39856467169356946,0.9315456420535421
0.274394924343166,0.26618291219433354,0.4024426470520516
0.0,0.0,0.0
-0.9913358409140997,-0.9921688887460066,-0.99137810684149
-0.16463248313744513,-0.16595562188897645,-0.16469981003725626
0.28672805379730676,0.2894436861037662,0.286865818826169
0.0,0.0,0.0
0.45915670407105996,0.4579525979396808,0.4601396023251626
-0.6931471805599453,-0.6931471805599453,-0.6931471805599453
0.11723565827437853,-0.1623788248671068,0.13904964266028533
0.5451444356337704,0.5378088175942998,0.5338159342972166
0.7049390463513671,0.3467073636198182,0.7655454322968842
0.0,0.0,0.0
0.548613979956052,-0.0974575945475047,0.5960234475961808
1.0560982803898753,1.0560993865196542,1.0560981567025178
-0.7175741744290349,-1.138001839205501,-0.8063806051113477
0.0,0.0,0.0
-1.2891192907651503,-1.0275364613058418,-1.2994460692371386
1.3271996509051722,0.3575764952570312,1.429747226915056
-0.1646324831374247,-0.16595562189455965,-0.16469981003729603
-0.3543030873316868,-0.43857825542714296,-0.33950656624674513
0.23165961787488004,-0.036536110729857164,0.2774683366247665
1.4951256878704893,1.4882379205868366,1.6232406137918571
-0.5545096806613973,0.08741181769458048,-0.4564069410017399
-0.16463248313740234,-0.16595562188633617,-0.16469981003738007
0.9331621534155575,0.9069376300864868,1.059492522804559
0.976235876950962,0.8479817960026043,0.9570546976435079
-0.07609971100905266,-0.07429246866158633,-0.07600798455373803
0.0,0.0,0.0
0.0,0.0,0.0
1.8514667127590656,1.1725272371403597,1.951019740014493
0.0,0.0,0.0
0.8238160258872914,0.7982523903720492,0.9113168835347522
0.0,0.0,0.0
0.026371524057883223,0.024537114659206632,0.026278191884380568
-0.44899721670495507,-0.3950268947576685,-0.43447317429767923
0.7228553461046762,0.49709590652072516,0.8015565570289979
-0.9389953119061962,0.14289602175633545,-0.9263203998010618
0.0,0.0,0.0
0.18352821599764294,-0.01799082999861565,0.1931387352745721
-0.8689145055503903,-0.06711160639381586,-0.8474310514549428
0.0,0.0,0.0
-0.6931471805599453,-0.6931471805599453,-0.6931471805599453
-0.5275835829673594,-0.5289078278363487,-0.5276507861799122
-0.2969446496733795,-0.548136764858748,-0.28802393836319634
-1.7088032937547122,-1.3311163765139726,-1.931162607226457
-0.8282569526484752,-0.8275021420279085,-0.8282185377442945
1.3417814592819572,0.441711890274056,1.4829799472421366
-1.1783242579425484,-0.8861119455278674,-1.2010931139231502
-0.9884095806412029,-0.9661147463712235,-1.1736722542109834
-1.516963206447506,-1.4913995709321777,-1.6044640640847276
0.5431377466594246,0.5275850753544463,0.6491578627061753
0.0,0.0,0.0
-1.148721660762199,-0.843594777771834,-1.15995127995975
0.5480846887767233,-0.05183877619034321,0.7014675184133538
-0.9119907687154386,-0.41004044435437503,-0.9721397384620136
0.0,0.0,0.0
-0.6379758347982138,-0.9182728942379806,-0.65603525526341
-1.3093840662621892,-1.3726876765196503,-1.3982485530884163
-0.5620179425040378,-0.6744598571194196,-0.5836111828687596
0.0,0.0,0.0
1.285287392844779,0.8111140849028393,1.3369475213133835
-1.0908544661727895,-1.541395671808405,-1.1360366582317882
