ho_likelihood,hol_likelihood,std_likelihood
-2.132690034793777,-0.9676532679432085,-1.051848673005615
-0.14221169543181977,0.18634218034126535,0.3775794447274477
-0.10270884879317903,0.3548722618961021,0.43397971795239554
-0.3322092089952232,-1.2571666202015612,-1.345623559954066
1.1177867635170564,1.0118094648305036,1.1939376767870054
-0.8566631852594898,-0.5454104857599095,-0.5091125477216988
-1.9316503266727674,-1.8217588403037552,-1.915779166648793
-1.5980254122237418,-1.6892426772049447,-1.8326863970621707
-1.1817674232770798,-0.8994573997326786,-0.8956390503531957
-0.4706172636323964,-0.20418673058381706,-0.19521661260930995
0.31319642095030703,0.49285531886699724,0.49734207543642095
-1.2485603124748317,-0.3141263388943943,-0.3389637960109148
-0.9230610598887992,-0.8652750198670417,-0.8335394801928323
-0.07602260768243606,-0.046213182313839266,0.38195332077045996
-0.5988875076273306,-0.7330831557800903,-0.7986515643745454
-0.7371616099527417,-0.5417566715782147,-0.4482555919885543
-0.1814091789801001,-1.074651502625092,-1.1899828191878075
0.0,0.0,0.0
0.6292814562289993,1.1045274142559536,0.9890264927646761
0.0,0.0,0.0
1.1734000850122328,1.5321794537563338,1.6418088732083536
-0.5938301082689745,-0.6974051394832714,-0.724790528029259
0.5414955434711686,0.04118273274603311,0.11225535625735839
-0.9098732921863107,-0.9153638155957952,-1.0608438810721867
0.042003249091356235,0.18664164608008157,0.2106597176835099
-1.3772494001966202,-0.7943416590583211,-0.7754546898682237
-0.028541419735235055,0.04116661587905718,-0.059270651128789695
-0.16770573604579084,-0.3328066177703423,-0.31113274368890853
0.7006971658536069,0.09130747240341162,0.26639055360028874
0.6976276481949438,0.11979153226611788,0.2523195742165383
-1.1424807438205868,-1.064878640916166,-1.0513850281344592
1.5168832333029825,0.7283322199016081,0.7721101115430736
2.141310688166166,1.8671111066490647,2.0901962208543456
-1.2224306031280465,-1.5214514848010028,-1.6692875259454765
0.27776002646421755,0.22726195832905327,0.48724832870666684
-1.229772920913425,-1.099378696343268,-1.1866059308917132
-1.1103946592158331,-0.0328210625448177,-0.07867949908940071
2.4857369335162356,1.856171373319427,2.122652140276809
-1.584168735477176,-1.5879770165733549,-1.7774291055998315
-0.049838172074791014,-0.2294974236195248,-0.17160286255907015
0.739300968034273,0.6747840014221188,0.9693787368480506
0.9121318969809592,0.8364519604638949,0.9187364057058772
-1.0784059217726696,-0.6686473095890181,-0.6139013556407663
0.9076540943476598,0.7655303992486162,0.9573921140983707
-0.09990073576208261,-0.12915676846302676,0.21436712764235377
-0.7408883550102955,-0.6737989305695485,-0.6340262759411006
-1.0307161809273448,-0.6326756018706784,-0.6955078130767175
0.45759287692047473,0.08229189355136705,0.1278685248766744
-0.6258804419421946,-0.4992020640985149,-0.502388794778825
-1.4949994126806097,-0.7487890289630175,-0.7871547993785359
-0.6588004830680133,-0.28899944673747585,-0.32937228433080373
-1.307291283072654,-1.3060341811090035,-1.3055593291503629
0.45995748761052524,0.377601012546233,0.5553267193641785
-0.8101810442686985,-0.5098466158765942,-0.43335370188451483
0.7189320759290259,0.1563574461793487,0.22277855189394144
0.3407602480915981,0.5323636994719445,0.7265046154511517
0.6469919953796243,0.7209919775253726,0.7860637770015745
-0.2150673441805738,-0.3081597380921238,-0.3975790895000061
1.9576867186704907,1.208602607761258,1.398547558518664
0.21280209529294128,1.2436424692622559,1.4469563506277106
0.28149962003119555,0.5062800953389235,0.6798620333031183
-0.8772646879976137,-0.6186271858851174,-0.6657313585656183
-0.14501886651169743,0.6871082501427299,0.7160687901705765
0.08000087252912591,-0.06153705957786362,-0.0874875856455595
0.21506734418057377,0.3081597380921239,0.39757908950000626
1.3852405709391102,0.9989859405648194,1.0376958271116097
0.028045813228139663,-0.34166669860235876,-0.28857678783533997
-1.964456820699475,-1.629801723126428,-1.663099648809676
-0.033657963649727625,-0.5509841281323845,-0.7550543896361492
-1.1168592254201017,-1.0025013060241905,-1.204729035100004
0.0,0.0,0.0
0.08710607872147826,-0.41011213712040306,-0.5774946656568641
-1.469062006360771,-1.4400890413015455,-1.6496919304080617
0.3634547195557314,0.8235270371275437,0.8992116210985394
2.6180479871883833,1.900313494220607,2.1230092233124407
-2.223473728617538,-1.7424439037253852,-1.9948344656649213
1.4066895894903726,1.258867631001142,1.6105946118608714
-0.9223765163074317,-0.6366473665741141,-0.5949830882603699
-0.13469304197772136,-0.4955959107916528,-0.48280906856177325
-2.1432182904724324,-1.2887886967084419,-1.3367836870855063
-1.0332305597507137,-0.8811492451941206,-0.8456746361300428
1.0023592400018926,-0.17381330902903705,-0.26051628345075184
1.9059298428463778,1.4033411673566447,1.7879909636117006
1.1964820892561716,0.7125359345114947,0.8704273657113819
-1.0758460635181004,-0.8480508581871135,-0.87133322705537
1.3474593632365346,1.5107253822559463,1.5877296156879863
1.9964606839212502,1.8853746312186466,2.0025971067865287
-1.0215443419342731,-0.8587746843038572,-0.8212403246220846
-2.0900810064683943,-1.9533754356820616,-2.023965434385209
-0.42706964888540905,-0.7836538251407735,-0.7881842289545029
-1.4345841278850937,-0.6249437554200384,-0.6658226828911754
0.048265109670783,0.4553108159808749,0.7167804409483091
-1.5862156155659761,-1.4575740662278862,-1.5027969836815067
0.245060532741417,0.7192634033084024,0.7339644629506266
-2.153340289392346,-1.8708765987415836,-2.121763954753883
-0.4852934479899029,-0.007799850189029018,0.055436474756803876
-0.7852457850418215,-0.597762272871322,-0.5794821160802182
-0.2515644662219649,-0.019383847432025595,0.09059706930772969
1.0047105212209755,0.8090422231977019,1.0990587067893185
-0.5524691685226569,-0.47692157957600684,-0.5076698012433187
0.5283599868735528,0.5256185498090279,0.5245819517228126
0.0,0.0,0.0
-0.6901578844743406,-0.617559988485133,-0.5544040086494483
1.2282902498296007,1.199478560245387,1.2762391693729325
0.2830141928143353,-0.6185794777117317,-0.7714973231504757
-0.7904055840385179,-0.929465346521666,-0.9574445539543099
-0.2111258865390318,-0.3597056122462599,-0.41769407630391625
0.6206010489669394,0.45261411895903353,0.46862512990717287
0.3225440757948203,0.338567931337684,0.3713666848047347
0.7480614295352895,0.7385830396832672,0.8156452211943581
-0.1879804974010578,-0.2260946375264015,-0.17828986617708928
-2.2318474818994045,-1.4154805839694422,-1.5724859177423343
1.3591606799923248,1.3356107332059524,1.4476707382704042
-1.6035302430113296,-0.806661029574238,-0.6347008856672891
-1.6222560998121405,-1.3382159564245844,-1.4393343224663426
-0.3245766462497168,-0.5068551072667636,-0.4940673636577275
-1.6159738810916737,-1.4791072696254315,-1.5564791191887326
-0.7293879914214839,-0.583525931206078,-0.5239927020687807
-0.23957177899767867,-0.0785884739072157,-0.06886645854262978
0.15401608734997904,0.6135529827063179,0.6141810699043787
0.0,0.0,0.0
-1.7906840441418366,-1.9879552687719273,-2.147390269013589
0.07404014935005486,-0.029172469901015574,0.12277988526581318
-1.2379440058551394,-1.231430569052381,-1.4182200904288211
0.498819589636003,0.6588231000220962,0.7141427631510523
-1.263406542059985,-0.8984831322682185,-0.8709261471544713
0.42657608664240526,0.4647802861055636,0.5564001852125545
-0.49347217226307805,-1.0094254689769229,-1.1617200433649713
0.0,0.0,0.0
-0.5014732727649304,-0.6450342239826486,-0.6450134668394994
-0.5283599868735527,-0.5256185498090279,-0.5245819517228125
-0.7710453330741687,-0.9250392442673995,-1.2458029875018646
-0.6931471805599453,-0.6931471805599453,-0.6931471805599453
0.0,0.0,0.0
-0.5799258533771133,-0.0006815125127439482,0.14164934467721538
0.2189939919207936,1.03728283564894,1.4651801268766695
-0.19457435972474194,-0.18557306944208693,-0.2311627323074383
-1.1943701137519602,-1.1843687974870651,-1.3635845282730774
-2.31436659507747,-1.1738682328274979,-1.2373947340441804
-1.6239757426841737,-0.06906339902920403,-0.04879756655452335
0.32750386851665575,0.3399175377769671,0.3095350233259649
-0.322002052994453,0.4059600142771331,0.6721867229330883
-0.9340623700136361,-0.9586056910098523,-1.0026822038859102
-1.071652568514036,-1.1857062151921567,-1.2380923008591669
0.9978573123714997,0.9244022085824126,0.9335449323682322
-1.4356094935691281,-2.136614681527369,-2.20038683916152
0.2502404241235084,0.15642529584277956,0.43169319678840096
-0.4687711229916714,-1.3246063449219299,-1.3497038263672427
0.7960098289885518,0.6822374194938335,0.7729951786918675
-0.1536165815811845,0.07166767076493426,0.40807290512916855
-0.6407641709822307,-1.0070982218882878,-1.0207779676231414
-0.919173411995139,-1.1099100975742882,-1.1534645754812038
1.8230785297486543,0.8963670496947637,0.9378236010046758
-2.628608446384776,-2.06795249318284,-2.315309763569276
0.5614258579811625,0.19400985686875213,0.2192212904529843
0.035481922725806164,0.021345978026485333,0.21815902574689378
-1.2356339655247555,-1.0179045437095566,-1.0789189534837944
-0.708638655143317,-0.518496870357002,-0.5009751468898738
2.1137529737330665,1.4253947565391563,1.7456025129692099
-2.5606214698615517,-1.6086892325768762,-1.7140947486944866
-1.0550587470229233,-0.8665606015427902,-0.8587099863597124
-1.6671725208484347,-1.2178475932348065,-1.2240525047230653
-1.1320876752754911,-0.42430458162378726,-0.23372685258901452
0.8793715972615789,0.0350208176680595,0.07862984345131004
-0.04649409834894394,-0.6200563116999419,-0.600086694941384
-1.2067799308891256,-1.7925003340572447,-1.9436934869172937
1.102828908909748,0.8318047036022822,0.9377521614298406
0.1553236423160774,0.38669986616554963,0.5158677347990667
-0.20573579911450318,-0.39268553551574226,-0.37838131944702486
0.8582614969317639,0.3863962156470391,0.43027565974046933
-2.4838336533995053,-2.459699197056525,-2.5280095838367886
0.19116864531739056,0.6122991691541977,0.6988302379737522
-0.39514671736526585,-1.075436506600995,-1.1669122536949488
0.13147240475625355,-0.19523270145678015,-0.20147161243724213
-0.7537464895552853,-0.26984671941300986,-0.18636329101894217
-1.2090703484581886,-1.1210181657429135,-1.2086010161880134
-0.7524669241123373,-0.20479254758943774,-0.26816798494729055
-0.5528002591383477,-0.6279546992462182,-0.5943402143404236
0.3543059233355891,-0.10318643061445495,-0.18705242902506658
-0.04487839361162308,0.05520417904886485,0.02432763171975246
-0.257625685730453,-0.5344068097288112,-0.2028762013195942
0.5452492915757179,0.4037914270800312,0.5148528292982041
-0.6659922984177141,-0.48249961065420177,-0.46091555930778433
-1.3639677659345018,-1.8683912454801967,-2.1511642450120054
-0.4505261772405512,0.5198701853064118,0.6666973436269656
-0.21498335519532874,-0.42351140061686227,-0.29383425008253705
-1.482832460117003,-1.1577673797496746,-1.2027897638482155
2.0311470439531867,1.068682391153799,1.1701312146948417
-0.7973235686808651,-0.4909280917320051,-0.42021073135983134
-1.0102697448675957,-0.1947324335481005,-0.09245113538532093
-0.7295420627371797,-0.18389486639069763,0.0670705380767467
0.04254219052022766,0.3972036632864333,0.5658362696420194
2.257589202820491,1.5857461943395599,1.9776750934029335
0.5752923108381921,-0.0848293556492776,0.2224781779268968
0.34358693330144047,0.27954459916370167,0.4546778989310609
1.881723704428692,0.3682981721274482,0.39388791050213556
-0.683033821582087,-1.0728672972154427,-1.1247670798892253
-0.27662732231112386,-0.3007933558494336,-0.3717584477700215
-1.255290122309045,-1.155417090994753,-1.0663877512580096
-1.6052636937738212,-1.2571370913997668,-1.4319482631711444
-0.8852366145398072,-0.9397674201274744,-0.9013921476016362
-0.8184773711942468,-0.330251844654135,-0.20018080937445065
0.7769953038409744,0.9903516270957536,1.1210697266951044
-1.4522383342010314,-0.44012591303799387,-0.46326047238103096
-0.6435454677988451,-0.2007560091520815,-0.2090151401583165
-0.6397416035696383,-0.4029598748629572,-0.12678049274651382
-0.7061767780692937,-0.20841478238677166,-0.17378463570262823
-1.509348447820169,-1.3565338062159182,-1.4203568828388737
-0.3077569498691995,-0.47882937190962743,-0.5420185830091373
-0.5026864276830304,-0.5837334500386244,-0.5703669259115121
-0.21990099840683788,-0.7312496997106441,-0.8036331349846072
0.2784952873953066,0.540400759860377,0.6009624856930867
1.3661539880843232,1.0539882262546314,1.3048798282768816
-1.570188532801492,-1.5768224100985917,-1.7123755933310314
-0.5799380165449574,-0.8315699009706614,-0.8228608742675184
0.2247547202345703,0.4992021000420919,0.6254874431180927
0.5277380380001617,0.5304919075461373,0.5315416428666648
-1.4168378614004282,-1.408980311457716,-1.4471442135718326
-0.36308214775269293,-0.46852211736999344,-0.4509302139644592
-0.7879848941586693,-0.3125665920327219,-0.2879049318026203
-0.9164105949272611,-0.9580267175840227,-0.9285005901941903
2.0119207363049765,1.1987791284750842,1.2761170617398954
1.9104465926411833,0.0940336953336018,0.13920928558995418
1.31729657748083,1.0833762399277513,1.5162522487969232
-0.6931471805599453,-0.6931471805599453,-0.6931471805599453
-0.14316692229562827,-0.2899329295832601,-0.12220817420582458
-2.3214730358516134,-2.035304264106245,-2.1692861140878765
-0.5346734376130905,0.31129112348453886,0.23941490780429492
0.7074290502427871,0.727108526039219,0.7094344643547409
-0.3558558257134975,-0.1641156754003199,0.07160328421893379
-0.056996237312570946,-0.32465605167371947,-0.3553661027232392
-0.6769003196743539,-0.7518833387538039,-0.7748123317287133
-1.7048181474310706,-1.1678079091899685,-1.2902047133202565
-0.19052587411581623,-0.8942698462087676,-0.9258929545835801
-1.0653556450410628,-1.0157254303747396,-1.0874502718783015
-2.592432829155683,-1.943560478516752,-1.9353553939230173
1.7397789676057192,1.4045355754104798,1.6704473671481135
-2.172509099106292,-1.7093908735412924,-1.8038729210743338
-1.4866609872112555,-0.9904841790584274,-1.0938572114370515
-0.09452142182194236,0.21042323040841437,0.5239215171595607
-1.038882268943236,-1.0595423424078507,-0.9806814248909203
-1.572250808129924,-1.5123386701470254,-1.5653727197238443
0.4243598915934934,0.3692016761574696,0.4427064552401348
-0.11118590291739908,0.009728359909566496,-0.01996643165710175
-1.9308597345667045,-1.2432130684635145,-1.256379599531445
0.11609280562346483,-0.42762475563820385,-0.25764764510409205
-0.6453871681503214,0.19503413553948334,0.20619936718978304
-2.5552509185676717,-2.2165815811069494,-2.4036637052826504
-1.3522811829350128,-1.4149303411030534,-1.5345781268972576
-0.541907235858709,-0.7497999608383181,-0.7631633742817955
-0.9489506329643989,-1.1356871787837848,-1.1513857860941128
-0.04499951253014449,0.017692386490410324,0.07306939051898395
0.14230082669862726,-0.12711528967698155,-0.1846256661811091
-0.5069657080284112,-0.4178801881608359,-0.3377239241108143
-1.8125085587450287,-0.43881669605947277,-0.32652037513016824
0.24709898613341008,0.038670353119379074,0.06341939117880217
-1.0980910048260848,-0.3597579155853092,-0.3010097554365421
0.06314601177119744,0.27942523891868354,0.31079317719249516
-0.078166947532408,0.1563574461793487,0.22277855189394144
0.0,0.0,0.0
-1.0385372627359162,-1.198076422014122,-1.17865369558264
0.19348444134215492,0.4669934571449548,0.6078136804144908
-1.0445916721581852,-0.6245381246910737,-0.6144964901275894
0.2737927374678819,0.4162655821296222,0.5353285312638345
-0.8384134740071287,-0.6275623542580718,-0.5594373684749928
-1.4064871521023932,-1.2236809150025107,-1.2167909697787123
1.092486349305515,0.5424531641001203,0.6125760347953588
-0.7484029392962616,-0.26719291187444827,-0.08336492635080978
-0.527738038000161,-0.5304919075512822,-0.5315416428666648
1.9420139378355066,1.1887281719686023,1.3212194221759197
1.5224778896554008,1.3181838976467308,1.3915702161867758
0.9875317199489124,1.009605114087042,1.2697127436940494
-1.2932658235449708,-1.3021490497977226,-1.296200465148678
-1.5544517633405255,-1.6166279468325848,-1.728532512684988
0.0,0.0,0.0
-1.8905367436894531,-1.1265054472271065,-1.1719064722696775
0.46257424395281016,0.48496064903977165,0.47758816101430124
-0.8978319038709508,-0.89098711796739,-0.8767692011245486
-0.306841943546905,-0.35469433676441836,-0.25345236230823676
0.22990613473679844,0.5099704015438213,0.9341866582922368
0.759397755455785,0.3878387826675642,0.45731151858152247
-0.2795749603504313,-0.12924074180164577,0.17563735342093384
-0.20591985825289566,-0.2078326091601175,-0.29851403055551895
0.9422100356089623,0.19258483556868097,0.26570480810462876
1.729583769337342,2.1245302528583427,2.2460519963764622
0.32045930264896205,0.026438534747200683,0.32780689841854266
-1.853361151733336,-1.6296685621645812,-1.6912299079224302
0.9107022607603343,0.3846870034878727,0.41650954584343597
-1.0039978016970124,-0.9579966772813711,-0.945536941870374
-1.323942224332657,-0.3132147431544909,-0.13042424008815456
-1.5537745588099154,-1.6514091850827728,-1.730951026888306
-1.0406761695730906,-0.26216801345776275,-0.19966865610616558
-1.0572413985207967,-1.5767928413859225,-1.6489785588916257
2.0151808254517523,2.23832970201294,2.388817674233304
-1.2052663974698856,-1.6389715228686783,-2.023291923541052
-1.3043211368165781,-0.995057859026215,-0.9789375567362251
-0.3570781890354557,-0.774673418297488,-0.7821698456800393
-0.49881958963600304,-0.6588231000220963,-0.7141427631510523
-0.0015074156042606107,0.39444412140357665,0.5200131961660714
2.0189075996324566,1.1538420441372765,1.3738764308386688
-1.5214216403107501,-1.461085158307164,-1.4955869355552038
0.5090785834772528,0.3647189587893503,0.4023526796908585
-1.2955367828727355,-0.340283578475773,-0.3117814921799678
-0.058817170982848666,-0.26324687163831156,-0.2240634572778308
-0.6294541285137376,-0.34537598406166103,-0.5917166640871133
-1.58297102714934,-0.3219202552487054,-0.37847917630791345
-1.1699994974500991,-1.2237874255305141,-1.2684286430137166
-0.9314356789582715,-0.20819844217175598,0.17469918403975115
-0.4788078583378908,-0.46415577129524926,-0.45798576785005846
-0.49237324146021294,-1.0775575896466258,-1.2662340111612662
-0.22946516261077354,-0.23097624555003843,0.09219480622191296
-2.815113686668632,-1.711980202821176,-1.8052373606254095
0.09808612572837547,-0.24990879915331524,-0.13914172530762306
-0.9343286633398525,-0.9996882975732827,-1.0104517835940796
0.032555558168164196,-0.48375761978342335,-0.5116313215461942
-0.31481783636399124,-1.0805555951992212,-1.3035131894155751
-2.2207357938234265,-1.2995078169312375,-1.4734868858595473
0.2747841444591257,-0.22493914647262503,-0.2785230886147747
-2.105501640901401,-0.9617601682445206,-0.9446193454027145
-0.45933021848584443,-1.36984985854885,-1.3986196796803017
0.47934056468001873,0.32781104095995617,0.3381003851165401
0.49897453272558767,0.41701569775343306,0.34044625718993143
-1.7337222932998446,-1.5235838554177943,-1.7612595419439756
-0.005519667985005029,-0.500951352303895,-0.40887187608555137
-1.0561132338078427,-0.7575126612703236,-0.7293896083796553
-0.6960384890623702,-1.4065745120058721,-1.3519689794101957
-0.5197636171714447,-0.8601975525994473,-0.8143341908017195
-1.5038126461855292,-1.1248639067107404,-1.5034719506250964
-1.7261458461675774,-1.0772079417501252,-1.226247397350425
-0.2789150861898783,-0.5079801104824583,-0.47125737009684654
1.1643369542434925,0.7248928810132862,1.1626995312092239
-1.2356642271788456,-1.117967184296048,-1.1973285071417812
0.2524013234277102,0.02175555217171247,0.027122275376140002
0.4194911177908925,-0.29474944436205636,-0.21565707108163146
-0.12904890952404477,-1.1702815181337356,-1.3037947810529977
0.11488326058609005,-0.47668248458531304,-0.5181632951821394
-0.037469846321214195,0.754057306404948,0.8681102395631706
-0.18541968357352434,-0.0359706577336834,0.13701498390188754
-0.1061211898392718,0.2622122754590285,0.24973690735579582
-0.38552462452695696,-1.4949153389798024,-1.5649201488764413
1.434168417460573,0.6811297877459779,0.7028555391362251
0.7394246135472492,0.6984446437137408,0.7174783750478266
0.6199142887526343,0.569292274615088,0.7112206526255733
1.7257052376973725,1.2028629558215385,1.4819400737457515
0.3225440757948203,0.338567931337684,0.3713666848047347
-1.0308359572929762,-1.1579832521774647,-1.2308416636936543
2.858575041083434,2.434648521541304,2.6124750214894292
-0.04935866126418398,-0.9004861638176073,-0.9177946435094912
0.7801094324103449,0.29619735755655885,0.3172337116526602
0.15797067495437248,0.2431810825573017,0.36824448598342113
-1.3206773215300842,-0.739061299850793,-0.5521144506724635
0.12162336661128113,0.3191922548201581,0.4283898951147256
-0.30471763507085936,-1.2899394906822395,-1.4817704282113109
0.36875689973380127,-0.15189100095909616,-0.139265792541983
-0.8855716985262126,-0.9084017322639867,-0.8486543731341628
-0.4070683039043611,-0.5386570673270167,-0.6240440194702702
0.11464324393309401,0.01665129943942257,0.2663247665517923
-1.6731862657434957,-1.4810811939051123,-1.7533231792134005
-0.43250556363353054,-0.41131497748008694,-0.2982494405320565
-2.118794892061197,-1.7172424872893468,-1.87871905198703
0.811152985218896,0.47391891666921493,0.6228998726196256
1.1334762798546945,0.4731260715863475,0.6075340832615641
0.14724189489527428,0.3187451254142267,0.36543199787113456
-0.8730875400459348,-0.8138536092150928,-0.7843017290670364
-1.6189108149017863,-0.6956474531631806,-0.6604802260736573
0.10681449896417204,0.17683872097031664,0.373678822907145
-0.7253462655265315,-0.5010570188312384,-0.6419575042103883
-0.4173134806899845,-0.6587991619543154,-0.5409635115173262
-1.1727299244542007,-1.5641490448860258,-1.602828658482851
-1.315322632905981,-1.2619079359083463,-1.2524506945295666
-1.6530487545589045,-1.6156640932533362,-1.7055080000622833
0.05852845460131365,0.4731356200741807,0.7385357088545597
0.9978573123714997,0.9244022085824126,0.9335449323682322
-1.067679739507978,-0.7127481390221091,-0.8163827314825561
-1.0567451653696955,-0.7900300976613197,-0.7505047209395855
0.5375284127472192,0.25903507902719664,0.3936063704094057
-0.1766718467050079,-0.41555837740832136,-0.3954577627164999
0.6824299612120583,0.4185183714009571,0.6583245169478051
-1.6232477229750146,-2.4248652105362414,-2.824495824455107
-0.4496491376894272,-0.6486710177930851,-0.6585099004467874
0.959842747695438,0.40049304886914394,0.4365927789181799
-1.359032298079351,-0.7557878959629206,-0.7317987565952861
0.33422504010350695,0.6523429933490159,0.966011779737619
-0.6705644924149801,-1.6026185281758984,-1.8736018801275869
0.44490191866305834,0.8313386798679692,1.0469442355548382
2.1636442317129467,1.5414720332214376,1.7462042179619208
-1.2809703473328162,-1.620024122076458,-1.7365485233709825
-0.933001598742821,-0.8611662075756802,-0.8999871855090495
0.8582614969291356,0.38639621564702836,0.43027565974046933
-0.6976544452522081,-0.6131549788368668,-0.6172965884542687
-0.544851245655375,-0.7499703072495937,-0.7244028444644869
-0.5954689357903001,-0.15410396855540542,-0.12251144981762287
0.6797558157600998,0.3539199297154098,0.4557034131045592
1.4702872921642505,1.3647382800350307,1.7070407096410283
1.4072924135513036,1.2049894982469815,1.56375338035542
0.23911038865748196,0.8065358298926978,1.0189927008347273
-0.23978190693885595,-1.1803072703889699,-1.3108237866960784
0.5277380380001596,0.5304919075512556,0.5315416428666648
0.7005210983692017,1.0639742827901641,1.2031655394209442
-1.4853842348947945,-1.5367476857687945,-1.5909118037923713
-1.5866159282739745,-1.3251777013289698,-1.367353838491535
1.1613273221939147,0.5018436767155967,0.549300187676997
0.44689737073031893,0.0013343847977897887,0.45232383035953133
-0.9896645769357267,-0.8176637353903439,-0.8048356419948196
0.39128607688880507,-0.15801088141146405,-0.10369026451649851
0.2818746112332945,0.18748639172622483,0.39713699067975033
1.6344616552856617,1.3221930304189815,1.490020317486859
-1.093456972740712,-1.2023107166706892,-1.1871897970002308
0.17666599684611928,-0.4819372187932004,-0.4358448180842102
-1.1402183658517264,-0.9876876518882856,-0.941144343930378
-0.5624504781212215,-0.44924189570283496,-0.44073913639339035
-0.4665469717405896,-0.6070278865690945,-0.6125370994756121
-1.165890964976542,-1.0957222974703122,-1.0847976444917153
0.8235356700155287,0.7960084768290794,0.8910617569662559
-1.028081436741636,-0.039361151288864714,0.05449628183680555
0.2960249941234318,-0.19777563475788912,-0.15418948048365852
-0.6574814361770807,0.1363195219241017,0.4223312530659742
-0.07359090051065151,-0.3672665493444352,-0.39304336786488586
-0.32859099954673315,-0.24625060294761975,-0.13759407108796984
-0.8114163317606531,-0.4819244873108781,-0.5159828662946463
0.29682991982855395,0.23388948148660177,0.3090201683331109
0.6786497777658964,0.042900339914589525,-0.04420542783114112
1.867259252083618,1.5332466203100252,1.8498246361258952
-0.8271544807978438,-1.0728279830007725,-1.1072405763060562
-0.749740650097542,-0.7071580192803805,-0.2612393116198238
-0.6030121398118454,-1.7296125461035465,-1.8556775544072328
-0.457236799209205,-0.45025157351112194,-0.6399687791000696
-0.5429925169089284,-0.44526531673517883,-0.7530902384284837
0.7397488196621523,0.014869167838417565,-0.043011566432847675
-0.7594748814882762,-1.4673556314781495,-1.5685046647609724
-0.5968113262282875,-0.6049812480065389,-0.7916508278038483
-0.4422011913043336,-0.39276685464867245,-0.31880928564732885
0.31528116668699885,0.1098309232641788,0.28710108093277975
0.1721335850816467,-0.11607396068206037,-0.20343892555136267
0.22760742350694377,0.06202283493106412,0.0822919968559326
0.025294283796540914,0.716783743949414,0.7640660233047668
-1.539563610553407,-0.6946185286452702,-0.7105557391691374
-1.3792430343423285,-1.5491725181370506,-1.5634641246043375
0.0,0.0,0.0
-0.5247033577668321,-1.1743034381952258,-1.3948034162239318
-0.7324478305800354,-0.24395249238419275,-0.10009406459043976
0.18187194725994324,0.9386361235548306,1.1172375404506492
0.17374136424139972,-0.04379348578495778,0.03394982172134293
-2.1590556151467952,-1.4270141562863186,-1.710794772721817
-0.42094521221699754,-0.07786266451680988,-0.031325935253106
0.40076044093655205,1.1137829602283953,1.1208051072772383
0.09983800511125358,0.7851413583748296,0.9177480532282054
-0.9743361569850487,-0.9181239688059336,-0.8906864839606913
0.7072318496073235,1.2837122602021678,1.495221303706097
-0.6094744604604792,-0.8218837635518328,-0.8430732670428795
0.5286492146583236,0.3307288936808198,0.5436604030506763
-1.301718089059097,-1.388888857674029,-1.5424390767678704
1.2720423670696572,1.4383433690389569,1.5888394180309144
-0.89648757297639,-0.642462665019737,-0.596418812802017
0.0,0.0,0.0
0.0,0.0,0.0
-0.6608779287433462,-0.5432453727501749,-0.3524148305186049
-1.7097056760137086,-1.5199147589348285,-1.6480361403205481
-0.2999385999396761,-0.04745917655269324,0.062352456838876885
-0.11614575512909808,-0.3351141056766919,-0.29979341511560564
-0.45363557016211403,-0.9667116811892088,-0.9721794649651443
-1.0896960167317364,-1.0458665568209706,-1.2196013209357488
0.1891907683869083,0.21675596379714263,0.7045356084142276
-1.7400815432079315,-1.6663413901628434,-1.6988541210255854
-0.2045143440839508,-0.4158158815765095,-0.15621843214491746
0.0,0.0,0.0
-0.890248331537393,-0.591735694554935,-0.5607048504348507
0.11149358107044202,-0.6747791675146088,-0.6920724887659024
-1.429995203338005,-0.7793450377250102,-0.8876844274892596
-0.56547525749423,-0.30613220601231317,-0.29121882655562825
0.9439124125327678,0.1571045309555366,0.16206252433666465
0.46257499813957054,0.3513013784979507,0.39972485692229964
0.21990066667704658,-0.4511426037589407,-0.4464345702193768
-1.8128833116766936,-1.6404322551837989,-1.8238831493024166
-1.6674600578202965,-1.6857577125538892,-1.791312270212853
-1.2373304518327704,-1.1506181878196802,-1.262854509431062
-0.4744018500556711,-1.5698807323652197,-1.634417675593954
0.14287748362322153,0.7425367128716042,0.9987196180068947
0.9469238185181919,0.8680961705577365,0.9740867891926361
1.1341510486546011,0.41259413093218317,0.5074858015524079
-0.12903900901649476,-0.8284282098051668,-0.765532311660278
-1.0809796235566271,-0.9627238585996017,-0.824013949947804
1.3685127181767582,0.942840656778297,1.163841137723172
-0.0024242062005498683,0.1176151497502379,0.2627846466000571
-0.4950084127008831,-0.7067706978730707,-0.6508125182822085
-0.8175680000631299,-1.0053421345112064,-0.9458371335868987
0.923870247505257,0.8923622178640819,1.0281792263316472
-0.989056799562434,-1.1998599705759339,-1.2312731034249753
-0.2642176634411993,-0.2542103183615567,-0.04817626994733941
-0.6431096867028343,0.07005155954877172,0.3537501742911062
0.44118297103314874,0.6248134601802162,0.8224579153539507
-0.8252210319998486,0.1372900602540571,0.20218455596911328
-0.7574079930078679,-0.42969519859025757,-0.5374098827037272
1.0313509211311944,0.08295342651627755,0.11099127780369898
-0.04074032976827806,-0.6541048265979444,-0.6300304718983575
-1.0240153407844075,-0.2285597312322409,-0.3495409224348262
1.3656588709744137,1.1226901278306443,1.242768193244886
-1.521720983122911,-1.100827865453461,-1.1388024417300153
-0.5342135247560735,-0.3256192445213551,-0.19818101881655573
-0.1694313822807724,0.1773999212325387,0.326230375264101
-0.2562779626792935,-0.19349043198393356,0.15251563357655576
0.7252413130483687,0.4857133257833242,0.4747853205291156
-0.9324206312016952,-0.2926126386189972,-0.38229573169589315
0.7333438318718957,0.6989261218871924,0.737490832889231
-1.1667054765798603,-0.7388430837168314,-0.8370293479899374
-2.287310186633896,-1.3448005053603485,-1.5285873650375303
-1.4550893469202797,-0.7492588482712498,-0.7335365739113588
-0.8027101683392569,-0.8947870025145072,-0.8693900639464192
-1.4917880131615684,-1.3747234224788485,-1.47668269426636
-0.9770203986463784,-0.8795893686610955,-0.934894940909369
0.24301891793339955,0.1736280407850391,0.6518760631332546
-0.36393048279660645,-0.3886999041381996,-0.35271362511345417
-1.3187810878754003,-0.9435658787841673,-0.8788438081231298
0.5128710451756568,0.191345139796326,0.15016904644742696
0.11455169465907945,0.09762454424218588,0.3915377840091945
-0.5290306668107384,0.14406659027988064,0.34458660100482413
0.4568666528956753,0.6740547605664052,0.7715598687991155
0.48139072290008433,0.638900669398793,0.7463363081204579
0.038983315100023314,0.24470253982506232,0.31472879770492307
-1.3521028752138207,-0.3650279719295883,-0.3927669389480577
-1.188899607986762,-1.1806298573180856,-1.1714556074599038
-3.107205263223094,-2.5955794867123405,-2.8541556735345828
-0.4171984912756598,-0.794033952705948,-0.8176656153596545
-1.3584488340377858,-1.4079346484067246,-1.4788941515715033
1.4034767438186486,1.5038041232230521,1.6731025672641533
1.092486349305515,0.5424531641001203,0.6125760347953588
-2.029940188109989,-1.826987209594576,-1.901662056952709
-1.0182135276803626,-1.6215847249416042,-1.7189255426248802
-0.7933421310692198,-0.627731672832624,-0.5498342373010621
-0.8590897800505755,-0.9450611482516266,-0.885322860675737
-1.5779652061388028,-1.6230948546019897,-1.6859536128197632
-0.47565443850080075,-1.427216405607074,-1.657505744272589
0.24220865034645805,0.5218044861107506,0.7198118926180788
0.16152899500049345,0.9653027135088151,0.9681215413621742
-1.7333595935077466,-1.7320030620230131,-1.8143580888536015
0.481631120470188,0.43830275147977865,0.592785287334367
-1.466618525794137,-1.279817223865158,-1.4037320460902245
-1.4218701292955873,-1.4242480630540224,-1.573806920668691
-0.2904671838245002,-0.5104583434568724,-0.4737313454615145
0.28344606875601003,-0.2995249625580931,-0.11214038112843554
1.4400537496860035,1.017961300813638,1.2021908605879712
0.4244694201404398,0.43737028665825056,0.46716709352347896
-1.1670970453626597,-0.8349809870015694,-0.9517703275608578
-0.6659983885320875,-0.30281252858904845,-0.2540428335735595
-0.6265710898208308,-0.9250844642256111,-0.9636000919825928
0.0624124274850292,0.026070033868007738,0.04622449685339755
1.4961284589258954,1.9187931002525502,2.5041076149273085
-0.30577454947068794,0.5637358969121371,0.77874927101523
-2.3182166231175407,-2.1658495765653076,-2.3057973892446997
0.0,0.0,0.0
-0.6887522707807368,-0.8434038768701676,-0.7998466368420003
-0.4587570676844921,-0.056519216661457095,-0.19204150161533032
-0.6973930303172009,-1.227434163752963,-1.3524451786714327
-0.8960903863187095,-1.140185187126222,-1.1396714871930889
-0.8264034687106271,-0.6718476017027053,-0.5953990906398339
-0.4270567851675163,-1.1119307113676937,-1.1857701268492407
1.240855206599554,0.9399866928320508,0.9658468018001428
0.7014620507808957,0.704532258017561,0.7705460885329674
0.34499265671828344,1.0641913951648558,1.475467776265989
0.2194127163394154,0.4276764749425396,0.42032805169123455
-0.6752513892961824,0.07341576634644514,0.1822806405174235
-0.7120575921278355,-0.3855711283911045,-0.35047658484174243
-2.101061944811231,-1.3483872130685128,-1.5927485254990434
-0.2279400941331253,-0.16939187975078163,-0.17648700852339122
-0.06410051510993726,0.37785504931546054,0.5007298193908601
0.002207747758599498,-0.43922385409102443,-0.3693280010571366
0.17070205731810098,1.425641974949443,1.8516230759929782
-0.6245341556675134,-0.5318121187671313,-0.4979281257107289
-0.3024894631061162,-0.9330488148724072,-1.0778772280355489
-0.4658509654563623,-0.2052793380888634,-0.13257235720317928
-0.3566464934140648,-0.061309856818709624,0.0236884424627827
0.4335037661724341,-0.25961342163822926,-0.14203137949736208
-0.769057322228886,-1.2444894771082544,-1.2403676875321479
-1.469246923491104,-0.4235421108445712,-0.5982035786774736
-0.47731525555821314,-0.35480402204688977,-0.07441729638702765
1.067679739507978,0.7127481390221091,0.8163827314825562
-0.6427838151822975,-0.48503551576164,-0.4619041040553105
-0.029930061253388675,-0.35654344416120803,-0.4087984875380175
0.5604201156953648,1.168501334480593,1.3875413627984277
-0.17007533580469056,-1.2243989247355778,-1.2408650190884605
-1.5143411121885562,-1.0670744422926728,-1.0771284268633485
-1.3181364646163996,-0.7589965220114356,-0.8244785522612458
-2.2852607260137567,-0.9621608147491643,-1.030198161558259
0.3237896260203146,0.2309674810524194,0.5097421639099711
-1.6323373065581233,-1.6165593109647598,-1.6811877713434065
1.1175693902694463,1.0670345194704212,1.2946181807308004
0.46204567228692484,0.4478345991268578,0.42978933246704765
0.25892479648770317,0.6946230797783687,0.688424207516394
0.32536964398588825,0.8568599009153369,0.8668324060559577
-0.050000950302993084,0.7556766177942755,0.787210923442153
-1.6419959578143093,-1.5605462723076549,-1.7017542786360622
-0.04199019020876145,0.6647063021680126,0.7590725528625584
-1.3369864794537254,-1.2396522324472556,-1.23807689122524
-1.4889346395856045,-1.2197267536897136,-1.4098808621104448
-1.3250103266162356,-1.4741896262375438,-1.527854424177189
-0.15195130109646443,-1.16157162714059,-1.3242943759865473
-0.6562841534584772,-0.7897027358745695,-0.7766153211772275
-1.008612858161363,-0.6568191443110212,-0.6104043384841235
-0.7847917891484927,-0.5453379108224657,-0.4793776075625496
-0.9600546643013806,-0.9282852671506306,-0.9249876997491355
1.0760129855678957,-0.0373371812364115,0.1284971410427769
0.8415172114616255,0.8737965168454632,0.8876674643965752
0.4350097941664742,1.0710488643299603,1.5492963299953169
-1.4294783192758567,-0.4327886466769468,-0.5518893890418298
-0.47459706707256777,0.16121653702078825,0.21360358476257266
-1.778506475832328,-1.0045884297907166,-0.9313532852129908
0.0,0.0,0.0
1.083654435657731,1.1844953667014646,1.3625825249243653
-1.0428872878955064,-0.85545977212528,-0.8161088681976472
0.16249735471812013,0.12471815976251568,0.21609466957531087
0.5270345990515215,0.419597886641394,0.8094970506385143
-0.4527297598213269,0.336676817708354,0.38793106919908504
-0.12139894414943603,-0.3901448641071378,-0.3290483458225409
0.12643610376203243,0.10268104791084058,0.19129462727089377
0.3428479403130628,-0.34117634917496426,-0.44205448219228666
-0.4649310835963814,-0.894742192797851,-0.7180196898759542
-1.5303284979273957,-1.61727167439815,-1.7390412387170113
-1.5556219261816875,-1.7383799315893673,-1.8774763322965884
-0.64833374458755,-0.9008508944227576,-0.930844915279402
-1.0986122886681098,-1.0986122886681096,-1.0986122886681098
-0.503737369089457,-0.1494032012970887,-0.09924694528680467
-1.11749331350345,-1.2132672628305876,-1.1942571676800162
0.4871658813343213,0.35381543833326773,0.3512724232795832
-1.067914152519285,-1.0634066873839252,-1.0807168027470462
0.0,0.0,0.0
1.808076950910949,0.4417386308977861,0.4958688640646397
0.21460547696945603,-0.048880665218393515,0.023649685826291775
0.15259903571065342,0.29102797534259134,0.4222321284979734
-0.8004724069206403,-0.8703070020040061,-0.8434029677108682
-1.1934799558434803,-0.8303042556198833,-0.8340789369573683
-1.0068577812933042,-1.1855074714531146,-1.1518741083461186
-1.8864498684024038,-1.8292220322066102,-1.8828208751694162
-0.23171304387672925,-0.7282675423103269,-0.6857311233503233
0.12436184068777975,-0.07138133448775562,-0.0221681916553378
-0.6578947551899101,-0.7070699588625092,-0.7561281191500635
0.5398798849002814,0.4837252645088406,0.5217378531274164
-0.8557093483567682,-0.5537684466454316,-0.5134694648475907
-0.44080020288533817,-0.5598672328275559,-0.6015166492014866
0.19194954069758413,0.006236194574651525,0.06357629525817021
0.3130253590435864,0.1939625091189555,0.44425931191433066
-0.9900716811319181,0.4138304422075054,0.6869118028503635
1.9316338009272893,0.833142913825597,0.7584218307770847
-0.30768246137085237,-0.2931403107225897,-0.28544586986492376
-0.5886852900111409,-0.9154240303358966,-0.8982299050681819
0.0732957552606104,0.3018169124164826,0.49983369846429226
-0.527738038000161,-0.5304919075524378,-0.5315416428666648
1.079047262362997,1.6200269864481143,2.029078789114192
-0.22199068121637927,-0.9916044282092378,-1.0495511382316576
-1.9056512179894378,-1.399290557793982,-1.5961514904527743
1.008003777534076,1.1400969273544788,1.222659273580259
0.40915322989988223,0.3937568929659948,0.3963765836954012
-1.1299210651146823,-1.12924337287784,-1.1348178824683297
0.8235356700158896,0.7960084768290747,0.8910617569662559
0.7641876657084906,0.6448749325716604,0.874774865177257
-1.3255235702451913,-0.2798186284492096,-0.3005085116870561
1.102228256367784,1.980514250660967,2.1369658999801726
0.6235743412887835,-0.09354171935679993,-0.11112268979893637
0.8335507633371119,0.825262857297506,0.9207511829406344
-0.581955916448954,-0.43421836282122983,-0.3305817327979091
-0.6629253304924397,-0.5926753127505106,-0.595997303910382
-0.6750561836024034,-0.6298257292934114,-0.6674792202776653
-0.2736424555261996,-1.1510411607174382,-1.2190712911431316
-1.5344323469153474,-0.8117011554269674,-0.6207016241097356
-0.909371885479589,-0.21144889292930497,-0.29710467888320097
-0.26473461750464494,-0.11734551193897193,-0.1356024263200588
0.9119985830317807,0.8939369216786223,0.8422723046699079
-0.23299025016047387,-1.2517096754036463,-1.2926889811316984
-0.892439021830592,-0.6817703100476789,-0.8642821874002589
-0.5277380380001612,-0.5304919075510479,-0.5315416428666648
1.498368729654868,1.4753303837731584,1.526561429549205
-0.6141478310664856,-1.2294546966205984,-1.456113045298326
1.263735116958745,1.378618020131672,1.672935553390702
-0.6514103792122525,-0.4326002164555439,-0.40749955889641176
-0.9393949993819634,-0.9477848274390642,-0.9210559950372722
-1.6809182013006592,-1.5498262733091548,-1.6623141806958086
-2.448455921846612,-1.435424403829178,-1.6087554844194438
-0.4490799503127666,-0.09838974034212092,0.003994759535966514
1.5536389686462688,1.1784142909312851,1.6300552363781524
-0.9173749888196973,-0.7205910467964795,-0.6947872551665417
-0.29743510431284714,-0.13879308531941847,-0.057575793780480625
0.0,0.0,0.0
-0.5077421144168783,-1.7655732895876928,-1.8223054378650818
-0.8476198180390301,0.4636512922248534,0.7917357640570084
-2.1136274995372877,-0.6757284987413329,-0.9951381334163829
1.492162043461413,1.0122145614432216,1.2341664484229367
0.13963145864347712,0.004586947021682143,0.0697926917845568
0.245060532741417,0.7192634033084024,0.7339644629506266
-1.7431788176771705,-1.742496344269532,-1.755829240053272
-0.49966273921779036,-0.2261537234149905,-0.08533350014545446
-1.0978186529718332,-0.33746791470008514,-0.2614817869722447
-0.014722369837992844,-0.22908096178551468,-0.11350233931338659
1.4424868514631601,0.636007406762638,0.8035644431143615
0.24510105557670353,1.4629908145654533,1.8581996070007036
-1.2200997986328055,-1.048071213561953,-1.0285449553002
-2.138549485507993,-1.7960937630895075,-1.907662553129601
1.4046496193148674,0.5701349146048716,0.713126325387516
-0.8156953170164752,-1.033821512431373,-1.0208469947497192
-0.04215005324324286,-0.4003430579308531,-0.3672774921489333
-1.087518365966463,-0.9463862045056016,-0.904212098686109
-2.2277562128433224,-2.491449425163464,-2.598408007209949
0.0,0.0,0.0
-2.183389776229125,-1.8269486912614996,-1.8987336609069463
0.6348080297467044,-0.23701813149359527,-0.19154137987388803
-1.089851906125352,-1.2204463437935227,-1.2542046272510574
-0.24862399644986163,-0.39502672703388675,-0.4000205281933634
-1.2653564799167953,-1.0844084566912058,-1.0664148527135309
0.3864705956802297,-0.17219199216290654,-0.22301318468236525
-0.16022317035752595,-0.6868476206921458,-0.6904796455856386
-1.5687998815072872,-1.3616240055393762,-1.6897535930846588
1.1567674859197488,0.7881782661898702,0.8538158570339047
0.9978573123714997,0.9244022085824126,0.9335449323682322
-2.206208336778104,-2.0841022931370925,-2.278543935979599
0.33916577109850876,0.2047400096150832,0.20252211557548852
0.33789819655029385,-0.22973368533972607,-0.1478096631056129
-0.8889114488248118,0.22534605850473918,0.45846133785127047
-2.6269467609923414,-1.5238523724010422,-1.6755825958399801
1.0464425919164324,1.3139083089951937,1.4790471932772602
-0.6931471805599453,-0.6931471805599453,-0.6931471805599453
-1.3056812818052117,-0.9215867680325613,-0.8865908544163454
-1.7156521934727105,-1.0000341707108427,-1.050940319219254
-1.075385506726874,-0.8582649176421095,-0.9109726997258528
0.13606760540558716,0.2605723281717221,0.2993801261039324
-0.4585226719961529,-0.04456744781989442,-0.03471343876484933
-0.143426569569963,-0.11622788954109198,-0.0072755473292854785
-2.4204752705910897,-1.5315699195574606,-1.5290249646747545
-0.9371896589983548,-1.517699612027708,-1.5920944626403366
0.22760742350694377,0.06202283493106412,0.0822919968559326
0.3788324376284864,0.22070382646587175,0.5188689462004065
-0.8182318114603527,-1.152933984568873,-1.165265254414517
1.411233074645107,-0.03817386416958282,0.04831362247650235
-0.8447320111762415,-0.698109827393364,-0.6261820979846138
-0.1095325607428155,-0.050343167108919444,-0.021174152442710044
-1.756797797049107,-1.2481723163497915,-1.2124284712910023
-1.122665493885361,-1.0025210890103724,-0.9880490199449008
-0.4645735912654993,-0.14510255824845936,-0.04234404536735476
0.0,0.0,0.0
1.0872657833010002,0.9449893803383009,1.107827504860663
1.3072906185511501,1.1418481039108772,1.4206589611219538
-1.3226676292975441,-1.0687023897636725,-1.0413900536281882
0.6890703328310553,0.26812245739978396,0.21091443062938958
-0.03921212987607122,0.12398657805338045,0.2863188142451723
-1.264461398907935,0.06372261322011143,-0.062229591423642934
1.1168592254201017,1.0025013060241905,1.2047290351000037
0.1515040371591811,-0.7289859376616759,-0.7655170547219771
-0.8285738025629658,-0.4076806848935155,-0.4456552611700699
-1.29621114411141,-1.6312898350578877,-1.8660905729380004
-0.43712444570009745,-0.7952690425811866,-0.7700734285936435
-0.4802250556431473,-0.10283961847947433,0.0051617596391550355
-0.4986757994724848,0.12150146242608752,0.05675632233754928
0.9763691544349649,0.17122230189803778,0.3955151077798147
-0.43457997555997224,-0.5501080905649848,-0.5310687315700175
-1.567288885047332,-1.4719793922568851,-1.4520967005077834
1.692073814920056,1.2840341835318767,1.3505236564260983
-0.47632565753319134,-0.4667008724973453,-0.49358280549031064
-0.29815521017393654,-0.22700283310914599,-0.11579488057762545
0.5655246419337462,0.9594711035954568,1.3523912621885916
-1.483237043743179,-1.5121149266766218,-1.5729165003299508
0.012054542212242612,0.20645784728364616,0.5726617793320842
-1.1771208643786113,-0.2319876227235329,-0.18300997908154817
0.4895331987105261,0.11245585632308946,0.29899684681565075
-1.3109277950440443,0.08765005337898578,-0.04530705939970974
-0.7614052270257473,-0.20626278240096277,-0.133607762408173
-0.16602146103927026,-0.7007100868568638,-0.717323226932216
1.0031934359086183,0.2791438547863725,0.4113068206807682
-0.527738038000161,-0.5304919075512822,-0.5315416428666648
-0.7775324316519137,-0.6564233781516495,-0.7233687523344594
0.13538876986491846,0.5377117527536078,0.4335546851393522
-0.10337814640666837,-0.1612902313891167,-0.0888351876265301
-1.473490150322752,-1.298635667047469,-1.4853925588707202
-0.5030604514360332,-0.6484162967576341,-0.6408353427088975
1.0896495844496767,0.2625068110871468,0.34651134414498036
0.0,0.0,0.0
0.8056325249852987,1.027439124301486,1.1233107195103553
-0.6389193264119153,-0.6990404472908329,-0.6734265108650122
-0.10064310846889286,0.24359734588974027,0.3103695797460994
-1.3949344896264544,-1.003542812457013,-1.179565920882999
-2.541609658508258,-1.9834320945877542,-2.040415253078135
0.18850079334673944,0.23477631793709372,0.541733471457911
0.19922999089744822,1.039574536781016,1.0706237883331655
2.163546718644969,0.8753303930335902,1.2126133957112146
0.5175341039741951,0.6622241409889565,0.8390507788134639
-0.5864741324759725,0.1595634425442071,0.19694237706588938
0.8443195562854604,0.7335021430321269,0.7495446813595963
-0.20370489223142,-0.2530334437395635,-0.15711301541570327
-0.1106229014806971,0.5960521064082779,0.8595909998879505
-0.8188342259783956,-0.6504543836457779,-0.658580709373405
0.41576762298216435,0.05210407443930205,0.06889007243840958
-0.7897893831928902,-0.5863825711420183,-0.6832241752468983
-3.209063697954349,-2.34664555820801,-2.4911437378288057
0.7342274725415243,1.2523398647480362,1.426428181762725
-1.2268077878345676,-1.0097339254274924,-1.1289006470471379
-1.0339694360662715,-1.2951270580912257,-1.602677400708981
0.16084835324237598,0.1507919482283121,0.1827714406282021
0.8851895079817975,0.7358545806355754,0.8034169439554536
-0.5781545274331195,-0.12341143031143406,-0.32538925143359926
-0.13193401899104584,-0.18104348680129248,0.060630060211577866
0.19898554854281766,-0.02909139016742874,0.21484501724452112
-0.1445032258449206,-0.8101033464001427,-0.7591198478068036
-0.4057511088219275,-0.062257825693950164,-0.07379738994858143
-0.042585254646266,0.41162821901875907,0.5167782701616286
-0.09302447243044418,0.011124330786925136,0.04723836130259627
1.372987162350618,-0.6507229341838915,-0.7383148186408199
-0.38885022458553326,-1.0178207537823902,-1.245292603159952
-1.480360207997422,-1.5594812796772373,-1.6222054077795287
0.19878589989479017,0.9214788072942515,1.1636796636210054
-0.4272617692922913,-0.6742801605651337,-0.5642218847936006
-0.8926368702968223,-0.6419244860807612,-0.7052605154118264
-1.8812108297075953,-1.7086267430831619,-1.8171756198404077
0.980337898730272,0.18786976691259916,0.18154156857520953
-0.4818110511542372,-0.4323815741040014,-0.4038244268936642
-0.19696016892438428,0.13835900396332268,0.14805009420271453
-1.6529899282553833,-1.0936402294290892,-1.1297399594781252
0.20159161427322458,0.11267668888632379,0.16624968787764977
-0.24643312229332148,-0.45368956574858804,-0.44564987106443327
-0.14163946587078327,-0.11095334280293387,0.0170859631830577
-1.0009713716456157,-0.5058458277413428,-0.410281602324378
0.1653633431998008,0.265127162428576,0.2824157148444123
1.3617087237946153,1.1972227031393294,1.324955511056889
0.4852740568737587,0.3547105786609681,0.5478623449669883
0.6172278105067452,0.7456487210975171,1.0202005825164397
-2.1690456510842537,-1.8104054987634854,-1.8523539127668438
-1.1611490432467075,-0.8426352603100874,-0.8574534166817618
-0.5799258533771133,-0.0006815125127439482,0.14164934467721538
-1.106467450619621,-1.006751743643274,-1.2557738751322634
-1.38321187930748,-1.4497274334786656,-1.589899062530631
-1.1958011693559347,-1.1726357739362,-1.3352551374717907
0.03514503648950816,0.44384805541028777,0.5954200840659466
0.41088299844904425,0.841598219641619,0.9855043673207022
0.48441792485690444,0.32934584758768637,0.5902118694876203
1.5817693638825048,0.8893491751719348,1.0691849829085704
0.5277380380001617,0.5304919075465863,0.5315416428666648
-0.6857961539421987,-0.8040143302651784,-0.7291014378187199
-1.4461120230778495,-1.2351835414406538,-1.221467214832668
-0.6931471805599453,-0.6931471805599453,-0.6931471805599453
-1.4506585623670492,-1.2847753058181135,-1.4659938185858288
-0.8285656616203944,-0.47924747638253995,-0.45487493401352425
-0.26970246221278754,0.17433426059056245,0.43929217369862866
0.0719629764510224,0.0872394267291511,0.22267541545071726
-0.08442015572762841,-0.027954869091609876,-0.048787311707073636
0.027145389399451565,-0.012816254183577406,-0.007848990181053518
-0.9477748340029721,-1.1325430305995061,-1.1221686424514492
1.0336588985578004,0.977585169402383,1.2022952507059959
0.1696553794400079,0.3628819840861723,0.4541803717064677
-1.1127926901039784,-1.323588030491346,-1.392627033544021
0.28805374210149365,-0.1070253265572323,-0.11307455953367246
-0.7023414772005009,-0.17942302543585104,-0.1835968410185654
-0.5692730466601144,-0.21874484632078636,-0.23600322440723287
-0.9669622395867734,-0.9122363663701477,-0.8983373042955415
0.31915564635608534,-0.10248774337279731,0.019507651466970484
-1.1900430504439712,-0.21085316612315305,-0.10633956933340385
-0.5008371782154812,-0.6174040289035728,-0.5397367708018131
-0.5161189612834524,0.03443354635167089,-0.043475422937809906
-0.5515959275629385,-0.6997137725156478,-0.6604892226419837
-1.924540091770794,-1.2829726837957856,-1.3962485781502503
0.5226994265209521,0.06803365167795296,-0.004125421046468141
-1.316971839728229,-1.306560535471314,-1.326058450772934
0.06266178533681369,0.2462601588473466,0.35321695119321217
1.6039423991246011,1.0764058251558122,1.1234520523732412
-2.1818628513442984,-1.2833636432912323,-1.322302301564227
-3.2042026324589292,-2.4993007725311465,-2.711217966853747
0.3534517673131684,0.8392903457981867,0.8979176224984666
-0.20805529626063127,1.130491881885087,1.4430951297311787
-0.2631155543201639,0.37249285765151363,0.4964796058321716
-1.6808209502613547,-1.1779272557707954,-1.1016677609384893
-0.8153278055336238,0.04736041258325209,0.07736988602387589
-1.0324549884970373,-1.054563985931727,-1.0480581593413731
-0.03378751996460887,-0.31957841550938854,-0.2397540326803064
-1.3176771283378912,-1.4734935484934681,-1.61006798421861
-0.6541716339948526,-0.733618894567173,-0.7119499452759387
-1.546197241156657,-1.3830201451538977,-1.6008163188784434
-1.7846710138084636,-1.5207960176553894,-1.5847251478391426
-0.6720223874198116,-1.459520767877889,-1.5748252550796396
-0.08911939211935571,-0.041961484163401515,0.13337852859704097
0.6148169121195942,0.47282488038557435,1.0145094643182406
-0.8467005766997036,-0.8710600540745321,-0.8365637394337962
-2.2164103206231585,-1.4305834597934546,-1.4133758342708111
-1.8807061903798383,-1.6622775469841122,-1.9029531871412049
-1.0503471789973267,-0.6433014726872348,-0.38183184771980067
0.3310074819512263,-0.09146690839689223,0.17738863395869986
0.15479927071136565,0.24624253097993815,0.4118421887352677
0.8052215490949226,0.7821832032132131,0.8334142489892596
-0.8514767512440705,-0.9800844073497543,-1.0609947190703353
-0.025168092033101573,0.16678382986086582,0.4005941973122203
-0.13453441058591356,0.1222887637151483,0.3504065362659689
-0.8235356700155287,-0.7960084768290794,-0.8910617569662561
-1.0370476123905743,-0.8578924095000701,-0.8508451383936165
-1.4755343294963024,-1.9250570130647873,-1.9833211282625949
-0.8888798395704112,-0.8598750955375895,-1.0038295597709324
-0.9843077576372403,-0.7660599088004598,-0.7325055108596475
0.04698960199313803,1.5381435645844062,1.834026270069732
-1.3072912830726544,-1.3060341811066467,-1.3055593291503629
0.5411106595785093,-0.25972375833148553,-0.267272315896601
-1.9777971993547514,-2.20218437903245,-2.497820045014265
0.0,0.0,0.0
-0.6582459666790632,-0.8485149469072166,-0.8826789181570128
-0.8524307407972986,-0.8037641179764233,-0.8179041272093172
-0.6082284912692886,-0.31000897128651794,-0.3556055419426852
-0.5302396750182564,-0.8067613757769733,-0.8576745915412665
0.7123271462382493,0.29722879315138745,0.5080664564821992
2.413215346651856,1.8682047831568533,2.0901824961805584
-0.5622934956255734,-0.7380632453228435,-0.7006035892080087
-0.05175022708655475,-0.28669795356035715,-0.2177745551962961
-2.3386637830565293,-1.7843815918830825,-2.074053713273154
0.413577370862487,0.2438808543549984,0.4489599071584498
-1.4781149330784933,-0.9985669218832216,-0.9161603728279852
1.411642861407542,1.059700983576351,1.0947494132885047
-0.9476712569945827,-1.004497049971735,-1.1681730566462314
-0.8508139861840983,-0.4124573686850822,-0.474783957166591
-1.404413466085462,-1.7141112251985913,-1.8884007426067693
-1.547568387652581,-1.524102292516709,-1.5949123095697895
0.2467279691915405,-0.09155969713708274,0.01561702818581342
-1.681403318181718,-0.8567386394127968,-1.010218919038601
0.15764201567458686,0.2773276803436021,0.30427186969568787
1.7657942454017839,1.8171302358917212,2.144841997371277
-0.4942881650491124,-0.718246717188527,-0.7435765848529585
0.4876984491442252,0.3887279729925714,0.5219827516477853
-1.2165537180988812,-1.5751324911996911,-1.6419844706687172
0.33717241150583943,0.698595169243296,1.0090505168117994
1.274628817310499,0.36525746080295024,0.5164726069773582
1.365284350975306,0.9684466481422201,1.026245224352536
-0.9036115124028972,-0.6426268245840303,-0.6223503270438873
0.1465593953822761,-0.3164676986708509,-0.11481430891007251
1.6285151294607927,0.417507860122075,0.5431227494745624
-0.817218901660628,-0.49914834247534295,-0.4568013083537591
1.1731152228134214,0.014228760676089356,0.031016502384982308
0.8495358920714203,1.3169203007142731,1.5417967797664192
0.07358155342325363,0.17391079360567618,0.02226001384483669
0.4577670557690613,0.5336119585319561,0.7239970066174857
0.6309204866292355,0.7020530148241574,0.7835889741713605
-0.38622772334008326,-0.7747737366509142,-0.8354129527884744
-1.3993326974857727,-1.1764651458531008,-1.2092854076262514
-0.07289260245737667,0.08537331248415649,0.19567279734883872
0.0,0.0,0.0
-0.6902924699182,-0.4850997999225913,-0.5216551115068304
0.13748435349414728,0.20570226624932092,0.22330721367262407
0.7023654206897587,0.23797212403889179,0.3772206316079912
-1.029431716356532,-0.788747689737481,-0.5764354342752115
-1.3865740622544689,-1.3616281503188394,-1.3537765048045995
-0.43854034855096635,-0.6330017714307842,-0.7224015316399462
-1.015514389321123,-0.22316613707171717,0.12097300240185724
-0.4916379727639221,-0.4978523925364098,-0.5817816108428153
-1.0959754927690233,-0.9458303070988079,-0.93574344457792
-0.07807629069332381,-0.2486176126369135,-0.23937644117121398
0.1680893768445263,0.20692018800865436,0.2987785917106363
-0.36480088041120307,-0.26098154924593975,-0.31030846036601656
1.4264309034155191,1.610013486605163,1.824428774073878
-1.047132445655291,-0.4067087133431885,-0.445918585646903
-0.21668245965834895,-0.14465671757893409,-0.06887979692513711
0.7239983883643951,0.4523477343224221,0.5702266598191519
0.048265109670783,0.4553108159808749,0.7167804409483091
2.4665339971411875,2.3026777959351787,2.444644149825599
-0.14387242223068672,-0.40687393794549315,-0.3222333031610915
-1.3072912830726544,-1.3060341811066467,-1.3055593291503629
0.0843498239840634,-0.16975573437991326,-0.08393671028151069
-0.6198208777179915,-0.4182804585250503,-0.3760925958509947
-0.1597548350760176,0.7276794713412061,0.7205569488714044
-1.7211316919480244,-1.8712556221982566,-1.955778698575859
0.0,0.0,0.0
0.5685824389124032,0.30669034049490457,0.41061801107368995
-0.49827202380290697,0.13374515727053546,0.24778446780357472
0.9953448618233925,0.8675282483023397,0.9655828325417828
-0.7222520998117976,-1.2070680635422413,-1.2694771404349359
0.1667458859347746,0.6960499915404035,0.8909259877551409
0.4335037661724341,-0.25961342163822926,-0.14203137949736208
0.52476463366039,1.3694407177209493,1.5491306717433972
-0.7582486864672363,-0.6421101492600639,-0.621442664875814
2.1566914068604524,0.4868811654675763,0.46609324845391004
-0.9446512431889268,-1.662712532460608,-1.7729737269060624
0.3020236745029911,0.4829669134100853,0.4763185507807188
-0.04935866126418398,-0.9004861638176073,-0.9177946435094912
-0.16908606890611988,-1.3197594915083135,-1.5409422779803885
-1.2746915814148823,-0.6095197734661091,-0.5714926284196192
-1.587928185942334,-0.988659583313225,-1.3197817280245843
-1.5160421331746818,-2.0403334912277638,-2.2281194655538945
-1.0432522543948597,-1.2662905448359858,-1.2970794678747957
-2.0586523834389236,-1.270548251792539,-1.1929849829794879
-1.2158627881776025,-1.1479480030496727,-1.2648910224360235
-0.87455432942627,-1.3302171323272494,-1.4722975144027275
-1.031933568229014,-1.0060575513946242,-0.9828065955687533
-0.9161355231882928,-1.5108756588384644,-1.6661773589134445
0.7640003905194462,0.81090650650864,0.8775590129607334
-0.6477998360087759,-0.5331296620926161,-0.497850687434825
-0.36041855550656215,-0.3843895976520553,-0.37976059485683694
-1.5612618851686668,-1.26678962233479,-1.3451865177715354
-1.239195155123107,-2.0573539726487486,-2.291694865377569
2.584488443487767,1.642682979077666,1.8319865883727637
-0.17822558450695963,0.02878188875233739,0.06805301254303442
0.6216974840443269,0.07198715826729331,0.19998745016879363
-0.20778226002718678,-0.29044175015099943,-0.2794368219484702
0.43807933857550463,-0.3396395568073082,-0.33654025631770745
1.0754347015448673,1.2833288495541093,1.4407517819106073
-0.17702897134096662,-0.922113265672178,-0.9452588392980837
-1.2400232752128766,-0.42538013976697703,-0.5830368091618632
1.4243596397804308,1.3980303223471486,1.5547949104206717
0.8666306189236509,0.864512071357409,0.9375514797898483
-0.8193041537836018,-0.8610892507425327,-0.9607510892807505
1.2263220586995258,0.19498369384672357,0.2213695535460003
-0.3946649346359766,-1.823866498588575,-1.9737140353953313
-1.870745374355969,-1.5517025888708322,-1.5230829863860524
1.47472374276506,1.6052739504500115,1.9207329015094574
-1.2540022539444418,-1.4082671599797858,-1.437154820445058
0.19906731298645944,0.0609326750315699,0.2118885552195145
0.6123266304737098,-0.01117305116230859,0.07499050363589985
-1.1817504493026891,-0.4174437762127523,-0.45466081047443235
0.8413638585572842,0.09606663069912527,0.13304801480257367
-0.036266489541188586,-0.3433903347960828,-0.40361638376359343
-0.536206771315604,0.4963072481500952,0.6568661475340241
-0.8963605761853686,-0.4883739947133633,-0.4811117436155093
-0.6393826129523836,-0.38708115850411223,-0.32794115202895985
-0.657775905850931,-0.7302313266065965,-0.6136572464335641
1.6156054054012678,1.1152648389163977,1.311320557820866
-1.454958427318586,-1.462240049478064,-1.4590646170030361
0.09426075595160155,0.7250658512642111,0.9138603380524569
-0.19036995259305842,0.14920056142093852,0.21134561581814787
1.352129112076547,1.003495319216878,1.4909871754923025
0.5908088764433189,0.5727674650496425,0.6340437274800376
0.12285524996462881,-0.018791041987838788,0.16136647184727176
0.8081178628971956,-0.6799765191883942,-0.7525469033487759
1.4765315498862155,0.7319865395120595,0.7767037342386434
0.7707430168086415,0.9400732834211202,1.4826384397152232
-0.5520834486027142,-0.6648635437051421,-0.6244530268935753
0.5713832475894175,1.1525430110721406,1.545611238294019
-0.49077282714599857,-0.2833921882405796,-0.0887658237879076
-0.6157958163355282,-0.6682087119529487,-0.6128125628684382
-1.3415088114528428,-1.3818560008932357,-1.469208909607084
0.6118533263046874,0.2137143542107928,0.16888765628335678
0.6982426145786637,0.3632018089432462,0.43355244926014336
1.4214919042837793,0.8050252569146883,1.1121764809541164
-1.5081216035301444,-0.20225967349814686,-0.25699919104499286
0.521312440169812,0.27323695703947776,0.6359105266749079
0.7221092888618748,0.8801689242770699,1.018719984756887
-1.2795005446098493,-0.10135422186504577,-0.045270042797932626
1.4573680283468249,1.3366350263283588,1.4123930614314126
-0.732137225713803,-0.49616529709815455,-0.43716792315864383
-0.9338775738415133,-0.6717650533080505,-0.6444537398322245
0.3259013703651224,0.07716851266583315,0.2589212970127764
-0.07830091000707765,-0.3528033168250455,-0.6589898544970018
-1.0022169341074783,-0.21807213794373032,-0.16100915828947504
-0.8155459753894416,-0.574237241520517,-0.618382351223555
0.0,0.0,0.0
-1.757818207693369,-1.3016629591423077,-1.2282892653500974
-0.06012975022930888,-0.10731888418009335,0.25912718239699756
-0.3224780122950324,0.11059025887399104,0.06156394749886203
-0.43412667181193326,0.6048680618021578,0.6090303907850774
-0.7261871569689723,-1.4829617433895221,-1.5469502566863111
-0.0630649753295357,0.19316011006104883,0.25133995148461313
-1.187870502851912,-0.8463876365665518,-0.888421257028279
-0.31761776279652937,-0.5443342310080918,-0.5961026646199219
0.0,0.0,0.0
-0.5979637040008245,-0.9433535250368426,-1.0306459007348328
-0.9740370481872955,-0.922405937740112,-0.9742995248105489
-1.211747478190668,-1.4395570005157539,-1.5432171450238894
-1.576681153843949,-1.158919626892795,-1.2332361361469568
-1.4283118140792832,-1.3316292900336228,-1.3229938078222925
-1.135525173966211,-1.1726053923896902,-1.2885394570847861
-0.5266010929677681,-0.8489475345216412,-0.9141107926065313
0.0016128127966122193,0.08843667202000217,0.13776929634678595
-0.7042873353885526,-1.1934187618208525,-1.2825603717333993
-0.10671523014318172,-0.29273096376955454,-0.4707389767999258
-0.9295796530136174,-0.49948374944537344,-0.3829029087835921
-1.4882419014785144,-1.517846453218772,-1.6109828328373195
0.0,0.0,0.0
0.5023251638139983,-0.13053327401306697,0.2626456128360055
1.5556335427322907,-0.01307126697535336,-0.004719559603352599
1.4493176895942086,1.856211524292979,2.280756584360681
-1.789533570182644,-1.3693931022857817,-1.4902248500847304
-0.26371342269746945,0.10501758901602487,0.2191690540898595
-1.129002117815996,-1.1469922721765369,-1.2005909374609731
-0.07758334302093813,-0.8129545178804796,-0.8088617721101417
-0.7474510049719919,-0.799092890260422,-0.8405417593007164
-1.345221871565481,-0.46183040743903303,-0.4699387140675711
0.7577829469111785,1.61215712470215,1.8314457025573423
-0.45911761090988074,-0.5282316333807495,-0.42793949436563206
-1.2077227883261608,-0.9826465462143419,-1.1106692936768319
-0.9264048446759647,0.01988323016333544,0.12524564776599775
-0.8399323164508413,-0.585533752985964,-0.5850034209267705
0.0,0.0,0.0
-0.714646703584088,-0.6957736798902031,-0.6667332959165548
0.0,0.0,0.0
0.008876688482554993,0.09597434366738125,0.24115333377406337
1.1712740358933007,0.7660865215403302,0.5806055556388936
-0.9258955899770109,-1.6791398537973308,-1.8277435365170023
0.991071157281086,0.5323988446560312,0.6617499307453807
-0.1630623357212679,-0.7383826606932624,-0.7647666294220355
1.5600509896586152,1.4283790977222364,1.4272109390020986
-0.6571834282191411,-0.21938313134466936,-0.16320684937498003
1.0925287119578964,1.0703585106920726,1.2898653933066464
