ho_likelihood,hol_likelihood,std_likelihood
-1.7184618835996592,-1.6011142507635896,-2.060304759096061
2.3315342847530904,-0.21966081891257536,2.7360910810458385
-3.723586236419794,-1.134052610174396,-3.980414432825416
-2.1047555814200676,-1.932300812768869,-2.1383947506549523
2.3252754227908845,1.016888036120731,2.6835353269134425
1.7107105806319385,-1.5878347954280996,2.3813959459023826
-1.3708416725578276,-1.9930059678431697,-1.105385516032045
-1.8187719237584574,0.3031870305051496,-1.4688255744765013
5.194964358650572,3.3438540985541003,5.830768643003396
0.47089492965744273,0.42095074236492613,1.0559600633386612
1.3084707242570637,0.37483826403291715,1.7884297072683772
0.15502288411035198,-0.8001049288239813,0.5115588855309047
-5.13501745340653,-1.7552562238066223,-4.795645494488874
-3.800533830076179,-1.4735591159745172,-4.4953073178877165
0.6135955126828222,-0.88095053299334,0.8451886742471093
2.2966272482953367,1.5858984292360416,2.720731177609841
0.44717132927121295,-2.961483289930198,0.03046303651772423
4.61323095949907,2.0821646647845924,5.2584615634127765
-1.6943549223763055,-2.3218660763114904,-1.7235509732564502
0.6058916407227053,-0.6428865486056222,0.21668084899453602
3.690082827045056,1.6828729923620591,4.540144066822626
0.9699705428798144,-0.8340654585964068,1.4750247351483488
2.1895296895766174,0.4511716797880645,2.4209719876342786
1.7475123942317272,-0.159792837297835,2.4823922344159826
-0.18054499709267985,-2.1749371991143898,-0.30701470050539875
1.50884078248749,-1.0838201443333246,2.388614792999841
1.7074689727537786,-0.2735118660709194,2.179767181871946
1.1923080197622127,-2.0765421654541516,2.2518058590782988
1.7784874680642933,1.0063845245011194,1.8222311501569994
-2.620249144042279,-2.1523652044701453,-2.5172144185497585
-0.13250596191249073,-1.1987419842899745,0.19859910474972078
2.740368445405173,0.8944728711392146,3.5883491528242546
-1.5445351609127984,-5.053001590370456,-2.7221930469250752
1.4815148427548035,-1.1152250002540938,2.323861863438333
1.2556757589558571,-0.30456236072061843,1.5415837201974256
-0.791435381270106,-2.392438422117281,-0.9755024204270503
-0.43106520115959657,-1.3261756631325001,0.05925647946944769
0.051414055780632316,-0.8472708013049879,0.16622227710697204
-2.144134871813812,-3.3588959239997997,-2.913143003285714
1.5090132288241762,0.3635266914054057,1.6545669686183246
-3.066307078885944,-2.669972243172722,-3.5315778769003563
3.229629398342759,1.9470808007973783,3.835729445389062
1.7167540942615436,-0.4952013631659511,2.046407899273677
1.7497316397002967,1.4658079950461265,2.294537147545546
3.65909442488069,1.0918118439708842,4.3036569398643145
-2.267013636532776,-1.1600313117443342,-1.6832608915008143
-0.9234657140045297,-2.0019606761744804,-1.3100630254023677
-0.14769351768107503,-0.8208894239986,0.18314548590665125
0.6610017057144555,-1.1689069223309456,0.8002948007625651
0.9174673203838608,-0.619156547253324,1.4162097206670412
-0.09474676559249472,-0.69555812568575,0.11286926185809402
-3.1264320227193294,-1.1858404173706427,-3.1666017028321756
-3.793211998755564,-3.069024092577961,-4.030667404536413
0.2773202883736997,-0.6191753010638609,0.5498112177604568
-2.6719990392439255,-2.660786601998981,-3.069469934159183
-0.7810183218760464,-1.0264514912617646,-0.5690145040969018
0.5113851763661208,-1.0888404349810554,1.1328769015131905
1.9159211015101485,-0.7120339292593678,1.9175164616530256
0.6822210045080653,-1.8803144187512884,1.2478165261130643
0.6797125829569576,-0.33807223387883323,0.6121809012955846
-2.121653427791595,-3.3881519777071043,-2.356088401614074
2.7104776849389807,1.771273177416408,3.2345982535874587
-0.8213522805621843,-2.794909080026049,-0.8689657669362929
0.8864943682021245,-0.19657305266346883,1.293872727969228
0.6107463002872044,-2.38172703854767,1.0856763200653365
-1.5349776466963378,-1.5791943665767683,-1.3281938107577382
-0.11705110400359779,-3.442824551806325,-0.21426141411900484
0.4922273693885015,-1.2424880416332218,0.6259293834818855
-2.7971055457896035,-1.4902630954239544,-2.3065679767853386
0.43472195203632524,0.692335024073263,0.9431469281904196
0.5432031787095247,1.3479656944983405,1.1649175087686754
0.370138557103476,1.1690400711609465,0.941391148127746
-3.6151374645096643,-2.305939870983043,-3.6051336332747863
0.41473806755633363,0.09183313590939006,0.8188071244307135
-0.06025302310019658,0.7772598676560282,0.27437472290528364
-4.007741388384828,-3.3221966088357444,-3.8111159283476774
-1.8167866962803119,-0.8712817688843892,-1.7542127455285412
2.6946421707564703,-1.2494174721104558,3.5839726251177
-0.4293682628599606,-1.8116721283521167,-0.09997999177368717
0.9462056656033443,-1.0518730376791536,2.004641050051502
0.6097500155720034,-0.8805024855765367,0.9194822967202573
0.037694162019385954,-1.8847530491448552,0.3568358583630804
-0.12667859035360685,-1.0370348067072332,-0.3512351476141154
-3.6302431759888485,-4.096729033813256,-3.585018913764453
-2.4434268174640708,-3.452166781117301,-2.786109943471907
-2.846350720059153,-2.5644925959403495,-3.059320411454863
0.5976437387067762,-0.9187295689299665,0.3662189678245483
1.5266541568585854,-1.9410287374827382,1.9984934126071294
3.8892396107340965,1.627445860806623,4.61501756832507
0.0064366559424208466,-1.5807284147662206,-0.14719536972553013
0.40703978810773556,-0.09636025182368445,0.7505237221084239
-1.0456790042491366,-2.0540187365322273,-0.557428627622414
2.1545250447478796,-0.17975428180796996,2.5505775237669983
-2.7224211341632483,-2.830090590210937,-2.749953819093663
3.4586578536996146,1.8930895484676526,3.790596844209253
-1.1524220359305972,-2.8245343175300057,-1.6258786593949706
2.8197220826308134,0.47613193964307354,2.685165097079838
0.802928832439321,-0.9023944934059538,1.502929672625536
0.31102304340953807,0.8706773600491152,0.5171547704369919
1.062209235188525,-2.3033077167111564,1.498785349156582
1.0440445092352468,0.2619939596936358,1.0933705635469262
0.29097988307139666,-0.13721606779189238,1.339584741920555
1.6517508800228942,2.3380993051540226,2.1244929879237597
-3.0151425525456657,-1.7679853493488884,-1.8896346175155079
-1.3188852034914205,-3.0719048410759444,-1.386657199515547
-3.6818252315229074,-1.7804645102448884,-3.927724605170745
2.0651933725078653,0.8440189261353699,1.7846641970701043
2.3948100837220623,0.11634663431414788,3.3821060346838556
-0.7894994793823712,-1.7330431272841793,-0.5598088138245751
0.4235025402837671,-0.9306843598526656,0.7637290631872933
-2.2908354612447805,-2.1918680528934456,-2.8779556438875797
-1.4019872875081842,-1.6951672444642853,-1.1125774657330836
-1.4404671187872495,-0.6231303584671826,-1.6055161412252794
0.09706874769272478,-2.957037919516636,0.4352513502448173
-1.8073206477904193,-3.9920492975943787,-1.810318926427609
1.0478942101192235,-0.6271701616682157,1.645348371912561
2.8788222849842318,1.1688378370811299,3.396220693044591
0.029640685239794285,0.07813246379399857,-0.06641733931654203
-4.039992492807713,-5.168068105983761,-4.922022006356276
-1.5006625358034373,-0.0019938327602426857,-1.0037178641034818
-1.647468622250506,-3.135388083500933,-1.9211422766312762
-0.6607883823053794,-1.5520572822652172,-0.1727049066361903
-1.0385878707153477,-2.3839180883529782,-0.3220704354807655
-1.4972228734944002,-2.7111255292505154,-1.5977290591323396
-3.0512384525613334,-4.453188113134269,-3.54082727281833
-1.0330653213552405,-2.897522144492049,-1.1631765376560912
-2.022611066067663,-1.260866863613226,-1.972479202806416
1.1122682628221092,-0.027159986525849545,1.4757770801257026
-0.3148746834698958,1.0028376435821842,0.5518523820531048
1.2011376574214856,0.8863391692996073,1.6863215915671788
-0.42391187322512,-0.5506453124431447,-0.29940755583143686
-2.605851633563627,-2.910023523673804,-2.305365675908105
-4.166488853798023,-3.6267462575802902,-4.39973418158428
-2.867175731034721,-2.42038953551783,-3.1458241324975265
-1.6580179032361706,0.30845587407642244,-1.4959883791088067
1.5947257541225188,0.48034888250218905,2.005703930190665
0.7354407565115317,0.2621923711772749,1.1389790635845312
2.6638864777421185,0.09246524446940776,3.6474613264745686
0.6246261962451889,-0.4650635956207916,0.530260607598474
-0.12362863428706096,0.38252930081566844,-0.07089828796436713
-1.4345941740619244,-1.475292277781452,-1.8543724403179123
1.199069259440707,0.23487849407376038,1.179170958938326
-3.055097223216504,-3.7104984008011064,-3.141054415231096
2.002723084873996,-2.924439794136623,2.2468498692269887
-1.1246040868325025,-0.8399929164281413,-0.22158788116872036
-0.9042468004165803,-1.6941240359511234,-0.48474844149349205
2.2297547963433435,-1.7183426719675627,2.9047647096609297
0.7059505110153589,-0.41080950605180727,1.2882166863154816
-1.5320865221937612,-1.4660145875645667,-0.842825789381361
4.4882773752254215,2.102939414119171,5.002418578178407
1.7567353845748122,-2.046917153661393,1.9872103883621504
3.869657151948024,0.33953732257851976,4.943255757222943
0.6997411162219342,-3.025588471526385,0.7670841330266112
1.8312129319750192,-0.7822892326012919,2.5818502062482382
-0.4650525596933071,-2.2590814981412417,-0.4788346812274193
0.9455100421846873,-2.468644881822552,1.596674321171436
3.1010422132466333,0.17167738935805307,3.751024598547245
0.5230905246796621,-0.8928306697348968,0.7407368228800625
1.4689504915537572,-0.4786784064832016,1.8907545561307504
-5.658534376374268,-3.9470158784388527,-5.44642980812976
-1.6041346331555482,-2.554485502626571,-2.1160054557468966
2.95304225973951,-0.16620624928280797,3.562475977825939
0.292966041519375,-2.8358820096714856,0.5083917636046034
-0.6563697140497103,-0.3431118327520246,-0.0857661449120867
1.9452915428478177,-1.3780707852340128,2.738832124535385
1.351932020766607,-2.472230527574476,1.5379107208384368
2.043591772176412,-1.7267653652642967,2.576885788375201
0.66996913904458,-0.17922991190966867,0.781643059317232
1.535005280762708,0.3302819056551245,2.236644243566878
3.2215432730741655,1.0787393886435528,3.5991713309679025
-1.6676385899457542,-1.4190092766068911,-2.5197456753262744
-0.013558565783224662,-0.03517988749290543,0.4154820613958865
0.9764992099858951,0.521433476605451,1.1889056187810383
-1.3634972041304005,-0.43912703558111366,-0.9946329139548606
0.5085106839296324,-0.68543123166249,1.2102614590122152
-1.4337360780000152,0.2027503096821631,-1.0218028870123277
-2.7257680390274692,-1.5943031242638197,-3.13492547232135
-2.239770218929809,-1.128729304891719,-1.9111417498562202
-0.16743044677202734,-3.0405340406826773,-0.6710717786434168
-2.9315857579329156,-3.0787600669071704,-3.280302208522725
1.6118580001772655,0.2596128455003272,1.58403632472604
-0.8463540271048178,-1.6696539538981365,-0.5522534878966203
0.19135199941529957,-2.3792126957220097,0.3076462085984402
-3.2013065756486756,-2.5354917867899784,-4.02527421291164
1.8724798106274196,-1.331356233440238,2.096738159297034
0.3011544498170545,-1.281900771543193,0.623476330679425
2.750207086627261,0.5310838735304331,3.4817490701216793
-1.9879601009972976,-0.8636955942867144,-1.7383216877352161
1.7557484551944627,0.775705457450516,2.4117800256325332
-0.6480343648584771,-4.189980444815992,-0.8137054630872211
1.887298882108945,-0.8510412899812807,2.7459662526258652
-1.1495084289456479,-2.1840863374406023,-1.1480596189562828
-3.7014456332471677,-3.3844488347890764,-3.979535709154236
-4.7848633447175795,-5.720840043662611,-4.690226231724344
-1.0664937878480614,-2.386417201618126,-0.7716902976005042
2.1933648179940075,-0.8014477415766176,2.6951847776305673
-4.943953369632378,-5.524877352412802,-5.579577723570676
0.6603887124708118,-0.5302955815985884,1.095436541921164
1.4899687061693427,1.1674089522276914,2.2115542814604643
-1.56497104491333,-6.625182924849798,-1.390397448847649
-0.6039435463112008,-0.8814892123479315,-0.8465796358143514
-3.6518844672540065,-3.3644311450226967,-4.221005724339993
-0.625624094821299,0.08587069088331428,-0.12001135501271101
-6.88982923462039,-5.084801819191593,-6.871267793185419
0.11726045892004451,-1.5085040866033637,0.2698825617036186
1.0205399213062516,0.28410939244731986,1.0120644319912582
-4.117115199018093,-3.5089837111163424,-4.572600430293754
-2.93778216893596,-1.1182396388571056,-3.99358185662872
-0.6779164413169382,-0.9018095771975595,-0.37409782393385066
1.3422989327177755,0.3720600331621551,1.5689037731802822
1.890275590312364,-0.7915469922390306,1.547248322225312
3.175331661776695,-2.2980137874370072,3.6776580024895567
-1.8023958089475014,0.11654211736214826,-0.879227277345911
-0.37650925620069076,-1.6363244325013426,0.09250031391501767
0.0694560476576593,-0.30958895407628223,0.6342309315720144
0.6414399041804125,-1.976572027054849,0.4943453918526171
3.3040291851073817,-0.6463418822250743,3.7712676651018686
4.601284273303205,3.668978915557258,5.356008585881139
-1.5542415712202289,-2.0935858647215264,-0.8817191890755081
2.6123897988470772,0.8660869910730602,3.2749841633443038
0.39924385124250605,0.5130799561619156,0.5515565163881389
-2.876671397326291,-3.2601291266451993,-3.1766618837818457
-1.9414220613314646,-2.656277621247062,-2.288660643136993
-0.860420276152493,-1.7716091335451236,-0.6931999498865755
3.1180708809524242,-1.4795161100384266,3.4098383359965525
0.21543914315061655,0.5306526584532284,1.071285934221585
0.3571437734100053,-1.1954919232691703,0.9242450045302155
-1.359275120670918,-2.2875121891984653,-0.9223314471662961
2.0705967341742433,1.2440088814478005,2.9932326184837166
-1.0542534125740974,-0.942587579566435,-0.4537629307362998
-0.9336602925134825,-1.4044649560835445,-1.1197739968515055
-2.67121989174122,-6.0095635075504426,-3.5209190143395332
1.9180454361451276,0.4193669328035814,2.660679992160783
0.9626138255379377,-1.5744008656487298,1.2234441510289844
-0.46771928603232005,-2.6325817100060864,-0.35315605978614173
1.6272192987434275,0.9848199669352945,2.095994262627181
-1.5925212364109325,-1.8771141547160846,-1.1914626836152769
-3.327367708035123,-4.048945464134416,-2.8549851760559033
2.373802879757195,0.9900835991073139,2.7409909600450013
-3.7187229715479035,-3.4765734290112387,-3.612933015906655
0.858873015711906,-0.5912949253987747,1.5102997482873972
-1.262839736514012,-1.9538237794805113,-0.9104512259514882
-0.6450872872025923,-1.2461859634806138,-0.728896827032269
0.79439880293488,-1.3988415675814132,1.0012963851783612
-3.33088391427319,-1.6664450863689741,-3.7716739733670503
0.11164156268558509,0.5654804281968212,0.18345229676279923
-1.0127688739470027,-2.0529969613140384,-0.648336300824354
-0.7852946467822532,-2.005599430996286,-0.43891356100534756
-0.5365972573736127,-1.987840883434676,-0.34379678638313194
-0.5056803701301579,-0.5986180556128586,-0.5262756313879874
0.6892006164903273,-0.01643902526029126,0.7284629407221678
-0.1665862773287383,-1.3722136900618342,-0.08499755862597715
1.5412942866048078,-0.32806884503086603,2.2334774264268864
0.38766566382005013,1.650310979726235,0.5702098014779284
0.5742247955647927,-2.6466178340449065,0.44844228051585566
-0.7680595347862682,-2.8169694049299654,-1.3914664967876
4.178310528931752,1.808967835352886,4.779252621988339
-1.9607012384268703,-2.1801463164800743,-2.146318155919235
-0.3035678377488451,-0.3730292963946444,-0.10321978287446996
-0.27456062066905307,-0.3503326462872762,-0.22820455824031968
2.4107393222615716,0.31825435458849716,2.8911998581509963
-1.1058036735325611,-2.5789536511242033,-0.8607328932463262
-1.0783729144754564,-1.9702830048766147,-0.761086434352864
1.4759898084147174,-0.5782155279080475,1.9968423494329537
-0.3640891017103342,-0.3779420967427927,0.45565391258167814
-2.278191164662802,-2.7976863430259242,-2.60487476844649
-1.5518580016038648,-1.9499662096090546,-3.320329272709612
3.007608748282029,2.3339893352088805,3.75354285193583
0.7122172879572198,-1.8735848690872208,1.2611144900898248
-1.9430087014980977,-1.8190722652329838,-1.7844101256920737
1.7207466609885573,1.091604871398192,2.2831240565034854
-3.1761819317470894,-1.5058580038079006,-2.740409845743125
-5.206694921136626,-4.640253545795676,-5.577260556884891
-0.09392120798066142,-1.8235548507065558,-0.8044625611476476
-0.4939275865112163,-3.455683939537637,-1.4749509800995744
-1.6190627398994766,-2.0528410707605858,-1.6842375693244902
-0.36578493011358193,-2.0840065747451284,-0.3918164085954896
-2.1009722573723364,-2.804638663864379,-2.0088941581406505
1.708369502939078,-0.37266980622797763,1.7803474030505464
1.5184814556145954,0.05093552562926022,1.964458348082676
-1.4236833938266973,-3.009400533595344,-0.8662701976839335
-2.9842464811122915,-2.180977509708179,-3.1254739062710652
3.8769569320825976,1.9964498052686253,4.38082732589676
0.2055178375471546,-3.6232629987982534,-0.11088342897753771
-1.2966678937703595,-1.1153251484882303,-0.7370299253704389
-1.2651870703843378,-1.2832711995122483,-1.1511374067805993
-2.4764362325067055,-0.9569277107065116,-2.390786151972542
-1.361037333190372,-1.6369644966455408,-1.3675639606293533
-0.5696929523866026,-1.429338251902671,-1.3979533485203157
-2.184808156370285,-3.527628002633696,-1.9948334349091696
0.12614428899520652,-0.291689207276743,0.7882505010661994
-1.0263312340397588,-1.3083303642125481,-0.8710129132441996
1.2187118736609417,-0.6625012793562649,1.4664324289407338
2.7574631408923267,1.8070163585893046,3.0167090360110014
0.5791604275988431,0.6318491429465206,0.7868167422930471
0.10346751892500254,-0.5213862428039813,0.21114081443169588
-3.334891192059669,-4.254830022707867,-3.7032208877859962
0.07309730821858368,-1.7404503095892245,0.6166572503904854
2.7301676725442765,1.8096010247604166,3.104239991949103
1.628463189084748,-0.6333779505338887,1.3122370431612187
-0.0770727693345792,-1.17343032478768,0.3563163778720928
-1.7052063141467517,-0.09556950071463942,-1.207126859657326
-1.8326813556557922,-1.3187050329195456,-2.1594924239527566
-4.390033575069624,-3.312498604426526,-4.296971526626391
5.0412883601211576,1.7260048786659477,5.779420388393245
-2.4029253354641837,-2.7719681185099483,-1.8738004478710009
1.4058797685584008,-1.038320516759622,2.015252406464245
0.4738232977854452,-0.7675656161021677,0.16070505362985651
1.8012642826516945,-0.3294534448641475,1.8579241517818348
2.667665928808249,0.9689960849660697,3.200790472916181
0.5530990062332751,-0.10064060375999229,0.6533506848305475
-0.5688921789513363,-1.553364184626463,-0.007642181814796565
-1.049206507591128,-3.2925683486016433,-1.4356599660265212
0.8497509975371708,-0.723794509906143,0.9793179167985242
3.1873824402683413,-0.009137421861910511,4.155693168706029
-2.939578215084134,-4.0631811647295475,-3.9032196286259584
1.33751741920496,0.5171337040159353,1.866141408404325
0.8952713450656299,0.14168389886235042,1.5990760151451182
-1.5115640848667367,-2.224290088503621,-1.2630746835189672
0.42180885306632737,0.6175829520666885,1.2174505788995826
1.0139035140694084,-0.8607129242729152,1.08369120818005
1.0007095737788292,-0.6776647040150381,1.6159125235407226
0.10462804382891036,-0.9525524819902327,0.23722623630418843
0.460351988733679,-2.786850608179709,0.7497901536592103
0.3411653626242648,-0.6023225486157556,0.780299957426534
0.48655676291426275,-1.566063459896209,0.5670154856818066
-1.928301831693757,-2.0058713017165326,-1.3656234863739816
-1.4422897136803055,-2.8504588508103437,-1.128355845602095
-0.5262552702966066,0.05066342153356951,-0.5870659451512985
-4.696513773680315,-2.0269130440771965,-4.285531618335057
0.036936501711353875,-0.467363817446574,-0.09150882679443315
-1.2860476836115244,-3.10248504470461,-0.5630708100145808
2.3759194069571232,0.6806035251494281,3.245927928831966
-0.7638194788043057,-0.7661330037469432,-0.736625229756526
-1.9655816033806939,-1.3582124407818679,-2.3068356036413897
-3.9563315827761287,-3.03114266467638,-3.8033955732918767
-1.5229692477103551,-1.7781850968965198,-1.5174254474203164
-1.1820373247435705,-1.9161448896561006,-0.5649767499163282
-6.933500192208283,-4.249199292538535,-7.133300036411581
-4.537891151261774,-6.800985288102688,-5.714485252019266
1.5461439483190225,0.32791206322274785,2.058360099374596
0.6282942831328268,-0.7166217742671072,-0.068045710845056
2.1076879830064637,0.08048360353030183,2.6449804518342925
-1.8894506689464794,-2.19562395550541,-2.1019190293597236
-0.002867915182909212,-1.9734461100165206,0.0536166854269447
-1.6408265158164783,-4.788439250522976,-1.9746304673866333
0.20295312048412095,-0.9752052836706695,0.020759879750585845
-0.5465658711437072,-1.3604543310571788,0.01096315883446091
2.190693670440098,-1.6898146682829618,3.091249605586994
1.6491802321057702,-0.8893151056387121,1.9340286003988896
-0.7274865908044531,-0.9472198531840647,-0.30840231890876213
3.110526772802435,1.5177617023817973,3.7294829205153457
-0.4122692592341733,-1.94077180944914,-0.13248162643945396
1.0613505281529314,-1.3088619332484197,1.4308942904120283
0.24540490647192806,-1.7801457259704694,0.4647751488273805
1.5720678273335722,1.5803852414520412,2.165235329616369
-5.7154011758072265,-3.207861124424989,-5.611201944369925
-1.0199265153719195,-1.2617428282527388,-1.0459727083673442
-0.928577915943181,-0.37486167198999715,-0.75564393164129
1.5051184280375531,-0.045062024963330435,1.526361858170535
0.7955437516610551,-0.7409604236639216,0.44786976761511665
-2.7186313711964982,-4.134796832997435,-2.943219004791114
2.0081202875115975,0.8539972483574806,2.481141281397649
-0.1969276028097647,0.012350521852021342,-0.3107979930072555
-2.7157152260731157,-0.6047885472106242,-2.6672307351182276
1.9961473527242997,0.2559843739805714,2.7422704693718862
3.234751860405656,-0.3029251636966933,3.8725321586327355
-2.4001139566627123,-3.564850918822711,-2.028724866202509
0.6070189870459071,-0.3857974199939701,1.0363799978932233
0.9312334261619936,-1.2165477762089987,0.6109503924839014
2.015686700856402,0.22079647120046056,2.3259501334628196
-2.8068552205128237,-3.1758569252274715,-3.054359539989523
-1.5747671055003871,-1.7774124939016525,-1.1911404327200819
1.5711793035716872,-0.1845206313403357,2.092860307028883
-0.7726800333392496,-2.1027422742378525,-0.7024258909560962
2.0352045441854623,-0.18173556410207722,2.7832213731909294
-0.4389135572927347,-1.9993962042800035,-0.2879132802757487
-0.9826690870559347,-1.441363480562273,-0.9901523785081708
-0.7570734771120147,-2.7827328053852485,-0.8823750451709944
-0.9418401948284191,-1.590723203778985,-1.2783214310136277
-0.4151724259039025,-1.792958656132351,-0.024346522716461014
1.0397201625255585,-1.1395873212137648,0.5803528799191147
-0.6009089682427792,-2.3946779678329366,-0.24953111518388213
-3.173020941610602,-1.5078812419713978,-3.410041993124972
-5.592981267914381,-3.6970606817032143,-6.217788970463811
2.398077181815719,0.11194247830153878,2.9742370411930192
-2.020563205697469,-1.7458333840289595,-1.8628854381557565
-3.8004608447353423,-5.558861699945238,-4.372006238746981
-1.6521292622083195,-3.687964937114647,-1.8535584491652293
0.3641741088454063,-0.584689767118617,1.1164243651426788
-1.8893327727959794,-2.2485527135715424,-1.6547230616235287
0.16082851892318517,0.008226207993533215,-0.12333801297923182
-0.8435791691465451,-1.4134634293258321,-0.8551952409194741
2.610355871344104,0.9562925474693279,3.325604438461583
0.13873635472802293,-1.4197049323967075,0.08026492838562788
0.6013071440835281,-0.6217341084043483,1.3081421128922313
0.09309035307618363,-1.8849718325909264,0.5620963340127433
2.639773168305755,2.8639949818300563,3.245880698563616
-2.622843129667104,-2.352585179626394,-2.500626665481534
1.8064510601809314,-1.120170305617783,2.305276324132314
-1.4909817545150335,-1.617807468715153,-0.4280253062111946
0.6765175445447871,-1.0044839613724184,1.063769166747013
-1.8079957104365583,-2.6878375553731035,-1.0604898349120868
3.0167983064031545,-0.04670399568517636,3.4415053127349235
1.857146107984444,-0.1843673868738361,2.321715878929379
-3.8896972548910496,-5.5773476240781195,-4.42718981828131
-0.17131905914068432,-0.8690106767636533,0.26056064362241166
2.3299359060949,0.5235360924599225,3.0555578220806736
-3.2322173916242556,-1.1916796693280152,-2.7821518897001996
-0.9668317498930609,-1.0384855323268483,-0.6547956368537705
5.324965386171691,1.6787035315946994,6.3811719756683765
-0.7236571022038129,-0.3056703611096665,-1.1116039544310694
-1.0443885575401588,0.21386135214258978,-0.4846092834877098
2.9724777750436355,0.4145420379150864,3.78127960104231
0.9274708065831355,-1.2594092394095997,1.3292228898099199
2.1978907381346295,1.8925496519280725,3.006196591858902
-0.7375730581556053,-1.5920246928397195,-0.6434270700018146
0.500456542659374,-1.0379494369085154,0.22531185805882292
-3.978203565094611,-4.129105825096082,-4.491748935130762
1.7264975346902462,-0.48904933331812656,2.4092447554939573
1.2897882635756814,-0.7407017455881201,0.6853227748598542
1.355344997504088,0.06753925561521981,1.56970473603241
-6.507223025537581,-2.298552172663815,-7.25662528907803
0.578990835167815,-0.8182085485841915,1.2616744793943082
3.015625591923097,0.1672829646417874,3.866374364019791
0.659067344579046,-2.9074828833305175,0.8121677589747535
1.347156627354817,0.3527273954667721,1.5398952958145047
3.587848451815678,2.134139507619353,4.265687131486342
-3.7501151253788882,-2.054152593296232,-3.9140037271805412
2.727649456413408,-2.1090064726085913,3.362920010955716
2.93239445101917,0.35796893012652503,3.564883522459553
-3.79625934786798,-3.9999955361408217,-5.939169820095705
-10.046992609531943,-5.05443800357646,-12.101534281528494
-0.2116605441334241,-1.0856194096773266,-0.1793957994008333
-0.5792883900346726,-1.153180483253248,-0.3868442403349745
-0.8275546304839879,-3.256566074439427,0.32752319267576757
-1.4007570674474612,-3.389263023065664,-0.97449661265892
-2.1054592637726857,-1.1525265711203694,-2.255222252198838
2.0599044731273928,0.13473913864777354,2.4574853075966057
1.5822011825056437,-1.39489536441287,1.949584890467354
2.179769383992621,-2.184317155434744,2.7038513324090547
3.3769377776017846,1.8856181798706872,3.0749991490036828
-0.6074689640146624,-1.2347120193065257,0.040043698989426876
0.7928836650772827,-0.9029250905341983,0.8871027730579616
-3.503987569223092,-2.054125260663025,-3.8581887872490985
2.3668352630278093,-0.9032623653374595,2.811156514693924
0.2824169609113579,-1.5648055833974468,0.689873497810415
1.9159220110658173,1.225336042218128,2.2917562768312476
1.4890323051570702,0.06696832682069151,2.1353375927580656
-0.3604893764321915,-0.3030352894319692,-0.22476410160327107
0.03815821777301759,1.8454348477788647,0.4341873162675521
-0.2747066296013163,-1.7568143641349467,-0.5216354089734693
3.1269683933843524,0.1603533857028282,4.2402638429794335
-0.6601037431815963,-1.169052538637577,-0.5290246490700273
0.9492628774767892,0.16403274901817208,1.4479340801279248
-4.650185215847915,-5.781615040673592,-5.0202810095187225
-0.11610645205455519,-0.7285728782830416,-0.44825703549362206
2.066704152722505,0.6413574985233851,2.1930737098931954
1.9666725182473306,1.5534299880453495,2.365577407065485
-0.19405875528466904,-1.8524535682681638,-0.3232516224633294
0.09043417419478239,-1.401218715767262,0.12893485239043656
-1.954863312349578,-2.776176153351502,-1.7038724499807316
1.4570868891802533,-0.548221473566806,1.235541232875552
0.40669001259511645,-0.7515809177485476,0.23477892563967526
3.0651001346211393,0.18396520395192048,3.494211795258107
1.0938355024333637,-0.10468043328799967,1.1809366483320478
0.8514474499786227,1.9608599108960056,1.1103412757978517
4.94964809080644,0.853227975180951,5.830491686173169
-2.7016085480379086,-0.860990358278767,-2.8365524362201255
-2.2571412556072836,-2.485808319303073,-2.3735374954025454
-0.4829482895276105,-0.5114007636138069,-0.20913304165036972
-0.02601611124356681,-2.040869672975926,0.2799494347731083
-1.7973654393356033,-3.732317272996406,-2.057426075885557
1.448883740542028,-0.8403227625208339,1.8226989947636572
-5.379742240947585,-5.229176225479443,-6.036593539762662
0.6534583099037232,-2.484953044659353,0.9779361586829081
-4.9700372971399265,-5.326544266178752,-5.698620743074552
2.6597351389576853,1.7029456184571525,3.0205835639214946
-1.1785202205680159,-3.2585814662921475,-1.532656000373966
3.370796632169009,1.804495404717155,3.1894634993668607
-1.3086239054013895,-2.0555902497427025,-0.9545048168893486
2.796060523003541,0.27480018877888174,3.1478996178883185
0.8861433067176259,0.5164288089248158,1.0555970666081453
-0.9516022853465681,-1.2391511311469088,-1.0309248275874368
3.239934341216974,2.4141397477523787,3.391885793504107
-0.1880130442457627,-2.366708858046839,0.19959106793361747
-2.130086667510665,-2.9490332280503697,-2.2322586446956354
-3.392037117273138,-4.199935231448389,-4.518777141569834
2.583106892235781,-0.2558913303727929,3.395298320137049
-1.4912418423469884,-0.7118225920178732,-1.6590223268784317
-1.5205947878172112,-0.5013949745400286,-1.4995653540842981
-2.4356907554473413,-3.1448814090404658,-1.9162990867965652
0.5424352444180697,-0.6959891348131163,0.8851394291548542
-2.5281441852848174,-0.8679423531529529,-2.2488477968940677
2.791251832969628,-0.9494998358455571,3.533545544586279
-1.3158759288402275,-2.6028021981626033,-2.2020308637344517
0.44337986477791985,1.2632256757907707,0.6286635914292055
0.7708947770753589,0.08844785999288482,1.3543773533887649
-1.2380912075019173,-0.8815287624162987,-0.7953702039479198
2.106679479213101,0.586079093206376,2.6999706296276944
2.0261756393126156,1.53684877742169,2.679185244306793
-2.858169751277587,-2.164703656565926,-3.2257227150052845
-0.3426245723025234,-0.31279247044000946,0.6408479443087749
0.21331778495071704,-1.4566133403992796,0.3722117004967201
-2.324352006219768,-0.8088538808828064,-2.4785655326458143
-2.8254461085580744,-1.9601511158362603,-2.892592470470995
0.12504198431001876,-0.10199251845912706,0.4824256826665569
0.08214851448779414,-0.06229946865932173,0.1572273075622208
-1.4462953149218978,-2.146938708740828,-0.9698161482759216
0.11469801473884629,0.46935197457962086,-0.01287912147303417
0.17649743828960485,-1.115719122900959,0.8924988360072894
0.4734754324645322,-2.039166882659283,0.9370222067065683
-2.281842857659989,-2.095446761457885,-2.3260880821515286
1.3376687443567934,0.11638773363864507,1.8387375030888813
-1.9453899243846446,-2.9321267924521557,-1.8674782045264615
-2.3590475615403967,-3.0052450187722437,-2.8910775969377362
-2.163355900299541,-3.0221600830096493,-2.0317495451950305
0.5124084321143724,-1.347567217562491,1.1168725041470926
-1.3384914614384804,-1.9865012590685556,-0.8466348439416254
-0.9712050672077359,0.9271710631046757,-0.8971789486875184
-0.5154109951448222,-2.229887344568941,-0.6695307357247257
-1.6509794851352708,-0.3938339579283926,-1.992342532766206
-4.584615089537103,-3.056279064253745,-4.669303139867013
1.6935718271849183,1.8788926024944612,1.8557484284682595
-1.0311565410606909,-1.4442875411758844,-1.3036349047831604
-2.9052945406423234,0.07712251280457459,-3.13109315460155
-1.5468033246851927,-2.2097615728410225,-1.4952559208426852
-0.3086651829021563,-0.24412122888148244,-0.15243346008944156
6.021827648940788,3.8558993753208015,6.724028834132835
0.5960664150282173,0.3595175113078374,1.039757808725968
1.9368818551895695,-0.7400275106057836,2.0563144895532774
-2.8333160316356842,-3.17215577900263,-2.978989697390302
0.5810466641472738,-0.29760558804035164,0.6164319104052953
-0.45811596830435086,-1.0771793115383663,-0.1426165475892147
1.6255839633834785,-2.121915236195183,1.806563325053033
-0.17385875261176761,0.8480919573189962,-0.11334979183765168
0.9110917639732359,-1.2558566719943234,0.9634563324082049
-2.5390914305189103,-4.975717331221511,-3.1614093481026493
2.3187007932348367,2.2464501757705797,2.917623922923302
-0.16650450610601553,-1.8200354898671371,-0.3606430609631635
-3.438315284460827,-3.3547431803641854,-3.5935109646687415
-0.4562982183266666,-0.10918177148860038,-0.42682553356878444
1.3069726315270953,-1.7678315154355555,1.2960240255787139
0.13229443871157326,-1.5612431075398807,0.22516275595036933
0.21959625530292506,-1.0144070348041234,0.5060143737928067
-1.9335306807811243,-0.9263072661003774,-1.9695282432883758
3.173856826127976,-0.7853204969333853,3.7389477142139302
-2.472960722637004,-3.1086887891669277,-2.7822048942000004
-0.3892603943363802,-3.0020068424773263,-1.015466536050069
1.3194804486915188,0.23259606597680127,1.8089686247378376
3.557704618358767,2.369603992876627,3.8665972790309207
1.0894103773185273,-2.3767159874815516,1.4762745455908752
4.340822828693258,1.9665460899995704,5.536057573110654
2.161055866582439,0.22015321642153,2.5568473290364793
-0.0887195315621114,-1.381052283093809,0.48639512863356954
0.5137267255078981,-0.5186592370195843,0.886627518876847
1.232362821174008,1.4372731859255017,1.8042741035628476
-1.0672526105795295,-2.5739141060130857,-0.8578650117428945
-0.39772125241089434,-1.9905300601972553,-0.302034367927483
0.9969929958844539,0.40252439384448424,1.3444553491734943
3.820929941640408,1.9942614144891848,4.390393490973628
2.022169129508674,0.5856486913216312,2.193940756416566
-0.7741159267170489,-3.3172692790742513,-0.26222087423704454
3.3661705495021637,-0.8996111866347657,4.01833308756686
-2.0943301970177384,-3.0842479551579127,-2.511678210896869
1.058369771040525,-0.7392501811587215,1.7603561989693821
-0.3953097041632933,-0.968173406612686,-0.08791934488877998
-1.0209406148908753,-1.4301781949847816,-0.8778591521001844
1.0167845035677319,-1.233765362927938,1.097892072035412
-1.2778741122252728,-2.011799622049405,-2.002781160487147
-2.203671792910374,-0.9524406439200501,-2.1655489992991996
0.9249708961436297,0.1401527522010959,1.285930292747972
0.22754892136231367,0.3538174658332582,0.17235371482859413
-1.0750463118998668,-0.9203408773373148,-0.5098175745103619
-0.14309212444929745,-0.620774019314851,-0.26170645371189694
1.2440577633301553,-0.8561773757163875,1.8942753679011128
-1.222975221985971,-1.8217106776968617,-0.3062942799476683
-0.44555295443232207,-2.234869940415803,-0.2395397975750597
1.9990348189811311,1.8848455700222324,2.2796835360858143
1.2557197660618802,1.4471322696915545,1.4365677135351613
-2.2468423901769388,-2.6564571744030188,-2.5480556564814427
-2.683076403636667,-2.533568206701489,-2.371023961845276
1.1235205611866301,-1.502267256988013,1.0649697262486904
-1.7873912415991546,-0.7364839278767806,-1.5513470017790596
-1.2747174102756686,-1.7836833137193215,-1.2749423042810926
1.6880188727957786,0.3444426575527914,1.9591992897509773
-1.51821285512023,-1.1766303921129735,-1.5036557470285088
-0.5801700655899078,-1.5550035676863643,0.12555057075474257
0.6963631860511441,-1.1509247820975466,0.7751125706618119
2.03758785907657,-0.06130559241995614,3.1416970069466768
2.1215931371159247,1.38171362475607,3.0095749315774425
1.763642064424978,-0.5308798859951452,2.042687443619806
2.705823407749695,-0.48623108658960035,3.223890080106925
1.1117533629226346,0.17624177109591277,1.130854118641376
-4.441896138074913,-0.9881786238188974,-4.425576015343833
-0.4426422315400462,-1.1765400343089254,-0.09711678238940845
-0.7224647633860439,-1.8121442417943585,-0.5784290001607463
0.9945430492379383,-1.0049900682440585,0.9084432360800422
3.4258391488452853,-0.6105651993615331,3.817575942754995
-1.5962790536383737,-3.26052545349258,-1.394904865038258
0.9191594979131118,0.7849740140502243,1.399583541842819
-2.323318152745405,-3.0122546309773384,-3.377035945863448
-1.6281828362561654,-3.7142872454491376,-1.501202579353792
-0.7896981059215835,-0.6323651193639007,-0.6282708242097187
1.8513734332793867,2.143129563706637,1.9502418843570062
0.3180544783468341,-2.027076843481766,0.441495666406402
2.4953775269430003,-0.5860234491955787,2.9977741247509977
-0.08903477585542069,-0.2199501502880944,0.150589805603003
1.3177830535086013,1.268980998088789,1.338071060658073
2.7085733385825446,0.2772006364504391,3.600333664743642
0.6623516955657812,-1.227102170773885,0.7059813462220237
2.139729424329669,-0.11676093496334163,2.662575378954376
-0.35928083583693904,-3.1164973113451606,-0.09981997777958425
-1.4927573372883787,-1.491220653669275,-1.5849704472301025
0.4063296357898233,-2.409021445385894,0.9330632842014747
-0.923256082199669,-3.2141358814236174,-1.6533636050509666
2.5531054302904916,-0.2203384878202275,3.0882371589584103
0.33847674930316324,-0.6836907024915158,0.3220721078290533
0.3952733853992038,-1.9555237185593932,-0.2361892137232366
0.41049992337057006,-0.0460698029662815,0.5240970659418339
2.2640767328930194,0.6678667979462293,2.4469962427190337
-1.3904630973146739,-4.888488495937169,-2.1075539640200227
1.1077532921745996,0.007845353965732016,1.9364775240478647
2.7349787004022583,0.039242010771077016,2.4205690814339405
1.0062751757375052,-0.28642909082536283,1.455067550354925
1.8631886486203373,-0.44806041868163415,2.425760527839364
-5.743173733465259,-4.9792062766574645,-6.709383794871
0.4232376283548422,-1.1641819638171818,0.6239097509577703
-6.296572991975302,-5.631351839481873,-6.920529542900087
1.95519156102478,-1.2102564389324568,2.493197597685326
1.0488350402584443,0.37630482022683825,1.3200413147400132
0.9477900154380787,-2.077410629780326,1.4492084974783186
3.033969202655588,0.748831738144545,3.369660992081299
0.2658664820841819,1.5852125427421846,0.5432417441434688
-0.1866820350231098,0.3252455421788251,0.2919146515818331
0.8132789586015633,0.254816873786612,0.8475874498942604
1.3418773660405126,-0.36566205795800516,1.3255315496911577
