ho_likelihood,hol_likelihood,std_likelihood
-0.6302400441144942,-1.7085810333783296,-1.7501976918474775
0.678873360041129,0.4670976540278848,0.3888613303763478
-0.3753660834206883,-0.3922881575685788,-0.42111390190924586
-1.5526139202596747,-0.9707255622045527,-1.2098966158943922
-2.482390594560943,-2.0270681264045636,-2.1170162815582487
-1.1138828984405542,-1.6775918737317344,-1.7951811145290355
0.060070121703560124,0.10261400101779014,0.22686121185129193
0.447768485115479,0.3079371599411559,0.35665666036479476
-0.855143784802805,-1.2644342825352792,-1.331639863933356
0.7335647815449733,0.34636895772390436,0.44055132069617525
-0.938091763703774,-1.0544443128991212,-1.1701974972842508
-1.471313183323547,-1.0057591588067343,-1.0123199997990238
-1.2117313334351802,-0.417284874798444,-0.46926285090900405
-0.3140187909143796,0.2239374555628802,0.29866264050044045
-0.517527298698741,-0.2563235164651121,-0.08176509021537125
3.316861166769394,2.5260178037164445,2.694309042515731
-0.15766443673177247,0.06211835615900071,0.36112681419021914
-1.157386632396182,-0.8555790926070327,-0.6781145328299903
-0.9767201593976,0.8381115450109493,0.9493846956133438
-1.3524082309243277,-0.7369219428048261,-0.5575726769450465
-2.1324564619235677,-2.8493395089716325,-3.1180047164490077
-0.9944883928503891,-1.7243555479676664,-2.08466765519299
0.5060369562787441,0.9174733073389506,1.0813326623543003
0.12352873171200579,0.09893034808707099,0.17570485768759347
0.7621786004766113,2.417712356669386,2.7528209492745748
0.3461729264562447,-0.24087082776232846,-0.18248247327661005
1.3041040303178086,-0.024203205710502922,-0.02596641238433259
-0.8390481244695471,-0.1586659598120506,-0.05898643828983957
-1.785287603200636,-2.081885219772427,-2.2966950156579977
-0.595323042081037,0.6121043084046466,0.8043861101217823
-1.2416398297689395,-0.9449801163892656,-0.9077494516184589
0.764580358317003,0.6790799297626984,0.6760379875649846
-1.1092883268722964,-1.5205370878379312,-1.6464386619350178
-1.7483681388588102,-1.6825694149836001,-1.8278909617341217
-2.9877663883390704,-2.3540132393800612,-2.468633620219957
-0.2895200335842469,0.46488872995006586,0.9037002671101925
1.501077270834255,1.8889384794326858,2.2441518643983134
1.0904704996014094,1.2344474378146741,1.2336271339783615
-0.3081795839732091,-0.9453322572910484,-0.9093746966718796
0.0003353046240100818,0.2808470263064315,0.44426250498007486
-0.3251089155740271,-0.3519958775409774,-0.30114550735874585
-0.05962216832580929,-1.0112171483174652,-1.1228013913052106
1.4998943913667564,1.116588343058287,1.3307112688945841
-2.1230152819081396,-1.9985340773433113,-2.164579753341065
0.23587752829214778,0.7588052556542038,1.0512826131507125
-1.9451583400161896,-1.1525608285107583,-1.187845533613977
1.1775486212703177,1.4674846536553816,1.751039326093782
-1.1023466653722693,-0.11685624823364117,-0.03116626258875303
0.2271376617217693,0.14537842403279133,0.6841850569631667
-0.6183604414332319,-0.9257121291887892,-1.1231248465505321
1.6783166279261632,1.5448169147478075,1.794907703733539
0.3358106182854929,1.1163652804997681,1.5020630190046103
-1.5631701586583613,-0.16846420996718017,-0.14284007336421184
-1.3380841369812124,-0.4949716821961376,-0.5517504503422075
1.1302725527310895,1.640655281605554,2.002614362624601
0.024810124351940105,0.4957486742865695,0.5617434905990212
-2.0606444367476464,-1.345365521261809,-1.4697850093791043
-0.5402452479149091,-1.3199942612412325,-1.4166322198897952
-0.5126462373803338,-0.3586138739967196,-0.3296205155191439
-0.4368634103503552,-0.02871351053286036,-0.04383818086483426
-1.1583114299137631,-1.4565282284939858,-1.8922231035861032
1.8091956470530837,1.8773578795230796,2.069160246926586
-0.3288473701589741,0.12133586962856194,0.1448409539817301
-0.9294648909983331,-0.1883083676390245,-0.09229897956922778
-1.4948671476999835,-0.3042969038934481,-0.34428847520366274
1.2785433367106833,0.37017643650233056,0.625656843467196
-0.6075316554760944,-0.8006683132946624,-0.994659258966949
-0.8148093935129739,-0.5381180832550361,-0.4146512124124334
-1.5226656380144181,-0.6150930510036322,-0.5312867046600368
-1.238364988221758,-1.2495684703313408,-1.4245661893428185
1.2743332278980388,-0.2457008394935754,-0.6601000358492126
0.8939978720082176,-0.06735802975841258,-0.1683083293107796
-1.5675509519227908,-1.4273410053505315,-1.6365841292292098
-1.527822245209316,-1.4667035222050913,-1.5851532949414042
-0.45669351360862204,-0.11411912650080719,0.04189829309919205
-2.0938342397971823,-1.600156158333051,-1.7124940369264015
-0.9048406633794124,-1.0083336684030126,-1.1822103764989391
-0.08394219068338955,0.7156184411753744,1.1683633556135913
-0.6330058647995913,-0.4824587837010491,-0.5500456662548712
0.595016506621707,0.20471242577141835,0.20326192075535665
-0.2696857553696262,-0.734727844738318,-0.6468799172410427
-0.14353117799318846,1.0702368762987258,1.3489140769967054
1.4612740630074201,1.2530324796149521,1.3991205637008213
-1.6692993098186628,-1.3127203818312743,-1.548748426654354
1.5839183006399293,1.0306368168709579,1.0379671635885772
-0.9912478139983283,-0.9893253730428477,-0.9887605626021447
0.9067953256463902,0.4476195874473664,0.5228573328928993
-0.18977112686127875,-0.6618016599648935,-0.5541673018698221
-1.6494741899052554,-0.9036466431802161,-0.9127146866121606
1.0366064800628787,0.19764414944452857,0.3967033161244583
-1.5606099814303005,-1.9417574134177427,-2.1021268517706235
-1.2183133772951722,-1.265892324692922,-1.3973213387842425
-1.2463084114359926,-1.5046682949835857,-1.412466130816409
-1.3490583636196927,-0.15102155988411656,-0.05161992075468604
-1.8731508180468563,-0.8636507436646257,-0.9160172236401831
-0.41861900282781583,0.7686052547132042,0.8048382465298776
-1.2907406436027133,-2.0222029812151443,-2.2022958146243723
1.5039482871332288,1.4951346047474487,1.6531491296825158
1.3081326922452827,1.3133319780178334,1.4641309118726096
-0.5222453953540644,-0.4030501037954758,-0.26842372866849984
0.07450184703137974,0.5685818168324024,1.079112348500687
1.9272241971695752,-0.10003932215866398,-0.10213550381066563
0.5367610041350553,0.5128524991217499,0.5348261328757032
-1.0068032869239893,-0.7184494091220467,-0.633059580973364
-1.0430716657786876,-1.0661946827800795,-1.0137781232747536
1.0473258061982644,1.14865269594767,1.2057772484215599
0.15993405214156634,0.3200189862949028,0.34708250368005783
-0.9516133421084219,-0.3650083267022776,-0.3032292942657871
-2.4764051476083995,-1.8276862463073373,-1.8505257063632523
1.6444123240260027,0.6386178352809231,0.793531759905552
-0.5809039211035817,-1.5860697870071192,-1.6695624118633752
-1.1867939285397735,-0.4753787930686443,-0.426158037209031
-1.0761665263004758,-0.3622205453092637,-0.306607872201147
-1.1297903282985917,-1.3118768441067388,-1.342260750828824
-0.6725031983844285,-1.1802508725038696,-1.209070084850968
0.11392580877024022,0.602343366269331,0.7994830195932066
-2.2065551454921573,-0.9718685724918738,-0.9135717095759748
-2.2430672576332094,-1.004118507144846,-1.2255957426380482
3.096134502781029,2.4703525543914404,2.7356934457575477
-0.37808296421916593,-0.015415064452697571,0.04125670649236893
-2.2589168318733313,-1.01434924937088,-0.9699650565407582
-1.6441568909455881,-1.094634247747561,-1.2330716048565933
-0.11711056974933183,0.002871831946295497,0.06607322792492656
-0.20481184456257986,-0.8209216997768823,-0.7609263672166898
-2.624014102278593,-1.3564375371074897,-1.4231805853609159
-0.5739077036766479,-0.44609338679655375,-0.5038553177430689
0.41625624592346033,-0.7128009140500209,-0.7261258966520043
-0.423672099665883,-0.44822268150439115,-0.4504789173617033
1.9533435566611002,2.226366467697056,2.475094342588248
0.36470358225187727,-0.2917907130030441,-0.4128489763363883
-0.05729738285039785,-0.5925614293240721,-0.49740413142177403
2.1155486741572207,1.8495193668612757,2.056853546583591
1.6107930315379708,1.329491845468833,1.4570431031815236
0.7571254100345665,0.45146702579659537,0.6336650990635629
-0.8712401201684206,-0.40734381772358647,-0.29183469284575686
-1.6694267476692388,-0.4648186328705338,-0.7323297020985411
-1.8535798020687548,-1.4655358835296808,-1.6398191532408855
-1.1202681126971759,-1.1734319504922142,-1.2673575007214855
-1.0517957229090023,-1.1564989559570387,-1.206076446558878
0.7349007322097395,0.6867954461440008,0.551552218424933
-1.5549433455498975,-1.6429579239453869,-1.8777239997527007
1.7914741643714178,0.6635126173083469,0.8460282448155305
-0.8210136245929027,-0.46273544284393514,-0.4175664958218771
-0.7463467440751224,-0.6866317716501481,-0.5988556877186767
-2.071737934153405,-0.837024660922557,-0.8022987953645628
0.726726439883715,0.28043869457706583,0.2579804028995636
-0.03370879304525329,0.2926196219452483,0.5523489574895756
-1.2776875075678515,-0.7437288044018612,-0.8280910995035172
0.8579886714326471,0.4105510514681349,0.5012142905495549
-0.711111377989802,-0.9014999723411742,-0.9152515416387881
-0.9762475768344917,-0.8273665587511151,-1.143430192648822
0.5773232985354325,0.800253408691318,0.9379870774662128
0.9946511987240165,0.929469726080878,1.0822220698444327
0.47708638400910675,-0.010596271766283843,0.12313530629015727
2.994839407832274,1.6099438766007148,1.8071368534253294
-1.359515607706722,-0.7613204336443833,-0.7467137587924387
0.7917336681187523,0.991781530695592,1.3018441865971362
0.41774175902695015,0.6613593853700731,1.1798519430298033
0.36847340364067255,1.7173654723704739,1.9119664395771372
-1.4853223169064853,-1.2408646005262194,-1.2928636911295008
-1.509922367410824,-0.6018757245324439,-0.6928512558843506
-2.0316886163450056,-0.7701868377526987,-0.7814444919088608
-0.3956629738464394,-0.35463014256823444,-0.30716235797319763
-0.5622029917161898,-0.7941109400063942,-0.7242412172118693
0.11021166019793197,-0.32705921444395425,-0.432978970267987
-1.377224854574823,-1.6672287456808272,-1.834723893938709
0.35245698121956665,0.8824118003937476,1.0425237362903204
-1.1159366742020427,-1.2315405093275436,-1.1616986941215377
0.6638439644723911,0.28421881511465624,0.3037022003967689
2.2129060342189693,3.317014392370386,3.517842520226685
0.2905941287453528,0.12076715903646298,-0.0511838319712283
-1.6280742391776004,-0.22999657690129804,-0.1519289734717072
2.7836152862340513,2.108913272235277,2.2980008221495414
0.7593122646439104,0.5873652581599913,0.6409502302523244
2.5200688667506315,1.6769400931243403,1.862112947220918
-0.9904101558343484,-0.9136814602317521,-0.9428752152359599
-1.0296842257184624,-0.9059570619062924,-0.9215146291093756
-0.12238116636915347,0.2592582703336096,0.248299070025448
-1.4640868421820512,-0.8365698251935411,-0.8997451928980718
0.7506224664351147,0.7674993773552343,0.8701656519890647
-0.6695936917398418,0.40111910711209775,0.4770203115174395
-0.33357167540289107,-0.4792127394526,-0.4637374837256204
-0.419561060986442,-0.18786581846835285,-0.17334684913648474
1.8562262723960712,1.5550402736384707,1.814777550876434
1.2942288068129966,0.9557086937136008,1.0715410684545865
-1.015111620337289,0.09612377981013487,0.2846350208707558
-0.10978193849415116,0.25860033192427323,0.36778099270225467
-0.6755663999257675,0.4111440820775127,0.6513598524819133
1.2056629418848723,1.3912564845418995,1.2658474924082286
0.6692143950096198,0.45965567213124403,0.6092951737109706
-1.5422336275037238,-0.6960744807844633,-0.6243638560588948
0.646467280730095,-0.783485612504256,-0.828393527019122
-0.11859045401108019,-0.32529881685696027,-0.3455989252294111
-0.9475642903302576,-1.2100183949699341,-1.269265206738367
-0.8641001217239485,-0.1257572745844115,0.02407766412801316
1.2060363339980447,1.4555025052439285,1.5549363991873517
1.5011702548379093,1.0501885349215254,1.1970824878316664
-2.0735088680804856,-2.480676043682654,-2.7825666112930474
0.26739053002804736,-0.8023789961766189,-0.8965272733148286
0.5491564169957195,0.09230633929624484,0.42721768764631646
-1.683894968180985,-1.2640876739090157,-1.2350134507559016
-1.4129469775272447,-0.6220297461019682,-0.7051040174228945
-1.136326958261052,-2.2233062730152944,-2.3897530041031323
0.5832919652422242,0.11010609670800854,0.3319189841591815
-1.7581431077981633,-1.8787070653448092,-2.095235110344292
-0.9071065720524487,-1.0125377148569958,-0.9970331055685917
-0.6741415756141088,-0.5796543377708623,-0.43188747875483036
0.3962993059401959,1.1045619376167128,1.509601467160816
1.0464304251269543,0.6822367312468709,0.7164179768161917
-1.6259682659663195,-2.153148904701166,-2.532368534997526
0.04557835962295499,-0.597526900646576,-0.5770460925364385
-0.9223540165204286,-0.5787667963191777,-0.5249305407674838
-1.1682267983980346,-1.601403427112698,-1.5759320901123888
0.904324814595873,1.1119043243751974,1.1363675451930302
-0.6915110809969216,-0.5852112109650731,-0.5798996053375826
-0.9788128891567052,-1.7230495664764522,-1.785113937366736
-0.22785902602419414,-1.3036663977428966,-1.4062538384912016
0.14325418634277978,-0.28402117765029106,-0.5455886412533107
0.7369544060635166,0.6992247325488886,0.7412714200480974
-0.7573145032453069,-1.099227436621666,-1.0899283393491244
-3.135311801084954,-1.4057051726129706,-1.4579431595840602
1.1027651009363002,0.5300630083128908,0.6998454583740057
-0.3619719315785302,0.4970349567791809,0.7921012138454037
0.6045427463140817,-0.4001143197171226,-0.48599434560212895
-1.0626686163610928,-1.7478073923950834,-1.9376782177014267
-0.4600683687241009,0.8039828951780081,1.1524021520852599
0.17350696363495785,-1.5165295989480927,-1.663536960690871
-2.2912843438050996,-1.3447455921238272,-1.917390632300879
0.0,0.0,0.0
0.2679320143352931,0.25412379524471385,0.3196255353796374
1.9631468067396554,1.6176464753934292,1.6099239081784693
-1.5913419499022519,0.05095952682010283,0.08421803589288712
-0.9567746656332689,0.019561456790004417,0.09994413641677967
-0.9203190689163221,-1.147320631329349,-1.1593199525880185
1.252655194970201,0.4582792600450206,0.5303361136380307
-0.36506857502065543,-0.12904679379058484,0.013486958867846927
1.0528779005088416,1.3305128603659209,1.9516228378743228
0.2805060794294103,1.2532436282743926,1.4088031249473856
0.2753294237960368,0.38508657659371676,0.5136055459035892
-0.05368443851182257,-0.3863644603112567,-0.41210639086746054
-1.4858437237799644,-1.715916719464135,-1.7562722983851224
1.6542530501149397,1.3096167422342648,1.3798697164674314
2.074016859710147,1.1870380222053727,1.296021439303826
-0.10997716433095299,-0.6238086086687002,-0.6281683264286545
-0.30801134797766605,0.37512156318131223,0.7669952865093496
-0.6357990128623714,-1.16836322261,-1.199536139006195
1.8298582275061759,0.6130340794524798,0.7119844248085971
-0.9063919311760039,-0.9144406089871243,-0.8871262564675017
-0.5358888290979692,-0.97108635993735,-0.9521200789953834
0.5678035104279396,0.7561022864074006,0.9688871387917767
0.19571868460177697,-1.152821356567979,-1.278253068825593
-0.7256441082254493,-0.7286387365446452,-0.6095798227962388
0.16227954145852747,0.4436604320773556,0.5350490546909545
-1.5110112943665925,-1.0500624332191846,-1.0619263919819775
-1.999014860037481,-1.6432961737877274,-1.7635697984697287
-1.5545070281937117,-1.489118421063499,-1.5336690200185261
-0.6114690128613888,-1.0313947487662543,-1.0417940589925294
1.4057123079398444,1.8867726823574065,2.1216112631625634
0.5835561457695043,1.4299280880721297,1.7270287953096237
0.3366554858960997,-0.20890437378326143,-0.3103877488523427
1.7862626175963683,1.7145421654491724,1.9810530445063776
-0.11072163092058519,0.3369712260110694,0.3790754743399464
0.5262692477058846,0.995376291190423,1.2229000878102485
-0.07987974832778437,-0.45377713938679415,-0.847482001429073
0.03707661881496106,-0.20937465119716617,-0.02588282631229533
-0.5741518738671129,-1.3832234430472194,-1.5380420449079242
-0.4894495668824777,-0.1681596350577695,-0.07706599362456211
-2.472414837205597,-1.2340320611186177,-0.8623551407319912
0.31202043758209425,0.793925994333287,0.9010807339722505
-1.088995040220342,-0.1793041095851483,-0.1500461665212391
-0.19950050641019262,-0.9717402619324154,-0.8408761252906571
-0.5464159827013972,0.9465868580360994,1.346500003811491
1.4570088212061485,1.18504364266724,1.6026569035731564
0.17304384127922295,0.1728778208761676,0.16662623652736647
1.944376730610303,1.6527198812105934,2.0080405591689163
-0.26533223099881165,-0.1250976214831024,-0.17483208463703967
-0.7098973284658343,-0.32730897019398925,-0.2133150488575977
0.3373552006182951,-0.0041109583143623205,-0.19256689936835295
-1.5581423772684513,-0.922515596163006,-0.9336182878653309
1.1618555040025165,1.396404916679915,1.4671601793140725
0.2366947234970327,0.055007859104204665,0.41362920959434846
-1.1287259459755616,-1.4048893662599302,-1.3665526508793184
0.8947911825954552,1.2820520008394583,1.3947260766131688
1.9451471330608803,1.6527715557654763,1.901657789482648
0.20496786032090358,0.1393356464821759,0.45494953541526334
-0.8547023144358304,-2.1917131058449235,-2.2932187304596385
-0.03134969452590226,0.49413817955301836,0.6341471592699327
-1.5535389773192267,-1.2275896796788095,-1.4393145004521324
-1.2736941861696336,-0.5314026834544642,-0.5377228071017186
-1.2579975625407085,-1.051043609684506,-1.103827603287317
0.598873047320961,0.2375358972478949,0.3417039068374039
-0.9489588424016624,-1.365463303489722,-1.474903073659142
0.45245977422519595,-0.9292384580344639,-0.9063232961412659
0.5394027067278145,0.5608339438245493,1.001819748197246
1.3246802510219506,0.24797994258759484,0.32003735830122854
-0.6201050622796821,-1.2921773513890067,-1.4151732632969
-1.1028590855766296,-0.30304875923964064,-0.2932792493198623
-1.703906872345422,-1.2930694760196266,-1.3634452649372002
-1.5621068732478025,-0.8770923435693367,-0.8387815425743269
0.3284525457438071,0.3058666015877915,0.4219049340750322
-1.1254459521944011,-1.3467289125397397,-1.611615649897676
0.9760854833180448,0.29367046797724156,0.527907626194687
-2.084666021181899,-1.9283680458705483,-2.099398529623774
-0.9465614948971679,0.25158583979200305,0.3860260427653921
-1.3819986146247476,-0.7099806590281184,-0.862222919493678
-2.731986006494149,-1.8488585948354468,-2.0139826618298313
-1.3634941545520092,-1.5343715899278239,-1.575049215499874
-0.2695651369811487,-0.4582607131174219,-0.4201469788891047
1.0641605231404627,1.039341599922843,1.1008118349112392
0.09284446587958534,0.01564303064008315,-0.05803455450786825
-1.369606898205365,-1.3548741298157534,-1.310143191209192
-0.5149368855141495,-0.4541276542129164,-0.3389419685844449
-1.9324619990629164,-1.2439703826649955,-1.1735581599392693
-1.5227321054433374,0.05821637172349527,0.07759969733014689
-3.189802128162885,-2.046305690832357,-2.2895646062985366
-1.4734452088662093,-1.0571003111176198,-1.2103541804823374
-0.3724827762410701,-1.9581252988098674,-2.2306690102518907
-2.1315694274494073,-1.2928155399825876,-1.6190669596352658
-0.03607178965420342,0.1936172203110285,0.39330585985392386
-0.8983946718585473,-0.5962489098988442,-0.5862032023153982
-0.5305900132152398,-0.916073832895158,-1.0231618468075263
2.2632474851627893,1.2977391492420303,1.4052558782426414
1.2788159947238955,1.551189510298803,1.851548370099443
-1.587448132710394,-1.6770600982019412,-1.7353003640618263
-0.6330705536188962,-0.6220616166176967,-0.5792720923701553
-0.5758836648459753,-0.4981225188933465,-0.4682524404636672
-0.683849570866298,0.11021317818270959,0.3572330738074445
-0.6610497567795467,-0.7528058766887324,-0.8739127455894675
-1.6201280820791422,-1.9450972508488475,-2.2150939912772714
-0.10585529049724839,-0.35695519678021875,-0.2823399610080178
-0.21311293717088917,1.3381939843576482,1.9005658632730003
-0.2547655890235134,-0.28951086172540547,-0.20802616569077426
-2.4856846816661777,-1.8490518819595603,-1.922916730200542
0.22431413206237155,0.33752201549475747,0.31666342089039096
1.0174200891337126,0.43115528172880513,0.46992779874160745
-0.8744296264963657,-1.047679987056364,-1.1673864831725735
-0.7926435143144538,-1.450593830933671,-1.4449637724908386
-1.3978445860914024,0.1817897677151628,0.8139975215089302
2.093370537413556,1.757445267934522,2.147431906882028
-1.1992753704894132,-1.2098474013446854,-1.338470202655114
1.095409850534431,0.7530383800629484,0.9021872499527214
-0.39281921701670625,-0.44616745788440165,-0.5076809189636132
-1.0540187003228016,-1.1236609031656692,-1.1124434063906106
-1.6075014806137702,0.38457283760983013,0.3335760452956222
-0.8407004518962513,0.21440932214198768,0.5167364690354629
0.7938648870719518,0.8465460840893487,0.9604275487959671
0.8863800702420075,0.5063126240555894,0.8462763966376641
0.5437474553368684,0.1940864455521651,0.22907632038215045
0.04694614538365148,-0.4299730120981855,-0.5303381720473482
-1.8604324532162404,-2.1273387010865656,-2.4337753977901677
1.3267287648797674,1.2393632776062846,1.5197569227284413
-0.05647189612398922,-1.72974498961369,-1.9215478999471016
-0.8800879495964624,-1.4546564210685584,-1.5691709768781679
-1.7253402096581314,-1.3316889862640005,-1.3654878792057568
-2.1172386876245577,-1.4706114810825808,-1.6340520094678401
0.04983360127322385,1.0586909717973798,1.2178273415315808
-1.229729236927292,0.12858457217814476,-0.01983586251893439
-0.4521139277031051,0.45660032104532283,0.4465804938268515
0.3808328738860116,0.3487779028402663,0.5178501464916672
-0.4178440531643219,-1.3354682790819752,-1.4202330966567887
0.033004560408703455,-0.2299576255241965,-0.2530600640240956
-0.4402844311991778,-0.7703555383454448,-0.9132322471714157
-0.8609322112237524,-0.6027883837132442,-0.6347916764728851
-0.3536974385180296,-0.2215400291580829,-0.2767640477116803
-0.358441377933094,0.5918153822492038,0.9756999860846586
-1.0680938686444426,-0.6103210312035614,-0.6537487868024379
1.7131564227430007,1.2645563886354236,1.1058719892936957
1.2088515063759102,0.8153428578402592,0.9343304068263686
-0.9601818396913828,0.593147557233259,0.6061539163575403
-0.9557529904372604,-0.571303844959004,-0.5786195274593643
-0.793911158396408,-0.60389378840933,-0.5704201352784718
0.3687817890419533,-0.4261968796456222,-0.4207290276267221
-1.1772803807378265,-0.37800326456604966,-0.32406027596089415
-0.42764499713124143,-0.6502428607644454,-0.6291771148246238
-1.2487065319997566,-0.48759415036042447,-0.4050546948275583
-1.0484191440075108,-1.3728134741353868,-1.3674972424972445
0.727605241220628,0.25576301396017126,0.48157653872533496
-1.4963518902275554,-1.0645886226773376,-1.2143909984111076
0.6198972969803352,0.32387026636756727,0.2521159971397129
0.058279147970773194,0.2774947486383349,0.6837089113875751
-0.6152563144513523,0.4205136358939101,0.7370504125041969
-0.8559386198372294,-0.24376306819617602,-0.08998317527768465
-0.7128274663643143,-1.31597941768876,-1.3514240600561649
0.43615216664298434,0.19044125360852363,0.21284702754700965
-1.2747932215921016,-1.339573221175943,-1.6063776601927935
0.5389792084786141,0.7626300573837853,0.8445263603428311
0.038620477330184616,0.010864144961896907,0.13679530635542753
-1.0045404050004534,-0.6638387725000363,-0.7640506443694863
-0.4651168726393312,-1.570342599552552,-1.5220075795307464
1.3249000138278677,1.4883753093932346,1.6901802502848549
0.6876756971682482,0.6695375833033821,0.6029212181327013
0.27448405878118404,-0.4710963610228083,-0.3689423976498478
-1.341925434843569,-1.242999401683757,-1.2007154151137214
-1.5728500682149822,-0.9003564780567721,-0.8569949088028049
-0.7606682314332059,-0.5899834831627561,-0.5746169470715191
-0.5092828293429652,-0.4758788553749576,-0.07365770393558731
-0.7237106037782659,-0.006324405925501432,0.07458845148567621
-1.2724217653600298,-1.7078200578714997,-1.9621528532509753
0.5307860413510256,1.0006704472650778,1.5046520654212643
0.9216181963578943,0.8428939921361719,0.9907406696362218
-1.406261622150492,-1.5783392338853612,-1.8716462164694243
-0.32022334515445505,-0.323728484207503,-0.2449300685821601
-0.8050902100262326,-0.46321954252061087,-0.46283560569503085
-0.6176299154296017,-0.6069825680248198,-0.618542626631259
1.354968855024576,1.2411415796551715,1.4360751600647117
1.3647874157426556,1.1272382876691853,1.376504016668503
-0.18789012381786027,-0.05304908734537323,-0.014988343470994916
-0.9780248505020277,-1.490179529636136,-1.541295833411925
-2.7176785429697756,-2.2666291439058686,-2.6023744320718065
0.7404868069376574,0.9471818262147796,1.1510234766883243
0.6141489579321405,0.413903060281872,0.46130659982969696
-0.17003230905264585,0.46499731900102664,0.8233016111870004
0.13489852091052976,0.09711553117563904,0.12643393926901725
-1.2646667558140425,-0.6861577353872611,-0.8108808954180216
0.33652056634897676,0.2277764092033499,0.3184207504305569
0.1666606372737989,-0.14840686966149927,-0.07673737917037116
1.1407823152990682,0.4604290119823911,0.6573670154505146
-3.214744110711487,-2.7981202858117427,-3.0741531640635014
-0.5900366119673102,0.3134189753291486,0.36629535791676854
-0.10231001160112846,0.18382214811103548,0.1546914516734968
0.7070744631791532,0.1694385656199484,0.23824251521722054
-0.3818682192825662,-0.20634577246971278,0.007779994186536971
0.4331328930644044,0.6185255472891477,0.8664892193381207
0.5471456814679875,-0.6457080951390617,-0.6274112159755103
0.11795891139464819,0.13280571132648378,0.1890105587270266
-0.8110256389510966,-0.7505964759472638,-0.7715419062906035
-0.6471328501465576,-0.7764398857113721,-0.7902021027800602
-1.390336267644932,-1.5099068259779325,-1.4079112255918274
-1.534895855617116,-0.9281918986289212,-1.0059523197486304
-0.9808479346045977,-0.8716101811608132,-0.9318037421424219
0.0907265054234654,0.046836465446231476,0.12247172312714874
-0.08613033495782557,-1.0281719780311351,-1.1851581383843994
1.7920698103159585,1.1151147823967966,1.0436481225287397
1.0189884028352185,0.1128191340686355,0.18778613024732072
1.2878768734958579,0.8713342376403996,1.1817936439915042
1.834518116337591,1.9098908483411732,2.0558113964621065
2.0130770707573697,0.7049727899234967,0.8338930871936285
1.3467767627759775,1.218360883910719,1.5200662148187747
0.8117049469236037,1.071378835854377,1.1092578025780018
0.8109926763696894,0.9755943096627623,0.9964646220747161
-1.3056888761073127,-1.0393042454318995,-1.0601934416722651
-1.7487721523956217,-1.4674936319433394,-1.5936734373188914
-0.9973610751166554,-1.2065104705084486,-1.2226021187744291
-1.0596101451678601,-1.5898681727812167,-1.8598490287123337
-0.7974134137358293,-0.4118070044358172,-0.6638239388112214
-1.3342152565465977,-1.3491547311713574,-1.3046671432984334
-0.3789081887359725,-0.39564311489313203,-0.22737190143636343
-0.5601768220056744,-0.05396991717937646,-0.061567628665869914
-3.1510487260931783,-1.867286917995878,-1.9864315189023292
-1.557589927876459,-1.0121488675128842,-1.063204450577314
-0.5920287128559691,-0.45988859736139437,-0.29429706408267353
0.7044681553202461,0.8092106556189173,0.9336355569255707
0.5686557693623748,0.9416898459394512,1.1527239822340174
-0.045427036041001505,-0.21262020801393933,-0.2249263754986569
1.4712134792869802,1.0682120150173995,1.2067176306823562
-0.22110394499488475,0.4119328433950792,0.6884917283085483
0.033605616235830735,0.07485978624339541,0.44673395808333044
2.1125205085289074,3.0897279696689997,3.246154049659775
-1.4244707674247026,-1.4877184218510433,-1.6001988187818015
0.7679220763014032,1.8060044528544865,2.0065995952020543
-0.9157470206619681,-1.7374316327327608,-1.9033629736434845
-1.8200096671978712,-1.976025577524383,-2.267051290516855
0.7405196795791691,0.8273948578768309,0.6032567260736642
-2.527388895139172,-2.5190187025364543,-2.822158301955641
1.286006119227101,0.8944968792588511,1.1137389530473398
1.7511755987900381,1.7565824289860343,1.9094169467674014
0.3687879103883545,-0.1127429658348772,-0.04383588878630258
-0.9967313199629598,-0.6047517818905562,-0.629131048946159
-2.166468568274518,-1.6376093242550434,-1.791402665888657
2.624450317214552,1.6301691143178196,1.9017600069020593
-1.5139347073856608,-1.8814651623588574,-1.935715742669475
-1.3172675255147508,-0.913582147586504,-0.869558728443793
1.1691611846296248,0.15395527357370448,0.18348154987822993
2.30931050253486,1.377321344554751,1.7742344380628745
-0.1299222194508181,0.10238879953610218,0.21329766046717552
-0.39670112712221034,-0.8064147879975726,-0.803008097716334
2.0762063036455447,-0.05237442447847069,-0.05669630130498488
-1.1692842844118072,-1.1441263337409022,-0.8773093391473369
0.10570615190344707,0.3484681018383499,0.5043834091174978
-0.19057522889130335,-0.709340955166964,-0.8457832102872488
0.8491127597563275,2.0154680458277814,2.342854596046862
-0.0022747396675681245,-0.24078639728796453,-0.15118652830725474
-0.29210949370057404,-0.6928289402982643,-0.8734469867264503
1.0075473054369113,0.8363471411743587,0.9538588800211099
1.898653761832772,1.1932787265900833,1.2234511101267087
0.6716826696183178,1.1274781288076927,1.2009904449143112
0.11094206492159447,-0.3054888759934378,-0.2553357627809835
0.44445168580970207,0.6764282508320139,0.7862895554967837
-0.8126003515592111,-0.9935468286176793,-0.9596960664867678
-0.7115861874595735,-1.1381681512936073,-0.9754996065851714
-1.7440171303124594,-1.2002419372143645,-1.2738343700222647
0.5795736840600048,0.23324866519325932,0.2840565392676408
-2.092534626541235,-1.7938648535725124,-2.1004352967144353
1.7395826494641002,1.3256103240432473,1.579882986108957
0.6663376686352839,0.13951491567482188,0.12950659153709954
0.2963513279631174,0.10752415506492013,0.13309911796911744
-0.9693770467562787,-0.5372309542397024,-0.8141589406797604
1.4775413923713823,0.8302425476027758,1.0333500688590183
1.9256868891122094,1.839747359135833,2.038933695096404
-0.3471461064272066,-0.36780012152869307,-0.33579317496492106
-0.44260429823872405,0.34071248353106526,0.42157167347573526
-1.1012601738185717,-1.2282765040783528,-1.2390763361820771
-0.7514831002653103,-0.7185755731327063,-0.6441599902285152
-0.1823571998124714,-0.6268676884730928,-0.5086025190571126
0.7616433342065361,1.10130727968017,1.308172317654326
0.5152630352246087,-0.06416851877676247,0.11637846433026033
-1.2470276671734422,-0.9327058312883951,-0.7828532306472754
-1.1188383541189022,-1.7447613645804938,-2.1545334275881576
0.201701025257528,0.7255576862691874,1.0439544738117166
0.11840263244011821,0.34083070077155314,0.46793798370457246
-0.2004983495447385,-0.3108114382343654,-0.19546810317118085
1.360806925657695,0.32622106589599786,0.41986232504986787
1.0961939746500746,0.9915052269583647,1.2299177434331312
0.2093570732052141,0.4899895127389465,0.778734301320548
-0.7567072325701605,-0.941334940583798,-1.1056752112031403
-0.17251883448135966,-0.5863274647574825,-0.4110514775412139
-1.969914957585234,-1.2468005330496132,-1.2693975382913798
0.010514226634515102,1.233523735514666,1.5667731404194725
-0.2582103008608467,-0.4029222515998565,-0.31836865624223515
0.5825092353554897,1.0413747109051703,1.027579302364188
-0.2811372703693117,0.26554051998521716,0.3537503910000726
0.22055540880605695,0.43000075559748874,0.6885210695652277
0.07836331818840568,0.9193434495830302,0.9861526523718551
0.43601328213639196,0.3825157432069166,0.4418171411630299
-0.6988886334788809,-0.676258240904296,-0.5721929951320841
-1.7930562582597824,-1.1732190524014967,-1.2894844435569526
-0.0521491414094955,-1.046167011819619,-1.2955083439647954
1.820314299260236,0.7111907534489524,0.7560402440742792
0.17233573826925896,0.023630330008179927,-0.16024490490826557
-0.5251111713915104,-0.6673882776718901,-0.6844472109742681
0.295869846974778,1.1902175854599142,1.2374740991773314
0.7456214520069723,0.4962670338148214,0.5619613169909978
-1.0646034833553537,-0.995385948621839,-0.9570017978258009
0.3058123540501183,0.4097152730554732,0.6696238839030012
-0.9621176808246646,-1.4310421121049184,-1.5707323769996548
-0.9807949213645605,-1.0804002664675783,-1.3403904531070576
-1.4140772836537716,-0.06594600102410972,-0.10562546415385185
0.05791884110775251,0.38243415939029474,0.44005462784214433
-0.9238881928521847,0.17419718234404355,0.23675374974194402
-1.5104636797345503,-1.553137576404696,-1.6269141434652654
-1.3420949127446467,-0.4477946048565536,-0.5381884643315736
0.8250671961724801,0.5590160319670254,0.5815681914132447
0.49860068991469836,0.7084096612394191,0.9315239634053161
-1.510799089925364,-0.6939005311924394,-0.6400751314188302
0.32035775476547595,-0.9268679304264753,-0.874739147030075
0.4992471565180375,-0.03381977792204402,0.0670498872810083
-0.5338882996428838,-0.17159417683891096,-0.11527982269649323
-0.30735089706015484,-0.3731443152425876,-0.5671517425421064
-1.0260808004359616,-0.8429841632562937,-0.7746488245474797
0.026612575963002174,0.19647151612435457,0.2862566422941739
2.178069073456182,0.4226918046727172,0.4104934923611086
-0.5860624877266658,-0.9205343104021988,-0.9120023250506487
-1.1672616979044488,-0.05797900648133268,-0.21957161892845933
-1.6368198828173095,-1.2280258380083808,-1.3364444624746628
-0.016974616439900954,-0.0916508517840687,-0.10049102350373823
1.9527231042238185,1.0116598059447546,1.0545807246834145
0.6972884452909003,0.6209214942983904,0.6951857949190517
0.5570199658472856,0.11144333629394612,0.2264731167588639
1.6174273458838704,0.4322597285384219,0.4869769780840435
-0.010222094063236847,0.04293299288794847,0.05687662447972437
0.1809003900749372,-0.2579172746937744,0.14291580542205398
-0.3686030050977036,-0.9051619776283621,-0.9048349426323444
3.0473071695482568,2.104310975205702,2.3450588781724324
-2.4379353743077696,-2.4877244114925743,-2.866593005417382
-0.4159126915024145,-1.0608192358662472,-1.1754238863166657
0.5763640398572772,0.5398602773376046,1.1076178052345873
-1.9888322322180716,-1.94544480594036,-2.0466843180872103
-0.7131832020083533,0.21116165380956878,0.2893036306210613
0.8281828776406605,0.6466016263378693,0.7957840085322686
0.06785394322635942,-0.41367905443369024,-0.3947781429777384
-0.9372927582429172,-0.6243271502516005,-0.5452609636700908
-0.10902675641938382,-0.31566198119830974,-0.2648288794867796
0.4628513373714138,1.3646415340050977,1.574954976343085
-0.29844019722261106,-0.27328803598208995,-0.15169968801324477
-0.6875858823143332,-1.752616678121118,-1.8448088153158742
0.3290324801076162,-0.6053970151660247,-0.5985535624563315
-1.9307273382486552,-2.215166174513497,-2.371684972418218
0.1895289404624648,-0.5303528259844087,-0.5498226777533644
1.253121803197791,1.3737553217661849,1.6653013264381742
-1.2182015062812868,-0.05242084746071598,-0.1356043166396993
-1.0012512175491186,-0.2987557331471918,-0.2932280050316834
-0.8429370222839914,-0.1810089472517793,-0.11577070976092499
0.05547315588281614,0.22143534805281315,0.25674797309844477
-0.30016888819968623,-0.36105815803309954,-0.39944664876975056
0.26904247426114564,0.9085181421786253,0.9956718233151989
-1.4977843585795185,-2.292322646143905,-2.3222630269785105
-0.36362323334333135,-0.9407504135068226,-1.099244267554863
-0.8847261701121777,-0.6215549567112828,-0.6301216398576547
-2.8726665167575964,-2.1870898705293893,-2.361253661367525
0.2597044632274305,0.5014182347612272,0.18740949378729133
-1.413368533412669,-0.14393461360868012,0.05922001240839759
-1.751510243966714,-2.377315318486801,-2.801400856490649
1.4214601048706288,0.9725402826108195,1.179863173312469
-0.6809297299617019,-0.5868264171258727,-0.6370215944697071
2.8360054542484794,1.0080949225190043,1.0696292414114208
1.077984688655139,1.1511706740716898,1.3423688514465566
1.028543970051146,1.0646476013875845,1.2522401271653556
2.55417730118839,2.142310547236668,2.3741937747015296
-1.0427861771062108,-2.1862270180909595,-2.2404468867787806
0.03928130132134496,-0.8539272797436143,-0.8508922898291161
-0.40850663958129946,-0.22244756716147912,-0.27884980634186785
0.19917539202128837,0.9478625817665423,0.9899039961699787
-0.280620863517723,-0.9879122418747704,-1.0611221118881244
-0.8106997874624612,-0.7806383395384705,-0.7453817135422053
-1.3001126246650105,-2.2141769948107597,-2.4261043432036433
1.3138722594356185,1.1363418650823125,1.346132412461972
0.8192491051596426,0.19344462505607796,0.2829315913531161
-0.7532433161787163,-0.9580532905458824,-0.9054866143877728
-0.919151025073459,-0.7490777993445076,-0.8493842346717454
1.3632162971376707,0.24235869264310483,0.12236090672585381
-1.5728540340764927,-1.5984539419381951,-1.6319283058096683
0.354051710198957,-0.24015855332587452,-0.21807826229566787
-0.6083434292221469,-0.1405500429040894,-0.13347253641095383
-1.5501929095958937,-1.236760306857601,-1.4545124766478
-1.7091077805511279,-1.0834868387592618,-1.1720894240352007
0.07851685490173411,-1.0450588002796253,-1.2415858186297812
0.6290335790713659,0.955470924352318,1.0260512255568768
0.0,0.0,0.0
0.49303833964861454,0.9478678931647375,1.0588588260289127
-0.31470715820355477,0.36281428441189445,0.5257694916128887
-2.4558992635391244,-1.6827060226200856,-1.7076324526261992
-0.059071684003061946,0.32215980566160135,0.23136964818325884
-0.5321481685009862,-0.9421229608094402,-1.1959178461425377
-0.06939736692978844,-1.014268254318372,-0.979807096873344
-0.6418928522018504,0.1346331381869109,0.13799889127895856
0.2267325137430882,-0.04880224716582919,0.04408946178202583
-1.799360898641803,-1.4189664191445381,-1.5510272677380543
1.4406100694226815,1.4411983405466684,1.6049391937906023
-1.1364837967938963,-0.9938778057168215,-1.0029820307173987
1.2130904632604864,1.019474730169672,1.1834925449445455
-0.8973775973695712,0.822920620632495,0.9374317015844138
-1.2546093022975389,-1.3589882638239081,-1.3151025738100834
-2.1428893346060613,-1.0011467142006871,-1.043946192345782
1.0203126949065187,0.9174616042492767,1.0197749720007356
-0.464538494139068,0.46097234732516884,0.6062313951565657
2.269154721827628,2.395882194062953,2.535764097646807
0.646145583344162,0.7550211678537947,0.7798083839225299
0.11348064553612057,-0.1572984375004062,-0.27599746712073275
-0.6195007283345494,-0.38529748900431127,-0.14890787116956275
-0.9104634297898744,-1.5092790673100567,-1.5445105287074297
-1.2112571692829888,-1.8608155297006042,-2.0482354958422833
0.7362767433817682,0.36204362873801904,0.4164129400866808
1.3045453389970638,0.09236290928795113,0.5144595771269993
-1.4999767052782533,-1.428701234512703,-1.385534944016762
0.23181463607852668,-0.06599010567165692,-0.08543855933490771
0.07264223587084291,0.13364148043691346,0.33264266631385586
0.0,0.0,0.0
-0.9691610242032693,-0.6842233556949967,-0.6849031641182273
-0.851925904186438,-0.7451927629213715,-0.8063291491884746
-0.3097520466292503,-1.4350336248959632,-1.8294743201622539
-1.1753627186402151,-1.751133701451147,-1.7791946385057698
-0.7258142317353111,-0.7128812388474575,-0.5669599606345853
0.32437683323805167,0.8503313746903599,1.0174674424442665
-1.9218433672457456,-2.166372683911598,-2.184047553083769
-0.6379916166428888,-0.4540295900354685,-0.41415433503576765
1.4634840438550418,1.8262262446229882,2.15958558763294
2.3068842784833445,2.407324439177948,2.6854757389651045
1.6859176148744062,1.0657417870686567,1.080164645025213
1.110778450375671,0.34483135641722745,0.28368549176118507
-1.3957147141423634,-1.2558644311965732,-1.1648010663065185
-1.082481905721459,-1.3641954872126307,-1.4396627063498841
-1.0135732599975105,0.4579756538694444,0.569464771229289
0.449267385323107,0.6494658328871633,0.8336682971171719
0.9893955625848965,1.1134959967219353,1.2409521682796494
-1.2492090656884178,-0.9677223254367834,-1.0287007484704207
-0.10656723239871807,-0.8644359880524315,-0.9401900771916648
-0.09190392428307105,-0.053007401478743395,0.18120031056586475
1.380690023632698,1.2516011752235092,1.4160817814157638
1.9974542761240892,0.6582827845038633,0.4601823882127936
-0.11815235005914772,-1.3625774294691715,-1.7320908896671365
-2.0090967179338692,-2.489719762693211,-2.7075214911562795
-0.3350151591064257,-0.5923476711247275,-0.3283642710466796
1.291535379216844,0.1345302196966347,0.058515621996832336
-1.437657325861249,-1.6179684639362462,-1.7132867306838855
-1.1222476069214233,-0.9526597543611995,-0.7464599224320507
-1.7604002519620392,-1.5615517663819691,-1.597435756342249
-0.5978803078823083,-0.019096781990252266,0.08492381190355613
0.49828616864622316,-0.7332721466418214,-0.8945112708785038
0.8363022602923698,0.4133997927746367,0.5180755613893571
1.048828170984144,1.1507629270970725,1.3703186739814655
0.4929606519416315,0.43575365927036963,0.4930666648215348
-0.6110867478586909,-0.3844352680327788,-0.3531833676885703
-0.6783007282874576,-0.7574482818407057,-0.7425281844749733
0.09919430172156374,-0.3241668433176846,-0.41979104520525995
-0.6129010892205375,-0.45142216351204567,-0.3377167222018424
-0.7884620200812565,-1.052205545845384,-1.0999511971680276
0.9216709541769974,0.3712215359819613,0.49822209013189495
-0.6017174065551001,-1.468989980505511,-1.465635203088808
-1.0834387004612092,-1.3891159940677804,-1.4020173906968918
0.03147702326213715,0.5453140730030985,0.6610367281035398
-2.4928632529488737,-1.9353932722385576,-2.1193640083342182
0.3209082370420095,1.0843896195421199,1.2827664304132462
-0.3621821884240834,-0.9749345056773675,-1.3025380532369606
-0.7775635508600613,-1.0610662275743976,-1.354098493345797
-0.10174947319439963,-0.30312683487834713,-0.2333630018104228
0.4426281715197565,0.32674629074000977,0.3691892551554612
-1.4646186879826057,-1.4521231737339888,-1.6129920052078317
0.8973603717994609,0.4913370112590291,0.5522682372229949
0.25487663413651174,0.4122100239978743,0.6384192136786265
-1.5655304131551513,-2.3324529525158533,-2.4749439787719645
-0.03145996730693322,0.19319309584611888,0.4154688787116922
-0.6330190974660531,-0.22778241508121225,0.011476014113500905
-0.7868793379450824,0.022292648787052595,0.2086471098081663
0.40638617500190627,0.7843645126335513,0.9305200505965645
-1.0129294807038771,-1.1068260280515132,-0.974608022014959
-0.7479417328820898,-0.7289519431890482,-0.675361509117178
-1.2853441023878522,-1.3681466286776067,-1.269720350520599
1.093146221523359,1.5225827067313398,1.7955936925383225
0.08489101256590265,0.2656541794273562,0.5227605639403142
-1.142463516064398,-0.8070786780282299,-0.8837596154823598
-0.84448907657355,-0.3072612251283246,-0.29453119458683363
1.2972727841054796,1.315314337380156,1.3932628410303172
0.8001065234949889,0.7152740426774857,0.8550334202653304
2.6400518402924975,2.56878664459882,2.746361026274512
-1.196956754578856,-1.025068960646754,-0.9493225139676046
-0.6869378733936624,-0.45811715521478824,-0.39600240520511265
-0.2752048575883325,-0.2718125679011333,-0.14708530129048564
-2.195080960069482,-1.610366626969713,-1.8476942335860342
-0.5809614724687634,-0.25224463844509504,-0.10549646484567536
0.2051031981624323,0.19133037808734318,0.2056138176468747
-1.3425519915718729,-0.9658548729854284,-0.9891402536684778
-0.8193970869704358,-0.5395421728030629,-0.4596713863849387
-2.2896855131579987,-2.17421062400536,-2.2887778218072237
0.42640053182383586,-0.4523620947890682,-0.4519909042633042
-2.3965070149763124,-0.9881428370772893,-0.9945030478870011
-2.7068352563376967,-1.2480458327551918,-1.4294773107886238
0.20061325120466747,0.13078275017735702,0.1325629145179288
1.262770843984968,0.9372113792384736,0.7471621452904558
-0.8497434772432282,0.4439778163223728,0.8087245730438408
-3.217409099606227,-1.798150340102118,-1.848409865896397
0.004699922739491601,-0.19609277446549842,-0.11770335919091492
-1.491089219510157,-1.768134711814677,-1.9626611981232767
1.712270903681066,1.246209176101666,1.4581506502380233
-1.7182159437516993,-0.2834705003254797,-0.12106301137154223
0.8269247547348545,-0.21940063662976267,-0.1836983469115351
-1.5549458298830543,-0.5070022414690953,-0.42781173190581434
0.9731446495925755,0.4532327521942367,0.5220440742757625
-0.8331005293405553,-0.05554929934662235,0.0009588771355870933
-3.0104947397880615,-1.6329756533191226,-1.7358419753633123
-0.40345943512179316,-0.5345253224426393,-0.468368138169903
-0.17554718691145516,-0.6797296385782637,-0.7135677532571575
-1.8562580020616268,-1.1287925389549145,-1.1097532858780812
-0.6666584156070571,0.12785271753021932,0.3006178065875871
-1.0866625764226534,-1.0756499357255391,-1.041213329024174
-0.5254988212173198,-0.6244584449960199,-0.5514439420712897
1.1715062810528458,0.4287297908878416,0.5505515028529057
0.05833619432479129,1.2576687517998666,1.477035681047081
1.6324379235970925,0.7030296303533594,0.8195520956428783
0.6970955255300749,0.6417069438341542,0.6767895015254527
1.19852832801635,1.5337448874540833,1.9018058935702076
-0.18882599186489027,-0.17362106277904182,-0.27307551718535256
-0.6880895956247071,-0.15733283600547068,-0.26772526967786764
-0.9065199837115185,-0.14442782741010987,-0.026868696801869863
-0.15012562875977792,0.003911759843630035,0.31764270554701507
0.029550919344040867,0.22805630425101214,0.2568113604039535
-1.3641568045265182,-0.5625659630891765,-0.6983882820831941
-1.525799358820451,-0.9336693944734292,-0.8711085873402117
1.0165498053032789,1.091241508109946,1.3271617496395074
-1.4286813861806449,-1.442690369315856,-1.5691204683745021
-1.858862427218183,-1.7276344191238853,-1.8545125676897027
0.040226014425957836,0.21590040988633347,0.1524944409388423
-1.0144610953756574,-0.7250068765891892,-0.8158098751249477
-0.14352826605979327,0.26997926422641144,0.5226882018039565
0.22884995641973513,0.20919012659401412,0.3336434744798323
-1.611108186441709,0.30720345172135016,0.2022076916992422
0.5848051456710872,0.021296364701102233,-0.09345112440500397
-2.029340586534568,-1.6709738895077928,-1.6357901689468408
-1.069326717818408,-0.8455135467697358,-0.8395170881043681
1.1598002716446836,1.376360980571815,1.5768044049522538
-0.042308004268362044,0.14187418557891576,0.4970196261777643
-1.9798007550478525,-2.7525274388219327,-3.333277128440066
-2.2262250221603304,-1.102675239360317,-1.1368604915338383
0.840496632113146,0.8909582201254062,1.0097975973252267
0.5929212504324265,0.5623601772905361,0.8070979769488564
-1.8549066584350324,-1.7405148093635436,-2.011171207121481
0.11805618552006697,0.025410133377782106,0.06307001785825599
-0.2061370747193158,-1.2216375440438025,-1.4287781591731568
1.0329299449537033,1.0431876616262235,1.4277526958716245
0.9410942817158761,1.1901008055869724,1.3900394281790591
-0.9863903231228965,-1.1079343980109004,-1.2153155686456176
-2.608243361339976,-1.6359038276572346,-1.7656012739810543
0.11187575029564834,-0.8432310852041112,-0.8747765659251275
-0.2689491441475212,-0.3011023176566396,-0.27683036719337833
