ho_likelihood,hol_likelihood,std_likelihood
-0.846917134794691,0.2132563561649497,0.5834279430918812
-0.8429313022338828,-0.2994579375304805,0.12293826041232857
-1.9607324526583012,-1.689948798639168,-1.2842541655937982
0.5499964837491781,0.4106568385748885,0.5789922314732203
-2.706967833638901,-1.4065165255600416,-1.687867776939709
-1.6946713553997839,-1.4970499073193126,-1.4789184296329774
0.29235389214233237,-0.7563622964936723,-0.6165785905661704
-0.8714926064832657,-1.0453671280779646,-1.150544559406733
1.502733910987189,1.664086291715127,1.8535402756450958
-0.3379440262444051,0.2921436955551402,0.7556049040584145
-2.2630936707408478,-1.5044002599340092,-1.4991821778939631
-2.789261668397836,-2.348814424356535,-2.91464794807946
-1.255693239482865,-0.07753264827652022,0.1550647589334079
-1.439199731371463,-2.0274576541092078,-2.1693608424359105
-1.8744558882808533,-1.6373632380365923,-1.74967132492878
-1.0928329545426143,-1.2329853335919778,-1.4371019897482993
-0.600176760020903,-0.10971283010700852,0.2250021891471352
-2.5653907048884714,-2.6042432617637936,-3.2027697057788678
-1.9942705696305962,-1.3297209016825844,-1.4209992642987728
-0.27605356634869116,-0.2803548377042983,-0.014031043188829417
1.0003934070305331,1.0203632608096929,1.1994268736494742
-0.9831958707878914,-0.4295994478311733,-0.3125968842403971
-1.9052601231821902,-0.8955694114008592,-0.41851426066031705
-0.3520982905858179,0.17674192212616974,0.345377118359397
0.3372504605290302,0.09349133360315916,0.16298671313097263
-2.84757122867502,-2.009237132373034,-2.311478943996301
-1.0860054712150111,-2.0917265518504,-2.4334718446241324
0.3870271240309744,0.31229453160441184,0.5116918359458995
0.9204384792414335,0.16781322431167653,0.2835760688900548
-2.0391512817730906,-0.992896468927771,-0.9764707163136696
-0.23659622138066783,-1.039499882828694,-1.0547491942670881
-1.5647656689308114,-1.4510360330890242,-1.6505690673950695
1.2543800186638037,1.4030027154318725,1.7675962768663551
-1.3641395670449332,0.07254069230159459,0.2717342050019843
-1.128318690409777,-0.7861805945302742,-0.15592790682003163
-0.9153271348534832,-0.7259268646729448,-0.5485458689642222
0.4762179622327522,0.8607716324805995,1.2489540951100513
-0.9713583531189004,-1.2635114842788502,-1.555549026777506
-2.179030729383902,-1.7480136656829963,-2.0289160075330113
-2.463178896009648,-1.1425555971251355,-1.2534083392177546
-0.040178367780395255,-0.698042720814203,-0.3292761982321192
-0.9376249796406483,-0.23129372487686467,-0.08449516031116726
-0.7724222986491651,0.5428005818317868,1.0215161971390028
-1.712606937156336,-0.8992849579160735,-0.4280454355576672
-0.11601348960169842,0.09834278318861756,0.3649760327116053
-2.0228998205029076,-2.2162942300032857,-2.3456590920287783
-0.7499128692532656,-0.4551545275948384,-0.5238648808106419
-0.5101416798466555,-0.5560100460331793,-0.31029666380444104
-1.3049860797044484,-1.522333091510542,-1.2603020525628994
-0.6803282164965443,-1.0691362789108798,-1.0045030729207467
-0.3307996737782458,-0.9305509764677007,-0.9410765953479354
-1.394479249727549,0.4774988887038472,0.7447547336003163
-0.4576124132226821,0.09340346028180434,0.49564339711390787
-0.6284974288078871,-1.7042448036192122,-2.0110136416111404
-0.4542639823806727,-0.4946315512651567,-0.5649996924482258
-0.9409110410558263,-0.8841842195292868,-0.35649771837528493
0.5238566206059683,0.7998603721116977,0.8458084446602686
0.6388808080548625,0.6508276521881625,0.9124331280905105
-0.7566619765765186,-0.44505198916086325,0.27265553571593043
-1.823426726318124,-1.613234771553826,-1.6615772146386707
-0.905565421172029,-1.8487188614306327,-2.323937668966289
-0.41745073368501034,-0.35828624428141725,-0.09717333436333189
-2.0626017107737997,-2.4548032196092473,-2.8136536543176147
0.17237641169388543,1.6527633168646805,2.092733895384093
1.716616760661579,0.9679277483944425,0.9781921600812647
-3.9545151190689345,-2.6083847125187996,-2.8406960969609942
-0.0788334466349503,0.21067432283188853,0.5794371693885924
0.31330811839618145,0.69547516687447,1.3202420670065889
0.48297777384578333,1.206247495313408,1.3732865485753956
0.03402909367342598,-1.3168958414118535,-1.640274775453098
-2.768383431099057,-2.137876053460045,-2.4621507853785056
-2.5880387147960926,-2.05154930773634,-1.982638439145899
-0.5591380359753123,-0.4956526343975797,-0.2932299546003221
0.6876430040420441,0.6617293377403142,0.7986813544017627
-1.4806282938753201,-0.4627951791386964,-0.42521333508416737
0.47194061339918025,0.27750506141488723,0.31508910032527154
-1.75631253187044,-1.742257491872895,-1.9514588218380358
-2.973409941107055,-1.9930238527570878,-2.2528399226314146
-1.316529143905027,-0.1386038822460962,-0.14480542797673393
-0.7414056857738525,-0.14844561096764156,0.19336618036156908
-0.10201655989137287,0.05496805880893065,0.39658554554070785
-3.3811577049874684,-2.3918824512118144,-2.7683506069243005
-1.6061770049192252,-0.17920696772008846,0.12885224628551728
-1.3701189780115413,-1.2332366955079042,-1.1619863112663698
-2.025255260882519,-1.7821761382012757,-1.8896934259731035
-0.45665987625066357,-0.5048404290011816,-0.2365160830351466
-1.4524477317956621,-0.25334386843026524,-0.20560799190654316
-3.029058359324794,-2.2606298339452477,-2.6359583775156428
-1.7240009995405978,-1.0103049934262422,-1.0005042271791256
-0.6017814733221357,-1.61484651584468,-1.9557218983193698
-0.24919621152276988,0.3747062928644658,0.9523169542296092
0.05210776050045983,0.2726203208509528,0.4934275211737487
-0.6608785473454764,-0.4003758000614446,-0.06654342402878402
-1.7156960872119893,-2.3247698560358296,-2.6066176607623484
-0.20540707628780522,-1.79408536380134,-2.008135703009312
-2.070369523447557,-1.315112716558294,-1.2151870864691525
-0.5973467334058827,-1.9654073519616486,-2.7115985084835863
-0.005111409178761637,0.6771643896263022,0.9286031220940159
-0.7427087990997173,-1.3825170407306115,-1.6998345170918758
0.16678642404663133,0.21930338468523003,0.800358635924357
0.09512901717462274,0.49329549286608076,0.8509238408270312
-1.3142416093180362,-2.3159249992764823,-2.642216213932263
0.8421538487887008,0.22458935443466502,0.2844564460648606
-0.8096814992558805,-0.20252287763766394,-0.3635195860214157
-1.2402741772749755,-1.5442615497484875,-1.6903580268278422
-0.6045194630234481,-0.8247533015620172,-0.37207103295325544
-2.1223127505377755,-2.3873925283992214,-2.838162989624684
-0.44248581214352106,-2.1041861743663417,-2.535092130746724
-1.5248480264870552,-0.8967709590417124,-1.2373666770706142
-0.20367608156457304,0.4439455927026604,1.1946667785500957
0.9628990514556848,-0.2461874806493076,-0.2824475975463664
-1.2373895634488887,-0.6167956015916572,-0.4159208732520803
1.311538821236344,0.6454106938729179,0.5371128451723878
-1.5483521421364468,-0.8091269071420439,-0.5457902759897721
-1.5160310929191192,-1.1964175905681742,-1.0604785393368117
-2.8345387771432167,-3.3037639304502213,-4.039536294804859
-1.341522543206224,-0.47193533008803484,-0.2761367311324803
0.25642266810812464,0.08162950574615392,0.17647650929592976
-1.2008438698447832,-0.17137241144986823,0.330951348310695
-0.478699953237501,0.24059014328215628,0.6134769557606583
-0.6820887286888682,-0.4467945554184308,-0.3790242522883725
-1.1706903015126553,-0.4980133888777316,-0.11055320678611469
-1.3190395657746088,-1.2246553014948272,-1.480074555200987
0.6438134170939439,1.0991291778434955,1.511007135966713
-1.491556287055469,-1.0095685709332773,-0.8632572992293711
-0.9980621573454153,-0.16500693479478004,-0.17422443256123088
-0.009695064690960287,-0.5541305444286799,-0.06120054831027448
-1.3282028920920996,-1.4479542572759183,-1.3736047149899304
-2.058825206625206,-1.2934749960895884,-1.4498430537330929
1.2128611355588386,1.5978126682851466,2.2546276247148644
-1.49778214516873,-1.0477480465010405,-0.6440603932004917
-0.3617407903074717,0.6180811360746506,1.3571411987419078
-0.032182921512917975,0.20105090775940004,0.7634247062632227
-0.835262844567671,-0.9807744643760559,-1.031941972791504
-0.04052619758026102,-0.6865446059558739,-0.8436349352172211
-0.07104685525457996,-0.6685843961025799,-0.47688054247662165
-0.9724077076705637,-0.42232398394695764,-0.21731908748226617
-1.5034667331836615,0.05229665426639992,0.26496988454380077
-0.23418513878892036,-0.011050201616528567,0.35527482749479034
-0.7195246495267091,-0.017912577914092523,0.3031776452129106
-1.714736534756112,-1.498002703469917,-1.201631438748113
-0.9389244491005109,-1.0914797431638088,-1.2317945970997157
-0.9348185430222699,-2.3927699082724816,-2.8436863572091298
-0.5612352285923136,-0.9686883131149563,-0.5796504135623974
-0.2964536902444616,-0.3164072283718324,0.14813996015614275
-1.8693270176535446,-1.353091166212426,-1.4155950163428073
-2.154738374017915,-0.9931874048701511,-1.0491315919487911
-1.4532825839144292,-1.4884727291664235,-1.4122656979166932
-0.11434146392820133,-0.5305614139260647,-0.42545662963288716
2.4860515673759127,1.684686205243574,2.0414637088647822
-0.3042755841414196,-0.21096386737738998,0.16091241625138064
-1.1270606985916047,-1.6561893092324715,-1.8066219608168497
-1.9317613133641105,-1.4842613990494793,-1.5592509854038317
0.2410910444647398,-0.3732290919017131,-0.2441479767822359
-2.4096345105674217,-0.7349072411599396,-0.5105875463850381
-1.286621596213484,-1.1851153791218052,-0.9944253505264657
-0.9508244921753001,-0.4038916790057013,-0.23341460932982144
0.06841510048844535,0.6555781655523106,1.0798676237504108
1.2905170495028293,1.05438403879742,1.1639387110662218
1.3064555430466784,1.2984569459159647,1.7239611316348673
-0.5589462608356205,-0.47037658264473753,-0.36430959283542946
-1.943149302730104,-0.8800913938775741,-0.71672540700067
0.6586104347214,0.8903881993550423,1.4340438933839372
-1.971726001534843,-1.8574610972967454,-2.2790520761905304
-0.05067833003003006,-0.3926262436408749,-0.20461315962676602
-0.6382973422153153,-1.2229688675239594,-1.0133857639284916
-1.3495103605896204,-1.4353429488883283,-1.4446494413899778
-1.5299422769582414,-2.2257658831999576,-2.6067364558301396
-0.8136235625721479,0.27690533459566086,1.1259307029695746
-1.103879744995578,-0.44653050806603994,-0.6277682534813834
-0.8171547930240647,0.27994522589231846,0.6973607821549663
-0.06553612902144171,-1.0797689636404744,-1.0419030905182358
0.7913168592087382,0.9274071090024307,0.8878911902012918
-0.518499362806286,0.08529384011498505,0.3345220596057619
-1.2568204908247844,-1.3086721638324823,-1.4431322412637781
-1.4173996279538579,-1.2397940370594405,-1.3167280585618937
-1.5867158059491375,-2.5168983872044763,-3.05180465761981
0.70719157202002,0.6306609509202895,0.6551035025312494
-1.4085247090825213,-1.3058512811421474,-1.4285844572177298
-3.2186258065566347,-1.7444096568991507,-1.8609784498139303
-0.5197931951904439,-0.4484900109324268,-0.48289340314161805
-4.3878434092130725,-1.9819239990074455,-2.0980343920797195
-0.4586121887652866,-0.2595996398504024,-0.20423201074935884
0.27345172933027934,-0.7665453514182257,-0.8632457193043048
-1.1183389256635023,0.06466902336100612,0.3492255549233094
-0.9466327235649065,0.6749383866182983,0.9346518356034988
-2.273662343081056,-0.7260233434183545,-0.6943947863560879
-2.3854878643332467,-2.064775132793208,-2.5422512247931968
-1.0436999591069611,-0.8459629311959539,-0.761203815080111
-1.113277180003316,-1.4621116163009273,-1.5745305948097006
0.3416479557038529,0.15532366649419516,0.8740888857543372
-1.9914782998331735,-1.1385755103244677,-1.1951259781591306
0.0345057142489585,-0.4365387507477809,-0.4157676289115755
-2.37759910105459,-1.7586150405243435,-2.2006447039223085
-2.0575378547835177,-2.3630067327008315,-2.952445076853597
-0.6987025086371779,-0.872136833140956,-0.9043075544096383
-1.4883071939513208,-1.6499820768088949,-1.760895113277838
-1.5295279327175606,-1.3577106839056767,-1.398841104667451
-1.2702363449579581,-1.5565334429362003,-1.6342539270160288
-0.1704799332611183,-2.061727712723274,-2.247659125972027
-1.0745399908849926,-0.7897396054856354,-0.5811201184773762
-1.1172528152386763,-0.7622067468088797,-0.6075730123180124
0.15111909852266137,-0.5786582098067804,-0.22180869223134622
-0.7662909111591689,0.5361298822186457,0.9414634288890877
-0.798381542061688,-0.041997227635653576,0.15902283733028402
-1.8998524385108877,-1.0850044942598591,-1.064170506957716
-2.3226510000281166,-1.8603802955308713,-1.7642447920454514
0.8454340744216714,-0.06936993783898088,0.6647961581179651
-0.5993427504701058,-0.5097056293521973,-0.24429940906650255
-1.819516443492402,-1.237763009877351,-1.2225214217680087
-0.18905143068975627,-0.10451389053742856,-0.01938037054819924
-1.3946999596025575,-0.8364979194591072,-0.8998270491105882
-2.3227300563932123,-1.3011528524061788,-1.203416574088041
-0.4603903242122027,-0.7707328096912307,-0.8896346810993344
-0.8679594229358016,-0.839075509755178,-0.6159264395102776
0.25115139434126055,0.6412475713559244,0.8506011162251286
-1.2485715551229843,-1.643390557373554,-1.9040882715345042
0.17662671113199566,-0.25841006020993323,-0.09639220296133788
-3.26817357964445,-2.341887891643303,-2.982484144591186
-1.528738773331797,-0.39852182545385534,0.18644789616708035
-0.7913879285513342,-1.8345589002105456,-2.328882220736132
1.0127176184533724,0.8668932671112023,0.7602786727254516
-0.5944783593117076,-1.10839928643766,-1.1384066603638345
-1.6924745949065727,-1.6186878591568508,-1.7615892174212446
-1.7563928699869449,-0.38984503156780165,-0.29644508872529823
-0.9724107300331667,-1.7711192201125145,-2.014117093480497
-0.962618186492779,0.23838944835122242,0.7754332638384738
-0.3899036181705377,-0.6462153753832218,-0.8324507185642916
0.2596675327051147,0.5558860367738403,0.929930945821283
-1.3475265866626185,-1.3250947878996149,-1.3771623200269139
0.06713575134336733,-0.4606564955603222,-0.25782441676453965
-1.3909016646194239,-1.6661341454782923,-1.944316292683832
-0.9045717902052247,-1.8523119530083467,-2.184978175071868
-0.7493143547030428,-1.5179301386351813,-1.7454007708559327
-0.4968315222250167,-0.33785685620934136,-0.27141868046710466
-1.1856503129317897,-1.382012383700915,-1.4726836617814636
-1.9816838561777523,-2.8488218620264996,-3.082804091465502
-2.1531918387176465,-1.4847528339461566,-1.3211699174660327
0.155407237347156,0.05551123457171926,0.31473411919752453
-0.22939623927636127,0.06705840030449685,0.8304845598930335
-0.3274441126232065,-0.14972709117600175,0.49957193492189295
-1.82934107898706,-1.0599176272408535,-0.8294419536258727
-0.3704383649326968,-1.0478320111200445,-1.10500085536399
-1.4249544645290164,-1.62046056961963,-2.0874494022479646
-3.4370352397608603,-2.391914176311244,-2.682930909123931
-0.6325464397837188,-0.686669608733853,-0.4555656276404305
0.2167908366613283,-0.09322195607140042,-0.10687617458922731
-0.6839282966105084,-1.4303615288817597,-1.453286924327007
-3.2314409023504775,-2.9362709363982065,-3.4001789415862365
-1.6978254370798176,-1.7922076964620108,-1.876639711393435
-0.2497427263541717,-0.09687952956041436,0.46841583052333124
-2.1849121574216666,-1.4823644100837747,-1.5906658887714369
-0.0634240674714742,0.38199731561693084,0.8190447907180526
-0.5191135634317853,-0.7607789567484057,-0.6664447395561204
-2.233056842920564,-0.8635185874091832,-0.8678941496580873
-0.6690637968544292,-2.3349767340851155,-2.8443063232157284
-1.9539399317726627,-1.7237875929765532,-1.7206374865210028
-1.0703784792294948,-1.3816777219383254,-1.4370594045685312
-0.7074030344611503,-0.3433250043481494,0.1840406251484966
2.019232801366478,2.0503764193602545,2.1998910710166615
-1.025411403986116,-1.2669118574656122,-1.4089559958723732
-0.8858133980857482,-1.0821820608255983,-1.117584493014545
0.038215808423365395,-0.16795576781199834,-0.057916869934751945
-0.35499177918302344,-1.4470543327168166,-1.7006793903748145
-1.4462865281644235,-0.7319408540244436,-0.6450981879674651
-0.07020091759769356,1.4004637138593485,1.673399984546115
-2.3823853476475545,-2.334046041167334,-2.6212882206683075
-0.1870136732406445,0.18029407472157133,0.9286284846582403
-0.375284670597101,0.156255750341318,0.24867558730070982
-0.6147012277644737,-0.1333491538441829,0.2097500213065236
0.6367384837209832,0.31335223057784584,0.741052155396543
-1.3847087865001697,-1.7552651120009926,-1.9448668887502774
-1.73769142644704,-1.3356827259581479,-1.2902474470082435
-0.8138519277150137,-0.8756359198789858,-0.7503180898575028
-2.693412498727769,-1.4573742876808082,-1.5955474225027115
-2.2318123150052624,-2.3031431580968227,-2.591180758822664
-0.04440784331431366,-0.6702862679017783,-0.4254808941697889
-1.0028715589930692,-2.1656969470951006,-2.582873128202151
-1.9810168727185486,-0.8887720361956062,-0.7573040253361213
-0.16964496720874986,-0.530041810639001,-0.11607365112395182
-2.1638220020239842,-1.8512453654567278,-1.8275618519429235
-1.7119117045276726,-1.134510012030491,-1.2497517729540357
0.9220016153133256,0.5664434297783654,0.8491638933475125
-1.6137655774901947,-0.6773961794906137,-0.6044019579328268
-1.7863718317053838,-1.376694802854163,-1.4332460813915944
0.783487224619349,0.6249518937489403,0.8731974701388145
-3.1032958604578798,-3.4264376515991737,-3.8850071163354043
-2.8345825958786484,-2.006091863734092,-2.2324884114725396
-0.864163528844409,-1.707263115077628,-2.038986260237685
1.4031167930842945,1.4243799242332877,2.0157299670816133
-0.43534810825611703,-0.34217873294779105,-0.04011791071149367
-2.0114686840532,-1.1818103398641258,-1.2446520312313971
-1.1621349641523788,-0.05400891188868847,0.4058696143209818
-2.0796932065630176,-2.716671673619873,-3.117226821774694
-1.1920538804317609,-0.9675089334287741,-0.8302809459173887
-1.0519238478575101,-1.3032355195161065,-1.3343526951023579
0.3854567045670861,0.44938806389171865,0.7948225840111292
-0.6037430015173799,-1.9613302776126829,-2.2144307112589603
-0.969480537511632,-1.4972381879470436,-1.6236510380324147
-2.23827660390596,-1.4686954363549083,-1.4299882889777127
-2.8295554507870895,-1.078422713330134,-1.2920146783692312
0.6410891429541349,1.0289931877477312,1.5839411096962905
-2.319131810422681,-2.2024061635383085,-2.5733964152255684
1.827819475328624,1.2731936843610319,1.3562589485402805
1.1445099049453176,0.3750328730434917,0.5511360739050035
-1.6351196481096466,-2.067183017977382,-2.367432974255067
-1.1857311312287604,-1.8739649098229991,-2.0549290889256184
-1.2652933899003027,-0.8514343000621207,-0.8608060503318856
-2.0056305812068986,-1.4603899910875457,-1.4965719918727867
-1.126370329927677,-1.9030835084667748,-2.2274942649793443
-0.6760748298832537,-0.9716439251075752,-0.6387653175170271
-1.2911579261645738,-1.5284281366407113,-1.7492296873115372
-1.7229546562080036,-0.9152097175749728,-1.0229147524348658
0.13674394432991285,-0.2585066220840728,0.06806013324170966
-0.6040222741960223,-0.3712164733170929,-0.2682210444908362
-1.1755722890156795,-1.3668624532820317,-1.7086817175354927
-2.159584563040041,-1.8845781400176573,-2.1573634699130495
-2.4463906368077084,-0.8295415815547517,-0.8380716749772493
-1.6430601641994171,-1.5223214822642461,-1.5158839879590342
-1.6578232539425466,-1.7581649960283918,-1.93505087928226
-1.080176211513799,-1.3987860056293067,-1.4870046673801667
-1.189175463708696,-1.3411016445260118,-1.1663705688557264
-1.055276725386654,-2.2419201974479206,-2.5187259397614454
0.26668283262509845,-0.4072986536578173,-0.44965861580332456
0.27265418850286516,0.031160149308965907,0.2086249679994385
-1.6751676719313076,-2.297930967707692,-2.597823414227263
-0.6096819237966125,-0.4432464556301698,-0.3276506324426046
0.5265309399455422,1.027148214778185,1.3701768298437336
-1.5699354185045569,-1.5152217499306073,-1.5535861202184347
-1.3574276764018969,-1.3062615540823577,-1.4704762918287348
0.45795562655768035,0.5557989786641133,1.0039125797538462
-0.343024482722896,-0.6308806791642568,-0.6818610365509067
0.844114051337231,0.6722691078515043,0.9129329021639665
-0.8446056127455049,-0.7450833637532859,-0.4586377471219456
-0.9022676293616185,-1.4499858236322243,-1.5335667843083618
-1.6017250800602747,-0.45761455327691036,-0.21541692068190113
-0.7195196543787594,-0.62511839824204,-0.478836137040714
-1.7126831499680348,-2.2455787374116647,-2.208785697730515
-0.6241544297284598,-1.1507613236209522,-1.454561566267142
-2.0204588522872795,-1.5105588779056207,-1.5377753156387814
0.6040455387685474,0.810449655761945,1.0020797462677884
-0.6789970321497445,-0.6353672428474493,-0.14516012119869826
-2.5264366918162375,-2.0310621309335555,-2.350635385205646
-0.3032790076455224,0.12012882062300605,0.4946385912543109
-2.3142053068639887,-0.9024055060487707,-0.9882533757097031
0.0840324202988982,0.18706885822586328,0.5827152775159734
1.4354464334096302,0.9394916588867599,1.2435047786648916
0.609955499811466,0.43800864612144147,0.4928986492521707
0.39715456172965674,0.01934220012339031,0.0591976280661865
-2.1463241898416427,-2.400908728703976,-2.6459531156431697
-2.9134502532297573,-2.0658517375810965,-2.2038453051722953
-1.5963503436817612,-1.0768497880349157,-1.0994695436612767
-1.3583342191610348,-1.685877529421711,-1.8935168941030773
-1.5595881023544522,-1.5497858828544528,-1.5457938630498644
-1.8890781062498987,-0.40853379572556753,0.16566371156774987
-1.2448055409581045,-2.1200128727763916,-2.727230693669256
-0.8373837427077128,-0.9240770602866921,-0.8015676208156852
-0.06287359665519301,-0.14801131604892162,-0.19262680794959905
-0.4361100930552582,0.32808012441013723,0.32212128179146937
-1.8755371030894552,-0.8971398486276511,-1.0029551877709562
-1.13411428067852,-1.3019787811405912,-1.3147944035614385
0.24415405816458055,0.612558077749926,1.2070959191867106
-0.6905577933981353,-1.2470284830565554,-1.3058291325285618
-2.1066814392687614,-1.9612598637822414,-2.1650966313356435
-1.1759897502121812,-1.7166680211040584,-2.0305062512482523
-1.2237675895186402,-0.6140739596560426,-0.4546645829810722
-1.3885561809863631,-1.9871128632750865,-2.17541975986244
0.3735066976596798,-0.1292715117408524,0.08622615307086036
-0.9692887687612198,-1.625079688601907,-1.816212747463675
-1.885795138926839,-0.9727806255937482,-0.983604590620892
-2.905260925155993,-1.838270835886807,-2.0063581931248162
0.3647105783923379,0.7765913674386964,1.1609674352252914
-0.5510902509176878,-0.5127329303509898,-0.3191482305012922
-2.18982728231791,-1.5484675034973336,-1.3387323791637287
-1.367756288135846,-1.9972182565706451,-2.3747251976782042
-2.4984589126842733,-1.7283222667909368,-1.9777660831284205
0.22246553826383264,0.36992115547763166,1.02013932479972
-2.186317942087791,-2.142173461131845,-2.6636657076922328
-1.5254606666976254,-0.14122428714859728,0.1629010446518348
0.768941863692675,0.4065882385246458,0.9934387082513169
-0.06100407253493604,-0.8235503239997168,-0.3771260658493547
-0.10925837625275467,-0.4718160925359769,0.10022134368951936
-2.2711799401661685,-1.5727605253376684,-1.7320551360007517
-0.2185735341017351,-0.3409043949486117,-0.6156601303251971
-1.358245475560683,-1.055011950363844,-0.8360756347294392
0.9779400891354061,0.4708191208622237,0.6703449357872443
0.08349951150727597,0.7847488794227265,1.3321820580106798
-2.287492161286635,-2.032999323235609,-2.445248719882677
-0.29983619077492774,-0.2982070350363228,-0.179174641466729
-1.6157037087870336,-1.2654350032579529,-0.9974441013445097
-1.3226944087661816,-1.273213894050644,-1.0791696173925214
-1.507810949654889,-1.811600944084438,-1.9831610146594483
-2.088058436547829,-2.2438486806790823,-2.076447353175753
-1.0182736132233188,-1.4154777681577875,-1.4821062798027953
-1.2922762365614369,-0.7309685052871209,-0.5346512730218386
-2.716147561582914,-2.076533732482254,-2.4100140673973747
-2.2492525154348018,-0.9404580650752458,-0.7955982810616974
-2.1047021086826354,-1.109807893035252,-1.2114492011160753
-1.9156414085363638,-0.31142608420783996,-0.2891244707687233
-2.958831394837168,-2.718425718203885,-3.000054325661943
-1.9732361671261476,-1.658874326603317,-1.8972439395364753
-1.9588547957593363,-1.9528770194959966,-2.1132670585553748
-1.4382309155121609,-0.32760367655262507,0.21577556039039567
2.0801345947045355,1.7142090327592294,2.0051015626931386
-0.9486790910147492,-0.07610323333952944,0.26519819058388255
-1.4345260375928295,-1.5325218776951268,-1.6932701835622441
-2.1390965328078293,-1.4198394637539216,-1.4432175045089521
0.0515175367578122,-0.24155177489942725,-0.12376159372568177
-0.1538055418205981,-0.11382996449328386,0.07973395178978249
-0.33600475402468094,-0.46880414791902447,-0.3452227599159029
0.7091286133520532,0.6986674994383549,0.7264506729549972
-0.35720496649696526,0.15154310993753625,0.4832495090744501
-2.081690505624367,-1.6211368931334222,-1.8228145655265924
0.2096202679162006,0.40871277163377423,0.30143129467331625
-1.5983072274949603,-0.781563523212536,-0.9436759922072906
-1.7669894764832537,-1.701801173952157,-1.9005589319242582
-1.4665917333335476,-0.9101123730432141,-0.8820978767689062
-0.18298436631826304,-0.42212693173785126,-0.23412736971722845
-1.4858927807710591,-1.5072344423624393,-1.6227154494062508
-2.868056743840936,-2.8320788593966064,-3.4277598509756806
-1.1977406886384814,-0.5607709068228467,-0.2352936971033688
-1.4779164414441754,-1.4069050824855678,-1.5294386407225935
-1.491822986935535,-2.1486059099621997,-2.5179573051717226
-1.0866900099396168,-1.0528817255359009,-0.9299471779241046
-1.4409162245316383,-1.074715109741498,-1.0555619266482568
-0.47387480138390925,-0.5513952434794652,-0.4957650128700146
-1.756247615021298,-0.7391118146237504,-0.6345807811507924
0.43380165552604016,0.9977262087043643,1.2749166414987259
-2.1842813901399403,-2.1592115113119275,-2.3756944081346494
-0.6690276450291482,0.33480956679445145,0.628915456659003
0.2854399186375524,0.3985707329830472,0.6509769793582992
-2.1783176876433727,-1.9195089677713744,-2.1822803892252263
-0.31303507474931863,-0.16451390570746457,0.06328234020584789
-1.3217493511151568,-0.9747691865247323,-1.0600732834332194
-0.30160281923574167,0.2015265427003535,0.33872991339065434
-1.5168462583712015,-1.5616041245501813,-1.7830050274282285
-2.6699946723136407,-1.3102086877702444,-1.1358566522836984
-0.7445751381314663,-0.19952866870691213,-0.06188705234264272
0.4268727672660274,0.44508446349564873,0.8573447091628191
-3.3336237065353154,-3.1400166346196974,-3.5406775031463007
-2.9571506908576457,-2.210118952284109,-2.5120138919133663
-1.80420481749424,-1.2469413377066578,-1.0749364849990792
-0.6597179623666136,-0.5546115075391944,-0.11937624245940255
-0.38856574560287443,-0.9764425836339355,-1.0187965356298676
-1.6713071674630702,-1.804465134547077,-1.7561127987549525
-1.610237455949683,-0.7708329684814554,-0.8471682028722846
-2.183534147117729,-1.3570489318946362,-1.4276109131195707
-1.4459901182218025,-1.484403352713577,-1.6453801396300143
0.46526558724276856,0.5218072968702152,0.559782829757166
-1.7061598627322248,-1.5313808899548733,-1.9939315481472766
-0.6980533422618256,-0.2648087849008298,0.22203144468889743
0.9872721591253623,1.1391062776468834,1.5132603191311544
0.025644789948040318,-0.019561682472510916,0.25032582992376823
-0.5230979459827336,-0.7610205678781643,-0.6666324091186836
-1.785106133939745,-1.5642569904234862,-1.6280016508470745
-2.034302017735572,-2.247641034944486,-2.5257310971201483
-2.484793825042648,-3.299575663054266,-3.799529722805769
-1.5118260337256932,-1.4370342436756138,-1.3525803729173378
-2.093515289372782,-2.802535075068552,-3.1900764275316926
-0.9550656714576464,-1.6611120813562161,-1.4791490230963376
0.058046546879528094,0.1503475408244305,0.2634948057347029
1.3721963233291559,1.4026201026990617,1.725795702259147
-2.03304156078733,-2.130100513114067,-2.303795180662727
-0.9589665194473054,-0.10056697528749958,-0.13002058790597365
-0.2392208455848273,-0.014214600678538646,0.20514400822390766
-1.396157559099125,-0.3355270128203749,-0.08050302085066326
-1.2818169612171753,-1.765320751601045,-2.2081910060943457
0.6627481213857317,0.766076519971635,0.8412285840882711
-0.38501383410540213,-0.3788455328399088,-0.146766221126711
-0.7359494520756611,-0.6394552091892602,-0.5147734199748297
-2.4078058164929637,-0.5638651829679784,-0.5423168313185257
-1.4875683884640818,-1.515014843101147,-1.7831689674440052
-0.6326260531483713,-0.8838256370816089,-0.8568606578727513
0.34241571093503775,0.43723779566556326,0.7766836378786833
-0.6424513774953486,-0.7234192097869249,-0.6741500964882619
-0.35762066489320943,-0.201407652401332,-0.046091426617633866
-2.0806242303517197,-1.72521197834184,-2.044195429915248
0.4795098076607543,0.6544224047381934,0.464174109394316
-0.5763651207146255,-0.6256217506010149,-0.4153604612061286
-1.7092177508624509,-1.9981983035995678,-2.197915389972656
0.015307769009337642,-0.05256962941345632,0.1070159162068235
-1.0683853740824893,-1.4808750460175832,-1.5816030144790822
-0.5838801262502531,-0.8487741655479711,-0.6305649293289028
-0.3973170871451616,-0.8700919106269226,-0.8382292406169142
-0.49223233187968674,-0.7423222025420697,-0.6442860560989013
-1.5996988925052715,-1.7983240541950003,-2.2217143016125376
-1.5639534310244627,-0.7062179932156074,-0.7762132919626763
1.0347325036943529,1.2033543377287212,1.3785758918784987
-1.2263878263279224,-1.6335512538281276,-1.8980092791799001
-0.9354299454175011,-0.03139695320761688,0.19415424038870252
-0.5078811129189927,-0.9696839068881352,-0.8213571679641524
0.9020734093659588,1.1151274013096408,1.2569108445412034
0.2559873303104775,0.5380685419295806,0.7579252805368185
0.8651806652376499,1.3566194132168385,1.9631526844925054
-1.0900194175609643,-0.36528363599821156,-0.2700432947842379
-1.533964608662309,-1.0668347875084632,-1.1969075240666873
-2.52311635809124,-1.2678022243561506,-1.0162293669659486
-2.8230627857257695,-1.1927018919293124,-1.0374120236833162
-1.0214996137945114,-1.4503635854240335,-1.4756394284735872
-0.33186061554410634,0.4680528845505783,0.8969179148415926
-1.1105981160458855,-0.8394913394967233,-0.7716113742447291
-1.1686028970435183,-0.6865612751735239,-0.6433563552877136
-1.0658970514117623,-1.4549414663666083,-1.5182026441818317
-1.8373962602352378,-1.270873894120791,-1.4184526225319174
0.09029249314988501,0.3320518284594549,0.6792882565108327
0.4697001634799656,0.6940936048832262,1.1300053471896907
1.2489820992160503,1.1244147987600073,1.4666217939183452
-1.4270437616429807,-1.8113370648241798,-2.3632334109657025
1.0278494492621593,1.2171395501910491,1.6694634617952355
-0.8186641981446379,0.10589615947052003,0.3462060721153409
-0.5376642572067353,0.2037989597158667,1.0232110465015707
-0.09252542005315317,-1.484039232788706,-1.6398791826783803
2.028425209223346,1.6282703546962258,2.2871981513634196
1.146426535290688,1.387867859320302,1.6712532203149388
-0.9991534157903883,-2.1419217800546253,-2.332291695292119
0.3197195022891295,0.38327985262308123,0.386818994924096
0.00847666819461654,-0.3364104696963632,-0.4423736714942891
-0.6932119813224915,-0.9326961053413578,-0.7367773342303158
-0.44956436588779947,-0.0252587146804595,0.03545855929723363
-0.21769797186303771,0.2640712650575601,0.28410476061930934
-1.2375718507664435,-1.5698155451451088,-1.5988819288109648
-0.41009641080416565,-1.119839913308243,-1.027137153672418
-0.8547095270121454,0.2987849823801069,0.32234176854921476
0.2737090722434361,0.6687081410458638,0.9752226012675598
-1.2855015204998435,-1.4156527815697546,-1.544876244965299
-2.1664570394417346,-1.6615169299408088,-1.466283360419479
-0.9739935223954808,-0.2995508267603809,0.13594668094379156
-0.6019414224102962,-1.697624564767224,-1.8220654849111375
-0.9667010729951573,-1.1356746319517381,-1.2435793379413265
-0.5207551380466905,0.15005885402301203,0.5828004194012905
1.2922621977377575,0.3570911804695855,0.621049975214993
1.7032665617541947,1.6174499228260795,1.9551724728543585
-0.25256652748121206,-1.1463318379557301,-1.1895821061138099
-2.922818346532029,-2.237099383946795,-2.603788120547337
-0.71605750613953,-2.005726264311489,-2.310230383399878
-0.6502797858547146,-1.1611020240002419,-1.4906952995811822
-0.28773560547204546,0.4119626796087764,0.7202180282373869
-1.6900208682903584,-1.4950059856724744,-1.3040474663799158
-3.0324026640917765,-1.9172136902543004,-1.918368969361132
-1.350476057514077,-0.4681659913562619,-0.2768677548646858
-1.2371354744808032,-2.4492321578051017,-2.8149556969816927
-0.27847897692699264,0.26066478797452924,0.5615847595324819
-1.1013448817048765,-0.7932783594513636,-0.7839775521232828
-1.331330007662924,-1.5992694256825786,-1.8035725747571834
-1.2278627633138688,-0.8043986573142282,-0.5353661543077105
-0.27730206107333766,-0.48708202139549417,0.23776027836711228
0.6971101973196923,0.7812688475465078,1.1947898807766928
-2.0697746288741325,-2.6061484896607006,-2.9740399865913125
-0.6035903583245077,-0.5052572279554282,-0.41014229243390204
-1.3920551949388402,-1.103401287525244,-1.1615289806313756
0.30903455551259773,0.36394928750190936,0.7888683519328125
-2.0258656133573965,-1.7333476451478895,-1.7487408656991281
-0.8059892893271576,-0.9437810661939792,-0.7620498738857536
-0.3032429086030621,0.5830717502417967,0.9858359016183631
0.040015395913890674,0.7751374878172833,1.3631922659278193
-1.6753332980486937,-1.985347859143259,-2.1351791542554155
-2.2575879699087618,-0.9216733059973092,-0.8388715530726191
-1.7258722638384894,-0.37017134512287564,-0.060546939186352004
0.8434801004105957,1.115601603239338,1.552343157088061
-0.6205831653421835,-0.7031203616012961,-0.6764174998964205
-0.4398860238005286,-0.7410356016978161,-0.8706531077569731
-2.3074135503914928,-1.5380095276692378,-1.6898739779787622
-1.2220100879151308,-2.0525316398813667,-2.5869676908139945
-0.16774445872335103,-0.041645345847706454,0.23038874175787277
-1.7224103863233575,-1.4008815454560588,-1.4496410950581393
-0.6496658506117058,-0.27753171365359874,0.10244884705559472
-2.2481763047948795,-1.3047172717413005,-1.3495915030169285
-2.6179545616572533,-1.8635719166039995,-2.1339399422412333
-1.224344158675951,-1.9612848017996427,-2.288421569286332
-1.2576368494271983,-0.8789612565225128,-0.9009043849756676
-1.5869697244541088,-1.5607590060702268,-1.4953377105534658
-1.8700930651661567,-1.2834807908689339,-1.6763780827806705
-2.8958158662581748,-0.7928079100504472,-0.4704857003345319
0.49286666881051105,0.8063935090602693,1.150119316414317
0.05086717082479914,-0.23048286510075713,-0.21506153604224254
-1.6852789630831801,-0.29842449579681596,0.15383597863031928
-1.693399526139626,-0.5719512186913565,-0.28193849121163655
-0.8438023894557749,-1.0923254374998548,-0.9650869640718954
-0.6806505645759539,-0.6851561866364134,-0.3279692587194905
1.1955739546551243,0.9007541394827755,1.3494139551930506
0.5625241172377392,0.7129585994008735,1.0554933882512774
-1.0640495001707895,-0.9787001944656947,-0.6859154487090483
-1.3575349238364796,-0.2385378549100842,0.4496219288463321
-1.8827435733133917,-1.9407398073434334,-2.350530512291739
-1.6282224056673322,-1.3377590000423802,-1.3083182128039237
-1.2447119347712863,-0.5935990542886581,-0.2436594466647624
-2.495842619665241,-0.54677558304622,-0.5119609337675317
0.5228942921003739,0.49101505837264525,0.7091476973434886
1.1704153834664066,0.8396545898619646,0.890793204224799
0.21772714916221642,-0.21098643307449133,-0.03677020320617437
-2.4561365030755207,-1.6483537233976389,-1.756035837067754
-1.860698363926952,-2.0874575813747107,-2.3502244480598793
-2.110041055665737,-1.52393611366327,-1.542882930018225
-1.238286524574687,-0.8208120854329911,-0.35574867455719067
-0.7909411741191218,-1.704892353306585,-1.9496893291702675
-1.191347260026379,-1.2505677389267673,-1.2061168292816258
1.2216784874907476,1.3190144804764252,1.7162765051180755
-1.3009632174925108,-1.7964081177917048,-2.1465601093904145
-1.0516424716984958,-1.0880306505850221,-0.949276654581531
-1.790971032112435,-0.6836381168533501,-0.5515131633780667
-0.30928813355796597,-0.7827620245348438,-0.6984293725831562
0.811624032588576,1.0703672250338376,1.8414554729425532
-2.358527303143426,-1.1081454133049702,-1.1745595502185817
0.5600821543336616,-0.17486525923577684,-0.04800156280428654
-1.4374769334375632,-1.643973467667436,-1.8662648677030718
-2.168837750077751,-1.9295308052597087,-2.2923870246600426
-1.5686748574931082,-1.548671649850412,-1.7908911401534828
-2.508884387918836,-2.3392486104281467,-2.6971951660326763
-3.100279826128821,-1.5710588974305488,-1.5889163546303309
-1.074493585888223,-0.3713083195619258,-0.403856267778352
-1.3396377621455233,-1.3525747562200572,-1.4910599378325604
-0.5315603029730497,-0.11379833198869518,0.09639495623798437
-1.917702419122208,-1.8546006958155337,-1.9825539597877289
-1.8186382964029544,-1.0677342679044153,-0.9840363069733558
-2.8083207302848314,-3.6176057728639384,-4.140339379214652
-1.962287506358739,-1.8347816074024457,-2.3787149735549145
-0.14841752101571404,-0.226551847740541,-0.08139850124979488
1.4156951344010935,1.4536577355604106,1.8121330665885877
-1.2778954081251241,-1.1276054890965816,-1.2441732614002814
1.5914842625601229,1.474966450297383,1.491361199671404
-0.9447526655674635,-0.1399951667150194,-0.08393249180485529
-2.2220405401424412,-1.4333672256034788,-1.4840982795263493
-0.6485869625608472,-1.4956791468660555,-1.767393094437585
0.35025157847606253,-0.9499795952009144,-0.9158842280267838
-2.279241582086459,-1.6457145830834992,-2.0100212135927715
1.0350042889444178,0.7383760552184877,0.742749218106878
-2.2484427041338915,-1.716310185783628,-1.6185349845299979
-0.10978399040284115,-0.6582296735147796,-0.5952124406112214
0.7616148712730423,-0.11846731587496633,0.014310964347207782
1.261816425186087,0.7866056413933763,0.8715440712800966
0.6579513239957934,0.569390461188481,1.2212275489649176
1.0715035817627263,1.1639386573760044,1.6881824664714524
-1.3764929809893107,-0.5325987530843785,-0.7014935273658618
0.25539201780424603,-0.1921362686277498,-0.07088234963076177
1.3580623595837056,0.21410815963202282,0.4360837097910807
-0.04544495402009482,0.058086886505492784,0.7449697523895145
0.38896773391420386,0.7861204775898417,0.7076876667446664
-1.721951470137158,-1.8179964113708862,-1.6383485137644358
-2.3054309488201623,-0.7833216447320367,-0.7252400054732848
-0.6592861513319686,-0.22344577140883076,-0.09019770409478471
-0.42649594657201745,-0.3600278716144194,0.00018362753272337893
-1.3044723395864521,0.42782619698026136,0.857452296028597
-1.849383337824178,-1.6854707688612967,-1.4241278807360591
1.0441105871108687,1.5032799068319092,1.852895935542675
-4.153832095121235,-1.896935846187187,-2.4625497724017658
-0.11280937736665782,0.07279092475520188,0.2556088529110992
-1.2819234850346286,-2.011127544818637,-2.3946317926028624
-1.43485947692541,-0.5639738308695913,-0.6584827682301498
-1.76850431947379,-1.7319603475753482,-1.9152534512493118
1.2715227304273604,1.4646825490094733,1.9852995388127974
-1.4221756945336483,-1.913843987275427,-2.050304476180784
-0.5032622916717926,-0.22975800527370602,0.17695463577167758
0.7260757467342657,0.10175779453060188,0.21806828692471436
0.47809461704309514,0.387043760325762,0.6085011512624623
-1.493314677407469,-1.9094422212785536,-2.030856424879489
0.05057321698723754,0.13534487046724322,0.2589243404614296
2.4914479228427377,1.7690074001029448,1.9198652362316997
1.5430111964859863,1.4670793806140014,1.7811038859327228
-2.305860367823613,-2.188534674848879,-2.5029122485497446
0.3373712533518244,0.010379993785175304,0.2472413572396657
-2.176980758573442,-2.6329749389874535,-3.0184907829311762
0.6859485376591004,0.5457540010311211,0.8363644584998307
-1.076542811864166,-0.6829328311603612,-0.42189522469107976
-0.3701930311142462,0.16369365816423523,0.6528548306210538
-0.087987493643171,0.2735757526539183,0.6186244121000695
-3.412619589571217,-2.827900539387395,-3.2184578695908446
-1.4634159307840893,-1.4225708253427118,-1.5875534586293647
-1.5384829546726706,-1.5785786142760898,-1.4902941149392206
-0.6697194142573376,-0.9106668840379598,-0.815328295604276
-2.553349400491491,-1.43049292688034,-1.3791697754501215
-1.9899196001272443,-2.042674934480233,-2.3228054046799045
-2.903847398106749,-1.8764117939926748,-2.122758893126233
-0.7752904608966334,-1.0445346469233805,-1.1595494462659894
0.9780743922884244,0.6508555754125422,0.9554449098118396
-0.6340677205905985,-0.16254657010199988,0.12689886277433024
-0.7983902547407002,0.2692330174091177,0.6115385383744906
-2.359445558891589,-3.15845826345223,-3.4607708871776945
-1.1693973653613263,-1.0430374658383408,-1.1867429020744515
-2.6608021452265747,-1.1975342197018204,-1.163629181478341
-1.8807419008103412,-0.5777129410889558,-0.8789117950836955
-2.1157931235140515,-1.8433374107750249,-2.226539589343453
-0.8675155429837456,-1.3135182377920316,-1.2290639930171112
-1.8878282030501403,-1.3890903865111135,-1.4862888278865147
-0.7129424900960649,-0.702612136800638,-0.4668443325280945
-1.2201884050946539,-1.766235975821416,-2.063176379906829
-2.5855998214343447,-2.6860306673962286,-3.098075727851649
-1.4735022468631058,-1.4771617813953766,-1.5247332135451201
-1.4263310147908606,-0.7001648139472622,-0.19445385695429349
-1.2695381708653892,0.024161959948125134,-0.055137244978014276
-1.496792910866325,-1.3731949685273208,-1.3754875119651933
1.6058660911903127,1.0737256883226787,1.3370269288759318
-0.9715693319719648,-1.4573925896991413,-1.5387856177653305
-2.7553850990943154,-1.7061281771173313,-2.046891632448997
-0.8061803491560204,-1.364547605039779,-1.4881239984544021
-1.7180063953233902,-2.2392661798838502,-2.616086671233953
1.2645086021782983,0.8907026396577487,0.8742550652381943
-2.3154908396546965,-1.4533465714165226,-1.4584415737366805
-0.716036647192001,-1.3273482010392048,-1.769654031654676
-1.3898764656066644,-1.7686758962104911,-1.8667150761371343
-0.6932947372089825,-1.1257227611657383,-1.001085050924643
-1.016729910294714,-1.6127138722471832,-1.8039931944777752
0.9192450342261632,0.8003433765964033,0.6657491922699383
-1.330725397367223,-0.7806939597871929,-0.6960715827673852
-0.5978691212188111,-0.8403256393921869,-1.225611717122288
-1.4162914580944088,-0.4813528695582813,-0.3107629876984181
-1.4993720038425264,-1.7729144078098429,-2.024496060365403
-0.2508642550350737,-0.24567549026512375,0.06150347163790922
-1.240041580136258,-0.7798582907827984,-0.865540366277669
1.3032996505884724,1.1249151377588944,1.1805780550325453
-1.4768208280666788,-1.1447436014855539,-1.176077177692567
-1.98188971053379,-1.6204558085130436,-1.6648506689966083
-1.5889480993316636,-1.4328652956050487,-1.5000790484738749
-1.550834020035429,-1.9682482561173504,-2.056002807709645
-0.2845240375740853,-1.4990253775458287,-1.880033028892662
-2.0727084841603043,-1.6027553841581703,-1.7764008346526154
-1.3309326600892741,-1.3010483381397366,-1.3615653478977174
-0.6459992695374669,0.4650200631912318,0.7836960973266066
-0.9336402014608511,-1.5630100507434523,-1.5897382827781557
-1.0867192967850263,-1.1852830474141007,-1.2782972082896469
0.2907377835492203,-0.5485982840177336,-0.1932751372716378
-2.9493173099340426,-2.259493841600587,-2.5986826611539176
1.3179780797680065,0.6965938400388355,0.8300115429649014
0.17127198542244956,0.17470481400742516,1.000578520677295
-0.2747635310207321,-0.2037562658645418,0.15097935362549522
0.1389300141729469,-0.34178700237833504,-0.43721376694358655
-1.1769842968889186,-1.6723477359632328,-1.8133970042259655
0.6654726737491977,0.7503261101688976,1.3135211949654735
-2.5341121911699185,-2.2408831265120246,-2.366190633378895
-0.5188901768551679,-1.4210522772276395,-1.5584389285230487
0.46390156269880556,0.18512441330061732,0.16289396645487247
-2.5622691879203594,-1.3189042008001846,-1.5693286702733757
-0.3015158554446291,-0.18873575038931195,0.2143415443549763
-0.5834153132328306,-0.20862245632643073,-0.08610512390113126
-1.9297160436974974,-2.3279761218637165,-2.6509861164432573
-1.47988461257423,-0.3130462109420734,0.3869293371193327
-0.6733000841125649,-0.24029741207998387,0.0916760289264586
1.9808810145442826,1.3035039118160419,1.5305594151991506
-0.8043055473584251,-1.0496918867429217,-1.289342527349203
-1.3239038721644123,-1.08270085791025,-0.9141444079343517
0.18663032825119022,-0.009269922460821534,0.2607819409006638
-0.7355329166436954,-0.8131811648636913,-0.6737732616347698
-0.9373725139321293,-0.7436238808504089,-0.31628141540052357
0.43168691284916577,-0.4355213747550059,-0.3878498753925016
-0.012873533033079844,-0.5810629457268132,-0.4109923262381447
0.9822404501158064,0.9974422536566572,1.3545283716790908
0.4239309404696031,0.6132200582258801,1.3073253075367852
-1.2875372661057822,-1.1485944813275706,-1.1184594315791512
-1.7031826416746179,-0.729820555172897,-0.7820510414671185
-1.5138789214586603,-1.5471784813986051,-1.9110504314335173
-1.3016240748092298,-1.8758756804935803,-2.1298069317301103
-0.734909968473589,0.2749064050270777,0.5022796935198927
0.31481821057572706,0.04101779592345106,0.5693362118892915
-1.5369966002721476,-1.0704647442652615,-1.1219806057547301
-1.2816051852378227,-0.9888835729477016,-1.1086788862560992
-1.743206347731004,-1.7840327439758257,-2.008936826838897
-1.4968957192696732,-0.8089453684104055,-0.6654284478044418
-1.3976705039098167,-1.3420599760711067,-1.3690045101507071
0.13898640048322322,-0.23504986244169832,-0.26080329986397877
-0.8784197456221569,0.17326058293214194,0.7495339923228533
-1.3759862250055943,-1.5525856441774073,-1.568969871526767
0.6350017260863965,0.3632001511977301,0.48809617075269207
-0.4685264566234459,-1.2337659307007365,-1.254399535607345
-1.812099395814134,-1.4223341016844433,-1.517248540740412
-2.574491319035293,-2.281393416098875,-2.5398566759144776
-1.2998247676600758,-1.6277694307782529,-1.8218298790797216
-1.5550001545919618,-2.5711060877625624,-3.2792921235616963
1.436174050943446,1.2533683073202884,1.650670884746113
-0.8515819472176992,0.10819120771660953,0.5007042437084401
-1.1673833475451676,-1.2851848748631067,-1.2660031697948655
0.7941590991097737,1.193144691110117,1.778892469848367
0.5126120546415989,-0.642927888717675,-0.27613573822657217
-2.757744454432784,-1.9309285406105259,-1.4737625641651253
-2.67567067737891,-1.0745533933713152,-1.0190415857629433
-1.509126783893238,-0.8571174150585501,-0.7767525349388066
-0.9145717427891329,-1.2451528795962967,-1.253195733327778
0.5080277709052656,0.3266310343167684,0.39327246821997724
-2.3746057474115148,-2.335197069099088,-2.7855405642913906
-0.836483559552109,-0.9370020840922614,-0.8693241736179286
-1.2343356568224715,-1.9896238969746358,-2.1755395324059204
-0.9703154073090968,-1.5275461955355514,-1.4037049467393858
-0.8062927150270994,-1.2604633039364546,-1.2594751814030332
-0.6345671090760303,0.7605670037325947,1.126899643404357
-1.1272303440165947,-0.801425151197612,-0.6173771893153887
0.13082646944678453,0.700449508120362,1.0912108320241236
-2.7470839199237274,-3.5987267143366712,-4.077985659215924
0.7379801271254389,0.029238815267951048,0.15792428574264264
-2.124710063256968,-1.4480676729378272,-1.5288818432508404
0.30166419256444554,-1.3190560137177978,-1.3188841007807146
-2.222585988086568,-1.77044736173902,-2.1021425946100223
-0.8304788133223605,-1.1767975777308821,-1.2026621260351713
0.4283624891005743,1.1142119678229823,1.5285203592098193
1.302409432200758,0.5184100922966973,0.45259853140756745
-0.781011687125033,0.10389829158493508,0.5211964831813504
-3.0642445041258433,-1.2476835751854545,-1.3996474692969831
-1.3024724246738142,-1.4851824241716305,-1.544992900285826
-0.40042277183389396,0.2436473805148068,0.6209377240116425
-0.44243232113993264,-0.8697518850544801,-0.9308073984979859
-0.09828113922421398,0.09294460489610873,0.4830464541162926
-0.1507714311173735,-0.939318566052974,-0.8633332835740847
-2.84671671410838,-1.1111622320676737,-1.006436124356095
-0.30223273856355376,-0.7310403556845617,-0.5927376631955176
-0.29050818460387823,-0.5538163806471554,-0.46575749263843724
-0.8031968529989645,-0.9058625527163972,-0.8029648892068798
-1.1807352726295421,-1.6281880341480794,-1.7098343696864418
0.7592566115501271,1.2783958242817597,1.7047181746328268
-1.2846873106967105,-2.5158985600095627,-2.9437081533779255
-0.8485332426138734,-0.8362051848090347,-0.4641701807222078
-2.216195298691022,-1.7129613655318874,-1.9514535286111732
-2.698186264182866,-2.4748887058459523,-2.9297186049609905
-1.3242576525413994,-1.1727755546495473,-1.1267405274636975
-1.2159568715394418,-2.3869935631926817,-2.735637356746008
-3.065709489460876,-2.966090148974118,-3.2268635673322756
-1.4496525741839796,-0.8668193719159335,-0.773950616844659
-1.610230316658653,-1.423553387030383,-1.6229475102271522
-1.316110405965063,-1.1602860304763782,-1.1062506021073308
0.04575965932862649,-0.19209786179533941,0.08621943418605278
-1.4041751951092984,-1.4503515859713045,-1.300293656932662
-0.3650901034674945,0.06296103539943863,0.3892153296615375
-0.3716725593258603,-0.1051967271506488,0.3777123616439745
0.38708173377211363,-0.21249529623863941,-0.1790270237529286
1.1431619409296507,1.1259876919340674,1.5142990774311385
-0.6104879451097524,-0.11851273545037352,0.05093125854520773
-2.386436327032225,-1.541654253191918,-1.4074918528570608
-1.550723485113893,-0.09581924067647339,-0.07267301900638828
0.4806662215802023,0.18295310002078125,0.3590309978125583
0.45560607103951656,0.14669266961049604,0.33041095897942097
-0.6183363437710029,-1.0960988520876793,-1.1970975823833383
0.10579486208773717,0.6195178480667753,0.6989288119753748
0.5786206276664775,0.7033251272669443,0.8702111035140897
0.5528711185581826,-0.009776118021579268,0.10509414052437174
-1.1146188795320136,-1.3501724384973914,-1.4640102706760332
-1.2863095594721332,-0.8889005481123629,-0.7934868649745794
0.7761614606057985,0.8229508395938553,1.1439008747203523
-1.1227911008842373,-1.0928264899777171,-1.0930739702894112
-0.905269902308559,-1.1939069893586318,-1.1770162888657882
-1.7324128610309173,-0.5022435261852837,-0.42283324932649335
-1.5197669858970835,-0.3075129533746253,-0.14844958472354466
-1.7953487737315006,-0.8253623480936245,-0.8958322159066237
-1.0292993063078177,-0.9263071707289168,-0.5693321909894447
-1.0368905101233974,-0.8737046831105517,-0.8745748460147342
1.0188657797121345,0.384324820949902,0.8261905182727671
0.10309381319901145,-0.8932238797250737,-0.7483981956819522
-3.272131037575899,-1.8740530525747539,-2.105722124614892
-1.0208534224222274,-1.8322000010116288,-2.207217547564688
-0.6909012416120287,-0.8634358344812822,-0.6012382584151493
-2.5494747440532044,-1.5300385408110726,-1.5440206972374422
-1.8596712720399595,-0.7726746928286355,-0.7128333531332787
-1.8697867277931213,-1.8548821056250588,-2.208271316663239
-0.6269019928526518,-0.7894912246310946,-0.6537180106774979
-2.2831682900231467,-3.0902889108079488,-3.3703073298452755
-2.7640704965835297,-1.5626419117795878,-1.7949799014166197
-1.7856542386551135,-1.933111635100483,-2.2988993368424393
-1.741349553316293,-1.9959562504558912,-2.2848974397814557
-1.529235240859522,-1.5493481762952162,-1.6319679718719111
-0.6468162432778317,-1.0470678297040081,-1.0485310280010378
-0.5525667567008757,-0.10207003038821688,0.11866576994160943
-1.63834222211462,-1.4161256952209953,-1.349552570061511
-0.7681279420037808,-1.504991234459182,-1.5539361334744128
0.9667878402725698,0.2718494657384407,0.38989148418225683
-0.836506140352868,0.2644660448890108,0.9248774837473701
-0.63191960575225,-0.8702874125932256,-1.049006114739329
-3.094966272771497,-3.100799850615791,-3.4018821483322443
0.25916187653071776,-0.17475650712868157,0.0653421147711612
-1.4516517971899556,-1.0335686839937153,-0.970528577238144
-0.5627035969164703,-1.6127292680447145,-1.7346133682636153
-0.1871543834817043,-0.28332290722772346,-0.24923056185912895
-1.9332297864394785,-2.1231821123718424,-2.518291053403899
-0.1884180392401375,-0.5208418608614029,-0.3435549118327928
-0.7157314124774607,-0.9522428723762875,-0.8781253899920268
-1.5423392734728252,-1.3754005267121188,-1.6206512195158684
-1.598458459735181,-1.1314905380926268,-1.1431027838733476
-0.8804570642123698,-1.6288690727992812,-1.6910285028385044
-2.0511401995102965,-2.4979100479052234,-2.8580637924519463
-1.089583483942311,-1.324581199385906,-1.3236692905955345
-0.4133670295211527,0.260684078934382,0.8683280822587239
0.8749105837348706,0.7328815207567434,0.9478962863224328
-0.9624380369098773,-1.781763864515931,-2.025120520288035
-1.7472377296386585,-0.9602036849974446,-0.6265855791903737
-0.3524117547839401,-0.9313608513401912,-0.9487358886017246
0.11531286260463941,0.22484920646283812,0.8166227407489963
-2.305530056233152,-2.419254550566336,-2.835812366982853
-1.2988266208479085,-1.5157735063043283,-1.575592115388588
-2.68420506397882,-2.3962608272292565,-2.750251646064422
-3.380577880024579,-2.8100561397076516,-3.3454489518349377
1.9928588077554834,2.1873990378829022,2.644145680403547
-1.438531128806139,-0.47923323039037274,-0.6010854069423861
-1.811452821455535,-2.1531397157781136,-2.6357196302270833
-2.8218595790177,-2.1759727596124376,-2.3369645255836007
-2.286880077948279,-1.9641176757085437,-2.345905021045773
-2.223892180461169,-2.1563457587748474,-2.2918557367442682
-0.9012412298431477,-0.7363821128505149,-0.3668333930855706
-0.7896303222904931,0.3895990357802626,0.7884779940016948
-0.8039088827537687,-0.7126248859638478,-0.4995347364117592
-2.8932448796328876,-1.0752668634312845,-0.9067027781528045
-0.9608401695886717,-1.5011763397836917,-1.650356401343963
-1.6364699232391893,-0.5094649522819091,-0.705567018412763
0.42416735376969233,0.5487609944723169,0.994260712522459
2.153556858642778,1.8030969721085641,1.9779682722778578
-1.1842479710227973,-0.34845032493001105,-0.16442184034483678
-1.2180965987367447,-1.1748202765965075,-1.0781822089834896
1.0894566598745743,1.293979834314236,1.4310179971878894
-2.203764135764588,-1.9259221995814784,-1.971591762291332
0.40620978812247,1.0978846951630594,1.4104442057530746
