ho_likelihood,hol_likelihood,std_likelihood
-0.6931471805599453,-0.6931471805599453,-0.6931471805599453
-0.6931471805599453,-0.6931471805599453,-0.6931471805599453
0.0,0.0,0.0
0.0,0.0,0.0
0.0,0.0,0.0
0.0,0.0,0.0
-0.6931471805599453,-0.6931471805599453,-0.6931471805599453
0.0,0.0,0.0
-0.6931471805599453,-0.6931471805599453,-0.6931471805599453
-0.6931471805599453,-0.6931471805599453,-0.6931471805599453
-0.6931471805599453,-0.6931471805599453,-0.6931471805599453
-0.6931471805599453,-0.6931471805599453,-0.6931471805599453
-0.6931471805599453,-0.6931471805599453,-0.6931471805599453
-0.6931471805599453,-0.6931471805599453,-0.6931471805599453
0.0,0.0,0.0
0.0,0.0,0.0
-0.6931471805599453,-0.6931471805599453,-0.6931471805599453
0.0,0.0,0.0
-0.6931471805599453,-0.6931471805599453,-0.6931471805599453
-0.6931471805599453,-0.6931471805599453,-0.6931471805599453
-0.6931471805599453,-0.6931471805599453,-0.6931471805599453
-0.6931471805599453,-0.6931471805599453,-0.6931471805599453
-0.6931471805599453,-0.6931471805599453,-0.6931471805599453
0.0,0.0,0.0
-0.3640264640986482,-0.37130054312781535,-0.338128020752608
-0.6931471805599453,-0.6931471805599453,-0.6931471805599453
0.0,0.0,0.0
0.0,0.0,0.0
-0.6931471805599453,-0.6931471805599453,-0.6931471805599453
-0.6931471805599453,-0.6931471805599453,-0.6931471805599453
-0.6931471805599453,-0.6931471805599453,-0.6931471805599453
-0.5280643516656611,-0.5279647103546166,-0.5280489056149706
-0.6931471805599453,-0.6931471805599453,-0.6931471805599453
0.0,0.0,0.0
0.0,0.0,0.0
0.0,0.0,0.0
0.0,0.0,0.0
0.03023598587287035,-0.3844579317719234,-1.0847938514106416e-07
-0.6931471805599453,-0.6931471805599453,-0.6931471805599453
0.0,0.0,0.0
0.0,0.0,0.0
0.0,0.0,0.0
0.0,0.0,0.0
-0.6931471805599453,-0.6931471805599453,-0.6931471805599453
-0.6931471805599453,-0.6931471805599453,-0.6931471805599453
-0.6931471805599453,-0.6931471805599453,-0.6931471805599453
0.0,0.0,0.0
0.0,0.0,0.0
0.0,0.0,0.0
0.8230000703891737,0.7993554363674887,0.9105074808432948
-0.6931471805599453,-0.6931471805599453,-0.6931471805599453
0.0,0.0,0.0
-0.6931471805599453,-0.6931471805599453,-0.6931471805599453
-0.6931471805599453,-0.6931471805599453,-0.6931471805599453
-0.6931471805599453,-0.6931471805599453,-0.6931471805599453
-0.6931471805599453,-0.6931471805599453,-0.6931471805599453
-0.6931471805599453,-0.6931471805599453,-0.6931471805599453
0.0,0.0,0.0
-0.6931471805599453,-0.6931471805599453,-0.6931471805599453
0.0,0.0,0.0
-0.6931471805599453,-0.6931471805599453,-0.6931471805599453
0.0,0.0,0.0
0.0,0.0,0.0
-0.6931471805599453,-0.6931471805599453,-0.6931471805599453
-0.6931471805599453,-0.6931471805599453,-0.6931471805599453
0.0,0.0,0.0
-0.6931471805599453,-0.6931471805599453,-0.6931471805599453
0.0,0.0,0.0
0.0,0.0,0.0
0.0,0.0,0.0
-0.6931471805599453,-0.6931471805599453,-0.6931471805599453
0.0,0.0,0.0
-0.6931471805599453,-0.6931471805599453,-0.6931471805599453
-0.6931471805599453,-0.6931471805599453,-0.6931471805599453
-0.6781434729044243,-0.9037394542669773,-0.6931472321410159
-0.5280643509690581,-0.527964596949207,-0.5280489051208793
0.0,0.0,0.0
-0.6931471805599453,-0.6931471805599453,-0.6931471805599453
-0.6931471805599453,-0.6931471805599453,-0.6931471805599453
0.0,0.0,0.0
0.0,0.0,0.0
-0.6931471805599453,-0.6931471805599453,-0.6931471805599453
-0.6931471805599453,-0.6931471805599453,-0.6931471805599453
0.0,0.0,0.0
-0.6931471805599453,-0.6931471805599453,-0.6931471805599453
-0.6931471805599453,-0.6931471805599453,-0.6931471805599453
0.0,0.0,0.0
-0.6781434693655095,-0.9037394525189889,-0.6931471964245989
-0.6931471805599453,-0.6931471805599453,-0.6931471805599453
-0.6931471805599453,-0.6931471805599453,-0.6931471805599453
-0.6931471805599453,-0.6931471805599453,-0.6931471805599453
-0.6931471805599453,-0.6931471805599453,-0.6931471805599453
0.0,0.0,0.0
-0.6931471805599453,-0.6931471805599453,-0.6931471805599453
-0.6629110364967632,-1.0776051112572331,-0.6931472243669258
0.0,0.0,0.0
0.0,0.0,0.0
0.0,0.0,0.0
-0.6931471805599453,-0.6931471805599453,-0.6931471805599453
0.06444812842292862,0.06458496502615287,0.0644692949182981
-0.3640264640986482,-0.37130054312781535,-0.338128020752608
0.0,0.0,0.0
0.0,0.0,0.0
0.8229999943829841,0.7993554382906516,0.9105078734178146
-0.6931471805599453,-0.6931471805599453,-0.6931471805599453
0.0,0.0,0.0
0.0,0.0,0.0
-0.6931471805599453,-0.6931471805599453,-0.6931471805599453
-0.6931471805599453,-0.6931471805599453,-0.6931471805599453
0.0,0.0,0.0
0.528033466799235,0.5281332772982967,0.5280489058210097
0.0,0.0,0.0
0.5055786553921918,-0.13482359916887632,0.5723795769021398
-0.9916188051755416,-0.9916815895704407,-0.9916285167237214
0.0,0.0,0.0
-0.6931471805599453,-0.6931471805599453,-0.6931471805599453
0.0,0.0,0.0
0.0,0.0,0.0
-0.6931471805599453,-0.6931471805599453,-0.6931471805599453
-0.6931471805599453,-0.6931471805599453,-0.6931471805599453
-0.6931471805599453,-0.6931471805599453,-0.6931471805599453
0.0,0.0,0.0
0.0,0.0,0.0
-0.6931471805599453,-0.6931471805599453,-0.6931471805599453
0.0,0.0,0.0
-0.6931471805599453,-0.6931471805599453,-0.6931471805599453
0.0,0.0,0.0
-0.6931471805599453,-0.6931471805599453,-0.6931471805599453
0.0,0.0,0.0
-0.6931471805599453,-0.6931471805599453,-0.6931471805599453
0.0,0.0,0.0
0.0,0.0,0.0
-0.6931471805599453,-0.6931471805599453,-0.6931471805599453
0.0,0.0,0.0
-0.6931471805599453,-0.6931471805599453,-0.6931471805599453
-0.6931471805599453,-0.6931471805599453,-0.6931471805599453
-0.6931471805599453,-0.6931471805599453,-0.6931471805599453
-0.6931471805599453,-0.6931471805599453,-0.6931471805599453
0.0,0.0,0.0
0.06444813053815066,0.06458472558739622,0.06446929265338584
-0.6931471805599453,-0.6931471805599453,-0.6931471805599453
0.0,0.0,0.0
0.0,0.0,0.0
0.0,0.0,0.0
0.0,0.0,0.0
-0.6931471805599453,-0.6931471805599453,-0.6931471805599453
-0.6931471805599453,-0.6931471805599453,-0.6931471805599453
0.0,0.0,0.0
0.0,0.0,0.0
-0.6931471805599453,-0.6931471805599453,-0.6931471805599453
0.0,0.0,0.0
-0.6931471805599453,-0.6931471805599453,-0.6931471805599453
0.0,0.0,0.0
-0.6931471805599453,-0.6931471805599453,-0.6931471805599453
-0.030235937045552688,0.38445792885497354,1.21173885746208e-08
0.0,0.0,0.0
0.0,0.0,0.0
-0.6931471805599453,-0.6931471805599453,-0.6931471805599453
0.0,0.0,0.0
0.0,0.0,0.0
-0.6931471805599453,-0.6931471805599453,-0.6931471805599453
-0.6931471805599453,-0.6931471805599453,-0.6931471805599453
-0.6931471805599453,-0.6931471805599453,-0.6931471805599453
0.0,0.0,0.0
-0.6931471805599453,-0.6931471805599453,-0.6931471805599453
-0.6931471805599453,-0.6931471805599453,-0.6931471805599453
-0.6931471805599453,-0.6931471805599453,-0.6931471805599453
0.0,0.0,0.0
0.0,0.0,0.0
-0.6931471805599453,-0.6931471805599453,-0.6931471805599453
0.0,0.0,0.0
-0.6931471805599453,-0.6931471805599453,-0.6931471805599453
-0.6931471805599453,-0.6931471805599453,-0.6931471805599453
0.0,0.0,0.0
-0.6931471805599453,-0.6931471805599453,-0.6931471805599453
0.0,0.0,0.0
0.12985288184022853,0.10620825585692277,0.2173604856608984
0.0,0.0,0.0
0.0,0.0,0.0
-0.6931471805599453,-0.6931471805599453,-0.6931471805599453
0.5055786553921918,-0.13482359916887632,0.5723795769021398
-0.6931471805599453,-0.6931471805599453,-0.6931471805599453
-0.6931471805599453,-0.6931471805599453,-0.6931471805599453
0.0,0.0,0.0
0.0,0.0,0.0
-0.6931471805599453,-0.6931471805599453,-0.6931471805599453
0.0,0.0,0.0
-0.7386157098135875,-0.1348235975168969,-0.6931471157733435
-0.6931471805599453,-0.6931471805599453,-0.6931471805599453
0.0,0.0,0.0
-0.6931471805599453,-0.6931471805599453,-0.6931471805599453
0.0,0.0,0.0
-0.6931471805599453,-0.6931471805599453,-0.6931471805599453
-0.1650828288942843,-0.16518247020532864,-0.16509827494497478
-0.6931471805599453,-0.6931471805599453,-0.6931471805599453
0.0,0.0,0.0
0.0,0.0,0.0
-0.6931471805599453,-0.6931471805599453,-0.6931471805599453
0.0,0.0,0.0
-0.6931471805599453,-0.6931471805599453,-0.6931471805599453
0.0,0.0,0.0
-0.6931471805599453,-0.6931471805599453,-0.6931471805599453
0.0,0.0,0.0
0.0,0.0,0.0
-0.6931471805599453,-0.6931471805599453,-0.6931471805599453
0.5280643516018133,0.5279647186453852,0.5280489053136996
0.0,0.0,0.0
-0.6931471805599453,-0.6931471805599453,-0.6931471805599453
0.0,0.0,0.0
0.0,0.0,0.0
-0.6931471805599453,-0.6931471805599453,-0.6931471805599453
0.0,0.0,0.0
0.0,0.0,0.0
0.0,0.0,0.0
-0.6931471805599453,-0.6931471805599453,-0.6931471805599453
-0.6931471805599453,-0.6931471805599453,-0.6931471805599453
-0.6931471805599453,-0.6931471805599453,-0.6931471805599453
0.0,0.0,0.0
0.0,0.0,0.0
0.0,0.0,0.0
0.0,0.0,0.0
0.0,0.0,0.0
-0.46357388079264644,-0.46361083635243305,-0.4635796115744494
-0.5280334672365398,-0.5281333113929332,-0.5280489041332848
0.0,0.0,0.0
-0.6931471805599453,-0.6931471805599453,-0.6931471805599453
0.0,0.0,0.0
-0.6931471805599453,-0.6931471805599453,-0.6931471805599453
-0.6931471805599453,-0.6931471805599453,-0.6931471805599453
-0.6931471805599453,-0.6931471805599453,-0.6931471805599453
-0.6931471805599453,-0.6931471805599453,-0.6931471805599453
-0.6931471805599453,-0.6931471805599453,-0.6931471805599453
0.0,0.0,0.0
0.03023593704555266,-0.3844579288549735,-1.21173884994073e-08
0.0,0.0,0.0
0.0,0.0,0.0
-0.6931471805599453,-0.6931471805599453,-0.6931471805599453
0.0,0.0,0.0
-0.6931471805599453,-0.6931471805599453,-0.6931471805599453
-0.6931471805599453,-0.6931471805599453,-0.6931471805599453
-0.6931471805599453,-0.6931471805599453,-0.6931471805599453
0.0,0.0,0.0
0.0,0.0,0.0
-0.6931471805599453,-0.6931471805599453,-0.6931471805599453
-0.6931471805599453,-0.6931471805599453,-0.6931471805599453
-0.6931471805599453,-0.6931471805599453,-0.6931471805599453
-0.6931471805599453,-0.6931471805599453,-0.6931471805599453
0.0,0.0,0.0
-0.5280643509690581,-0.527964596949207,-0.5280489051208793
-0.6931471805599453,-0.6931471805599453,-0.6931471805599453
-0.6931471805599453,-0.6931471805599453,-0.6931471805599453
0.0,0.0,0.0
-0.6931471805599453,-0.6931471805599453,-0.6931471805599453
-0.6931471805599453,-0.6931471805599453,-0.6931471805599453
-0.6931471805599453,-0.6931471805599453,-0.6931471805599453
0.0,0.0,0.0
0.0,0.0,0.0
0.0,0.0,0.0
0.0,0.0,0.0
0.0,0.0,0.0
-0.6931471805599453,-0.6931471805599453,-0.6931471805599453
0.12985288184022853,0.10620825585692277,0.2173604856608984
-0.6931471805599453,-0.6931471805599453,-0.6931471805599453
-0.6931471805599453,-0.6931471805599453,-0.6931471805599453
0.0,0.0,0.0
-0.6931471805599453,-0.6931471805599453,-0.6931471805599453
-0.6931471805599453,-0.6931471805599453,-0.6931471805599453
-0.6931471805599453,-0.6931471805599453,-0.6931471805599453
-0.6931471805599453,-0.6931471805599453,-0.6931471805599453
0.0,0.0,0.0
-0.6931471805599453,-0.6931471805599453,-0.6931471805599453
-0.6931471805599453,-0.6931471805599453,-0.6931471805599453
-0.6931471805599453,-0.6931471805599453,-0.6931471805599453
-0.6931471805599453,-0.6931471805599453,-0.6931471805599453
0.0,0.0,0.0
0.0,0.0,0.0
-0.6931471805599453,-0.6931471805599453,-0.6931471805599453
-0.6931471805599453,-0.6931471805599453,-0.6931471805599453
-0.6931471805599453,-0.6931471805599453,-0.6931471805599453
-0.16508282884594183,-0.16518263092040578,-0.1650982753802776
0.0,0.0,0.0
-0.6931471805599453,-0.6931471805599453,-0.6931471805599453
-0.6931471805599453,-0.6931471805599453,-0.6931471805599453
0.0,0.0,0.0
-0.3640264943304981,-0.3713005409652301,-0.3381278971044203
0.0,0.0,0.0
0.0,0.0,0.0
0.0,0.0,0.0
0.0,0.0,0.0
-0.6931471805599453,-0.6931471805599453,-0.6931471805599453
-0.6931471805599453,-0.6931471805599453,-0.6931471805599453
0.0,0.0,0.0
0.0,0.0,0.0
-0.6931471805599453,-0.6931471805599453,-0.6931471805599453
0.0,0.0,0.0
-0.6931471805599453,-0.6931471805599453,-0.6931471805599453
0.0,0.0,0.0
-0.6931471805599453,-0.6931471805599453,-0.6931471805599453
0.0,0.0,0.0
0.0,0.0,0.0
0.0,0.0,0.0
-0.6931471805599453,-0.6931471805599453,-0.6931471805599453
-0.6931471805599453,-0.6931471805599453,-0.6931471805599453
0.0,0.0,0.0
-1.2120472622590708,-0.9037394538159669,-1.2486357190899298
0.0,0.0,0.0
0.0,0.0,0.0
-0.6931471805599453,-0.6931471805599453,-0.6931471805599453
0.0,0.0,0.0
-0.9916188047418414,-0.9916815250699864,-0.9916285164197661
0.0,0.0,0.0
-0.6931471805599453,-0.6931471805599453,-0.6931471805599453
-0.6931471805599453,-0.6931471805599453,-0.6931471805599453
0.0,0.0,0.0
0.0,0.0,0.0
-0.6931471805599453,-0.6931471805599453,-0.6931471805599453
-0.6931471805599453,-0.6931471805599453,-0.6931471805599453
-0.6931471805599453,-0.6931471805599453,-0.6931471805599453
0.0,0.0,0.0
0.0,0.0,0.0
-0.6931471805599453,-0.6931471805599453,-0.6931471805599453
-0.6931471805599453,-0.6931471805599453,-0.6931471805599453
-0.6931471805599453,-0.6931471805599453,-0.6931471805599453
0.0,0.0,0.0
-0.6931471805599453,-0.6931471805599453,-0.6931471805599453
-0.6931471805599453,-0.6931471805599453,-0.6931471805599453
0.0,0.0,0.0
-0.6931471805599453,-0.6931471805599453,-0.6931471805599453
0.0,0.0,0.0
0.0,0.0,0.0
-0.6931471805599453,-0.6931471805599453,-0.6931471805599453
-0.6931471805599453,-0.6931471805599453,-0.6931471805599453
-0.6931471805599453,-0.6931471805599453,-0.6931471805599453
-0.6931471805599453,-0.6931471805599453,-0.6931471805599453
-0.6931471805599453,-0.6931471805599453,-0.6931471805599453
-0.6931471805599453,-0.6931471805599453,-0.6931471805599453
0.0,0.0,0.0
0.0,0.0,0.0
0.0,0.0,0.0
-0.6931471805599453,-0.6931471805599453,-0.6931471805599453
-0.8588129772267233,-0.3844579317719343,-0.9105076312892053
-0.6931471805599453,-0.6931471805599453,-0.6931471805599453
0.0,0.0,0.0
0.0,0.0,0.0
-0.6931471805599453,-0.6931471805599453,-0.6931471805599453
0.0,0.0,0.0
-0.6931471805599453,-0.6931471805599453,-0.6931471805599453
-0.6931471805599453,-0.6931471805599453,-0.6931471805599453
0.0,0.0,0.0
-0.6931471805599453,-0.6931471805599453,-0.6931471805599453
-0.6931471805599453,-0.6931471805599453,-0.6931471805599453
0.0,0.0,0.0
-0.6931471805599453,-0.6931471805599453,-0.6931471805599453
0.0,0.0,0.0
-0.6931471805599453,-0.6931471805599453,-0.6931471805599453
0.0,0.0,0.0
0.0,0.0,0.0
-0.6931471805599453,-0.6931471805599453,-0.6931471805599453
-0.6931471805599453,-0.6931471805599453,-0.6931471805599453
0.0,0.0,0.0
0.0,0.0,0.0
0.06444812902246284,0.06458501176827511,0.06446929260447429
-1.5197025831502013,-1.519540081866701,-1.519677421404199
-0.6931471805599453,-0.6931471805599453,-0.6931471805599453
0.0,0.0,0.0
-0.6931471805599453,-0.6931471805599453,-0.6931471805599453
-0.6931471805599453,-0.6931471805599453,-0.6931471805599453
0.0,0.0,0.0
0.0,0.0,0.0
0.0,0.0,0.0
0.0,0.0,0.0
-0.6931471805599453,-0.6931471805599453,-0.6931471805599453
-0.6931471805599453,-0.6931471805599453,-0.6931471805599453
0.0,0.0,0.0
-0.6931471805599453,-0.6931471805599453,-0.6931471805599453
-0.6931471805599453,-0.6931471805599453,-0.6931471805599453
-0.6931471805599453,-0.6931471805599453,-0.6931471805599453
0.0,0.0,0.0
0.0,0.0,0.0
0.0,0.0,0.0
0.0,0.0,0.0
0.0,0.0,0.0
-0.823000062400174,-0.799355436416868,-0.9105076662208438
-0.6931471805599453,-0.6931471805599453,-0.6931471805599453
-0.6931471805599453,-0.6931471805599453,-0.6931471805599453
-0.6931471805599453,-0.6931471805599453,-0.6931471805599453
0.0,0.0,0.0
0.0,0.0,0.0
-0.6931471805599453,-0.6931471805599453,-0.6931471805599453
-0.6931471805599453,-0.6931471805599453,-0.6931471805599453
-0.6931471805599453,-0.6931471805599453,-0.6931471805599453
0.0,0.0,0.0
-0.6931471805599453,-0.6931471805599453,-0.6931471805599453
-0.6931471805599453,-0.6931471805599453,-0.6931471805599453
0.0,0.0,0.0
0.0,0.0,0.0
0.0,0.0,0.0
-0.6931471805599453,-0.6931471805599453,-0.6931471805599453
0.0,0.0,0.0
-0.6781433822264381,-0.9037394549120105,-0.6931472024634359
-0.6931471805599453,-0.6931471805599453,-0.6931471805599453
-0.6931471805599453,-0.6931471805599453,-0.6931471805599453
-0.6931471805599453,-0.6931471805599453,-0.6931471805599453
-0.6931471805599453,-0.6931471805599453,-0.6931471805599453
0.0,0.0,0.0
0.0,0.0,0.0
-0.6931471805599453,-0.6931471805599453,-0.6931471805599453
0.0,0.0,0.0
0.0,0.0,0.0
0.0,0.0,0.0
-0.6931471805599453,-0.6931471805599453,-0.6931471805599453
-0.6931471805599453,-0.6931471805599453,-0.6931471805599453
0.0,0.0,0.0
0.0,0.0,0.0
0.0,0.0,0.0
0.0,0.0,0.0
0.0,0.0,0.0
-0.6931471805599453,-0.6931471805599453,-0.6931471805599453
0.0,0.0,0.0
-0.6931471805599453,-0.6931471805599453,-0.6931471805599453
0.0,0.0,0.0
-0.6931471805599453,-0.6931471805599453,-0.6931471805599453
-0.6931471805599453,-0.6931471805599453,-0.6931471805599453
-0.6931471805599453,-0.6931471805599453,-0.6931471805599453
-0.6931471805599453,-0.6931471805599453,-0.6931471805599453
0.0,0.0,0.0
-0.6931471805599453,-0.6931471805599453,-0.6931471805599453
-0.6931471805599453,-0.6931471805599453,-0.6931471805599453
0.0,0.0,0.0
0.0,0.0,0.0
0.0,0.0,0.0
0.0,0.0,0.0
-0.6931471805599453,-0.6931471805599453,-0.6931471805599453
-0.6931471805599453,-0.6931471805599453,-0.6931471805599453
0.0,0.0,0.0
-0.6629112134498846,-1.0776051072349953,-0.6931472122892524
-0.6931471805599453,-0.6931471805599453,-0.6931471805599453
0.0,0.0,0.0
0.0,0.0,0.0
-0.6931471805599453,-0.6931471805599453,-0.6931471805599453
-0.6931471805599453,-0.6931471805599453,-0.6931471805599453
0.0,0.0,0.0
0.12985288898837147,0.10620824870820979,0.21736063521137025
0.0,0.0,0.0
0.0,0.0,0.0
-0.6931471805599453,-0.6931471805599453,-0.6931471805599453
-0.6931471805599453,-0.6931471805599453,-0.6931471805599453
0.0,0.0,0.0
-0.6931471805599453,-0.6931471805599453,-0.6931471805599453
0.0,0.0,0.0
-0.6931471805599453,-0.6931471805599453,-0.6931471805599453
0.0,0.0,0.0
-0.6931471805599453,-0.6931471805599453,-0.6931471805599453
0.0,0.0,0.0
0.0,0.0,0.0
0.0,0.0,0.0
-0.6931471805599453,-0.6931471805599453,-0.6931471805599453
-0.6931471805599453,-0.6931471805599453,-0.6931471805599453
0.0,0.0,0.0
-0.6931471805599453,-0.6931471805599453,-0.6931471805599453
0.0,0.0,0.0
0.0,0.0,0.0
0.0,0.0,0.0
0.0,0.0,0.0
0.030235874547944127,-0.3844579311259456,-1.9309091401256875e-08
-0.6931471805599453,-0.6931471805599453,-0.6931471805599453
0.0,0.0,0.0
0.8230000934624809,0.7993554313182459,0.910507442431665
-0.46357388079264644,-0.46361083635243305,-0.4635796115744494
0.0,0.0,0.0
-0.6931471805599453,-0.6931471805599453,-0.6931471805599453
-0.6931471805599453,-0.6931471805599453,-0.6931471805599453
-0.6931471805599453,-0.6931471805599453,-0.6931471805599453
0.0,0.0,0.0
-0.6931471805599453,-0.6931471805599453,-0.6931471805599453
-0.6931471805599453,-0.6931471805599453,-0.6931471805599453
-0.6931471805599453,-0.6931471805599453,-0.6931471805599453
0.0,0.0,0.0
0.0,0.0,0.0
0.0,0.0,0.0
0.0,0.0,0.0
-0.6931471805599453,-0.6931471805599453,-0.6931471805599453
-0.6931471805599453,-0.6931471805599453,-0.6931471805599453
0.0,0.0,0.0
-1.2120472622590708,-0.9037394538159669,-1.2486357190899298
-0.6931471805599453,-0.6931471805599453,-0.6931471805599453
-0.46357388121208515,-0.46361088796828714,-0.46357961116244045
-0.6931471805599453,-0.6931471805599453,-0.6931471805599453
-0.6931471805599453,-0.6931471805599453,-0.6931471805599453
-0.6931471805599453,-0.6931471805599453,-0.6931471805599453
0.0,0.0,0.0
0.0,0.0,0.0
-0.6931471805599453,-0.6931471805599453,-0.6931471805599453
0.0,0.0,0.0
-0.6931471805599453,-0.6931471805599453,-0.6931471805599453
0.0,0.0,0.0
-0.6931471805599453,-0.6931471805599453,-0.6931471805599453
0.0,0.0,0.0
0.0,0.0,0.0
-0.6931471805599453,-0.6931471805599453,-0.6931471805599453
-0.6931471805599453,-0.6931471805599453,-0.6931471805599453
0.0,0.0,0.0
-0.6931471805599453,-0.6931471805599453,-0.6931471805599453
-0.6781434729044243,-0.9037394542669773,-0.6931472321410159
-0.6931471805599453,-0.6931471805599453,-0.6931471805599453
-0.46357388079264644,-0.46361083635243305,-0.4635796115744494
-0.6931471805599453,-0.6931471805599453,-0.6931471805599453
-0.6931471805599453,-0.6931471805599453,-0.6931471805599453
-0.6931471805599453,-0.6931471805599453,-0.6931471805599453
-0.6931471805599453,-0.6931471805599453,-0.6931471805599453
0.0,0.0,0.0
0.0,0.0,0.0
-0.6931471805599453,-0.6931471805599453,-0.6931471805599453
0.0,0.0,0.0
-0.6931471805599453,-0.6931471805599453,-0.6931471805599453
-0.6931471805599453,-0.6931471805599453,-0.6931471805599453
0.0,0.0,0.0
-0.030235959923594746,0.3844579296131033,1.0316213839520405e-07
0.0,0.0,0.0
0.0,0.0,0.0
-0.6629110103214699,-1.0776051084107465,-0.6931472237510135
-0.6931471805599453,-0.6931471805599453,-0.6931471805599453
-0.6931471805599453,-0.6931471805599453,-0.6931471805599453
0.0,0.0,0.0
-0.6931471805599453,-0.6931471805599453,-0.6931471805599453
0.0,0.0,0.0
-0.6931471805599453,-0.6931471805599453,-0.6931471805599453
-0.6931471805599453,-0.6931471805599453,-0.6931471805599453
-0.6931471805599453,-0.6931471805599453,-0.6931471805599453
-0.6931471805599453,-0.6931471805599453,-0.6931471805599453
-0.6931471805599453,-0.6931471805599453,-0.6931471805599453
0.0,0.0,0.0
0.0,0.0,0.0
-0.6931471805599453,-0.6931471805599453,-0.6931471805599453
-0.6931471805599453,-0.6931471805599453,-0.6931471805599453
-0.6931471805599453,-0.6931471805599453,-0.6931471805599453
0.0,0.0,0.0
-2.0100264830964663,-1.9700114175465333,-2.159143643940049
-0.6931471805599453,-0.6931471805599453,-0.6931471805599453
0.5280643516705558,0.5279646336625823,0.5280489076541248
0.0,0.0,0.0
0.0,0.0,0.0
0.0,0.0,0.0
0.0,0.0,0.0
0.0,0.0,0.0
0.0,0.0,0.0
0.0,0.0,0.0
-0.6931471805599453,-0.6931471805599453,-0.6931471805599453
-0.6931471805599453,-0.6931471805599453,-0.6931471805599453
-0.6931471805599453,-0.6931471805599453,-0.6931471805599453
0.0,0.0,0.0
0.0,0.0,0.0
0.0,0.0,0.0
0.0,0.0,0.0
-0.6931471805599453,-0.6931471805599453,-0.6931471805599453
0.0,0.0,0.0
0.0,0.0,0.0
0.0,0.0,0.0
0.0,0.0,0.0
-0.6931471805599453,-0.6931471805599453,-0.6931471805599453
-0.6931471805599453,-0.6931471805599453,-0.6931471805599453
-0.6931471805599453,-0.6931471805599453,-0.6931471805599453
0.0,0.0,0.0
-0.6931471805599453,-0.6931471805599453,-0.6931471805599453
0.0,0.0,0.0
-0.6931471805599453,-0.6931471805599453,-0.6931471805599453
-0.6931471805599453,-0.6931471805599453,-0.6931471805599453
-0.6931471805599453,-0.6931471805599453,-0.6931471805599453
0.0,0.0,0.0
0.0,0.0,0.0
0.0,0.0,0.0
-0.6931471805599453,-0.6931471805599453,-0.6931471805599453
0.0,0.0,0.0
0.0,0.0,0.0
0.5055788189449893,-0.13482359351710904,0.5723795514935351
0.0,0.0,0.0
0.0,0.0,0.0
-0.6931471805599453,-0.6931471805599453,-0.6931471805599453
0.0,0.0,0.0
0.0,0.0,0.0
-0.6931471805599453,-0.6931471805599453,-0.6931471805599453
0.8230000703891737,0.7993554363674887,0.9105074808432948
0.0,0.0,0.0
0.0,0.0,0.0
0.0,0.0,0.0
-0.9916188051792749,-0.9916815477422634,-0.9916285179923052
-0.6931471805599453,-0.6931471805599453,-0.6931471805599453
0.0,0.0,0.0
-0.6931471805599453,-0.6931471805599453,-0.6931471805599453
0.0,0.0,0.0
-0.6931471805599453,-0.6931471805599453,-0.6931471805599453
-0.6931471805599453,-0.6931471805599453,-0.6931471805599453
0.0,0.0,0.0
0.0,0.0,0.0
0.0,0.0,0.0
-0.8588131066775904,-0.384457927850758,-0.9105074087186872
0.0,0.0,0.0
0.0,0.0,0.0
-0.6931471805599453,-0.6931471805599453,-0.6931471805599453
-0.6931471805599453,-0.6931471805599453,-0.6931471805599453
0.0,0.0,0.0
-0.6931471805599453,-0.6931471805599453,-0.6931471805599453
0.0,0.0,0.0
-0.6931471805599453,-0.6931471805599453,-0.6931471805599453
-0.6931471805599453,-0.6931471805599453,-0.6931471805599453
-0.6931471805599453,-0.6931471805599453,-0.6931471805599453
-0.6931471805599453,-0.6931471805599453,-0.6931471805599453
0.0,0.0,0.0
-0.6931471805599453,-0.6931471805599453,-0.6931471805599453
-0.8588128934902761,-0.3844579311259409,-0.9105078397046309
0.0,0.0,0.0
-0.6931471805599453,-0.6931471805599453,-0.6931471805599453
-0.6931471805599453,-0.6931471805599453,-0.6931471805599453
-0.6931471805599453,-0.6931471805599453,-0.6931471805599453
0.0,0.0,0.0
-0.6931471805599453,-0.6931471805599453,-0.6931471805599453
0.0,0.0,0.0
0.0,0.0,0.0
-0.6931471805599453,-0.6931471805599453,-0.6931471805599453
-0.6931471805599453,-0.6931471805599453,-0.6931471805599453
-0.6931471805599453,-0.6931471805599453,-0.6931471805599453
-0.6931471805599453,-0.6931471805599453,-0.6931471805599453
-0.6931471805599453,-0.6931471805599453,-0.6931471805599453
-0.6931471805599453,-0.6931471805599453,-0.6931471805599453
-0.6931471805599453,-0.6931471805599453,-0.6931471805599453
-0.6931471805599453,-0.6931471805599453,-0.6931471805599453
-0.3640264711389417,-0.37130054156172493,-0.3381280097324647
-0.6931471805599453,-0.6931471805599453,-0.6931471805599453
0.0,0.0,0.0
-0.6931471805599453,-0.6931471805599453,-0.6931471805599453
0.12985288898837147,0.10620824870820979,0.21736063521137025
0.0,0.0,0.0
0.0,0.0,0.0
0.0,0.0,0.0
-0.6931471805599453,-0.6931471805599453,-0.6931471805599453
0.0,0.0,0.0
0.0,0.0,0.0
-0.6931471805599453,-0.6931471805599453,-0.6931471805599453
0.0,0.0,0.0
-0.6931471805599453,-0.6931471805599453,-0.6931471805599453
-0.6931471805599453,-0.6931471805599453,-0.6931471805599453
-0.6931471805599453,-0.6931471805599453,-0.6931471805599453
-0.6931471805599453,-0.6931471805599453,-0.6931471805599453
-0.6931471805599453,-0.6931471805599453,-0.6931471805599453
-0.5280643532081779,-0.5279645300813257,-0.5280489038492417
-0.6931471805599453,-0.6931471805599453,-0.6931471805599453
0.0,0.0,0.0
-0.6931471805599453,-0.6931471805599453,-0.6931471805599453
0.0,0.0,0.0
-0.6931471805599453,-0.6931471805599453,-0.6931471805599453
-0.6931471805599453,-0.6931471805599453,-0.6931471805599453
-0.6931471805599453,-0.6931471805599453,-0.6931471805599453
-0.6931471805599453,-0.6931471805599453,-0.6931471805599453
-0.6931471805599453,-0.6931471805599453,-0.6931471805599453
0.0,0.0,0.0
-0.6931471805599453,-0.6931471805599453,-0.6931471805599453
0.0,0.0,0.0
0.0,0.0,0.0
-0.6931471805599453,-0.6931471805599453,-0.6931471805599453
0.0,0.0,0.0
0.0,0.0,0.0
0.0,0.0,0.0
-0.6931471805599453,-0.6931471805599453,-0.6931471805599453
0.06444812848605695,0.06458475213552442,0.06446929434199208
0.0,0.0,0.0
0.0,0.0,0.0
-0.6931471805599453,-0.6931471805599453,-0.6931471805599453
-0.6931471805599453,-0.6931471805599453,-0.6931471805599453
0.0,0.0,0.0
0.0,0.0,0.0
-0.6931471805599453,-0.6931471805599453,-0.6931471805599453
-0.6931471805599453,-0.6931471805599453,-0.6931471805599453
-0.6931471805599453,-0.6931471805599453,-0.6931471805599453
0.0,0.0,0.0
-0.6931471805599453,-0.6931471805599453,-0.6931471805599453
-0.6931471805599453,-0.6931471805599453,-0.6931471805599453
0.0,0.0,0.0
-0.6931471805599453,-0.6931471805599453,-0.6931471805599453
0.0,0.0,0.0
-0.6931471805599453,-0.6931471805599453,-0.6931471805599453
-0.6931471805599453,-0.6931471805599453,-0.6931471805599453
-0.6931471805599453,-0.6931471805599453,-0.6931471805599453
-0.6931471805599453,-0.6931471805599453,-0.6931471805599453
-0.6931471805599453,-0.6931471805599453,-0.6931471805599453
-0.6931471805599453,-0.6931471805599453,-0.6931471805599453
0.0,0.0,0.0
-0.6931471805599453,-0.6931471805599453,-0.6931471805599453
0.0,0.0,0.0
0.0,0.0,0.0
0.0,0.0,0.0
-0.6931471805599453,-0.6931471805599453,-0.6931471805599453
-0.6931471805599453,-0.6931471805599453,-0.6931471805599453
0.0,0.0,0.0
-0.6931471805599453,-0.6931471805599453,-0.6931471805599453
-0.6931471805599453,-0.6931471805599453,-0.6931471805599453
-0.6931471805599453,-0.6931471805599453,-0.6931471805599453
0.0,0.0,0.0
0.0,0.0,0.0
-0.6931471805599453,-0.6931471805599453,-0.6931471805599453
-1.2120473784065713,-0.9037394532184738,-1.2486354391434142
0.0,0.0,0.0
-0.6931471805599453,-0.6931471805599453,-0.6931471805599453
0.0,0.0,0.0
-0.6931471805599453,-0.6931471805599453,-0.6931471805599453
-0.9916188051755416,-0.9916815895704407,-0.9916285167237214
-0.6931471805599453,-0.6931471805599453,-0.6931471805599453
0.0,0.0,0.0
0.0,0.0,0.0
0.0,0.0,0.0
0.0,0.0,0.0
0.0,0.0,0.0
0.0,0.0,0.0
0.0,0.0,0.0
-0.6931471805599453,-0.6931471805599453,-0.6931471805599453
-0.6931471805599453,-0.6931471805599453,-0.6931471805599453
0.0,0.0,0.0
0.0,0.0,0.0
-0.6931471805599453,-0.6931471805599453,-0.6931471805599453
-0.6931471805599453,-0.6931471805599453,-0.6931471805599453
-0.6931471805599453,-0.6931471805599453,-0.6931471805599453
0.0,0.0,0.0
-0.6931471805599453,-0.6931471805599453,-0.6931471805599453
-0.6931471805599453,-0.6931471805599453,-0.6931471805599453
-0.6931471805599453,-0.6931471805599453,-0.6931471805599453
-0.6931471805599453,-0.6931471805599453,-0.6931471805599453
-0.6931471805599453,-0.6931471805599453,-0.6931471805599453
0.0,0.0,0.0
0.0,0.0,0.0
0.0,0.0,0.0
0.0,0.0,0.0
-0.6931471805599453,-0.6931471805599453,-0.6931471805599453
0.0,0.0,0.0
-0.165082828958132,-0.16518246191456012,-0.16509827524624565
0.0,0.0,0.0
-0.6931471805599453,-0.6931471805599453,-0.6931471805599453
0.0,0.0,0.0
0.0,0.0,0.0
-0.6931471805599453,-0.6931471805599453,-0.6931471805599453
-0.6931471805599453,-0.6931471805599453,-0.6931471805599453
0.0,0.0,0.0
0.0,0.0,0.0
-0.6931471805599453,-0.6931471805599453,-0.6931471805599453
0.0,0.0,0.0
-0.6931471805599453,-0.6931471805599453,-0.6931471805599453
-0.6931471805599453,-0.6931471805599453,-0.6931471805599453
-0.6931471805599453,-0.6931471805599453,-0.6931471805599453
-0.6931471805599453,-0.6931471805599453,-0.6931471805599453
0.0,0.0,0.0
-0.6931471805599453,-0.6931471805599453,-0.6931471805599453
-0.030235874547944155,0.3844579311259456,1.9309091472505074e-08
0.0,0.0,0.0
-0.6931471805599453,-0.6931471805599453,-0.6931471805599453
-0.6931471805599453,-0.6931471805599453,-0.6931471805599453
0.0,0.0,0.0
0.0,0.0,0.0
-0.6931471805599453,-0.6931471805599453,-0.6931471805599453
-0.6931471805599453,-0.6931471805599453,-0.6931471805599453
0.0,0.0,0.0
0.0,0.0,0.0
0.0,0.0,0.0
-0.6931471805599453,-0.6931471805599453,-0.6931471805599453
-0.6931471805599453,-0.6931471805599453,-0.6931471805599453
-0.6931471805599453,-0.6931471805599453,-0.6931471805599453
-0.6931471805599453,-0.6931471805599453,-0.6931471805599453
0.0,0.0,0.0
-0.6931471805599453,-0.6931471805599453,-0.6931471805599453
-0.6931471805599453,-0.6931471805599453,-0.6931471805599453
0.0,0.0,0.0
0.0,0.0,0.0
-0.6931471805599453,-0.6931471805599453,-0.6931471805599453
0.0,0.0,0.0
-0.6931471805599453,-0.6931471805599453,-0.6931471805599453
-0.6931471805599453,-0.6931471805599453,-0.6931471805599453
-0.6931471805599453,-0.6931471805599453,-0.6931471805599453
0.0,0.0,0.0
0.0,0.0,0.0
0.0,0.0,0.0
0.0,0.0,0.0
-0.6931471805599453,-0.6931471805599453,-0.6931471805599453
-0.6931471805599453,-0.6931471805599453,-0.6931471805599453
-0.6931471805599453,-0.6931471805599453,-0.6931471805599453
-0.6931471805599453,-0.6931471805599453,-0.6931471805599453
-0.6931471805599453,-0.6931471805599453,-0.6931471805599453
-0.6931471805599453,-0.6931471805599453,-0.6931471805599453
0.0,0.0,0.0
-0.6931471805599453,-0.6931471805599453,-0.6931471805599453
-0.6931471805599453,-0.6931471805599453,-0.6931471805599453
-0.6931471805599453,-0.6931471805599453,-0.6931471805599453
-0.6931471805599453,-0.6931471805599453,-0.6931471805599453
-0.6931471805599453,-0.6931471805599453,-0.6931471805599453
-0.6931471805599453,-0.6931471805599453,-0.6931471805599453
-0.6629112134498846,-1.0776051072349953,-0.6931472122892524
0.0,0.0,0.0
-0.6931471805599453,-0.6931471805599453,-0.6931471805599453
-0.6931471805599453,-0.6931471805599453,-0.6931471805599453
-0.6931471805599453,-0.6931471805599453,-0.6931471805599453
-0.6931471805599453,-0.6931471805599453,-0.6931471805599453
0.0,0.0,0.0
0.0,0.0,0.0
0.0,0.0,0.0
0.0,0.0,0.0
-0.6931471805599453,-0.6931471805599453,-0.6931471805599453
0.0,0.0,0.0
-0.6931471805599453,-0.6931471805599453,-0.6931471805599453
0.0,0.0,0.0
0.0,0.0,0.0
0.0,0.0,0.0
0.0,0.0,0.0
0.8230000624001739,0.7993554364168681,0.9105076662208437
0.0,0.0,0.0
0.0,0.0,0.0
0.0,0.0,0.0
0.0,0.0,0.0
-0.6931471805599453,-0.6931471805599453,-0.6931471805599453
-0.6931471805599453,-0.6931471805599453,-0.6931471805599453
0.0,0.0,0.0
-0.6931471805599453,-0.6931471805599453,-0.6931471805599453
-0.6931471805599453,-0.6931471805599453,-0.6931471805599453
-0.6931471805599453,-0.6931471805599453,-0.6931471805599453
0.0,0.0,0.0
-0.6931471805599453,-0.6931471805599453,-0.6931471805599453
0.8230000562387879,0.7993554408153928,0.9105077190868696
0.0,0.0,0.0
-0.6931471805599453,-0.6931471805599453,-0.6931471805599453
0.0,0.0,0.0
-0.5280334661097543,-0.5281331747616156,-0.5280489053377954
-0.6931471805599453,-0.6931471805599453,-0.6931471805599453
-0.6931471805599453,-0.6931471805599453,-0.6931471805599453
-0.6931471805599453,-0.6931471805599453,-0.6931471805599453
-0.6931471805599453,-0.6931471805599453,-0.6931471805599453
0.0,0.0,0.0
0.0,0.0,0.0
0.0,0.0,0.0
-0.6931471805599453,-0.6931471805599453,-0.6931471805599453
-0.6931471805599453,-0.6931471805599453,-0.6931471805599453
-0.6931471805599453,-0.6931471805599453,-0.6931471805599453
0.0,0.0,0.0
-0.6931471805599453,-0.6931471805599453,-0.6931471805599453
0.0,0.0,0.0
-0.6931471805599453,-0.6931471805599453,-0.6931471805599453
0.0,0.0,0.0
0.0,0.0,0.0
-0.6931471805599453,-0.6931471805599453,-0.6931471805599453
-1.2120472286611164,-0.9037394551670368,-1.248635746481226
-0.6931471805599453,-0.6931471805599453,-0.6931471805599453
-0.6931471805599453,-0.6931471805599453,-0.6931471805599453
0.0,0.0,0.0
0.5280334668452813,0.5281331220116295,0.5280489054006466
0.0,0.0,0.0
-0.6931471805599453,-0.6931471805599453,-0.6931471805599453
-0.6931471805599453,-0.6931471805599453,-0.6931471805599453
0.0,0.0,0.0
-0.6931471805599453,-0.6931471805599453,-0.6931471805599453
0.0,0.0,0.0
-0.6931471805599453,-0.6931471805599453,-0.6931471805599453
0.0,0.0,0.0
0.0,0.0,0.0
0.0,0.0,0.0
0.0,0.0,0.0
-0.6931471805599453,-0.6931471805599453,-0.6931471805599453
-0.6931471805599453,-0.6931471805599453,-0.6931471805599453
-0.6931471805599453,-0.6931471805599453,-0.6931471805599453
0.0,0.0,0.0
0.0,0.0,0.0
0.0,0.0,0.0
-0.6931471805599453,-0.6931471805599453,-0.6931471805599453
0.0,0.0,0.0
-0.6931471805599453,-0.6931471805599453,-0.6931471805599453
0.0,0.0,0.0
-0.6931471805599453,-0.6931471805599453,-0.6931471805599453
-0.6931471805599453,-0.6931471805599453,-0.6931471805599453
-0.6931471805599453,-0.6931471805599453,-0.6931471805599453
0.0,0.0,0.0
0.0,0.0,0.0
0.0,0.0,0.0
0.0,0.0,0.0
-0.6931471805599453,-0.6931471805599453,-0.6931471805599453
0.0,0.0,0.0
-0.6931471805599453,-0.6931471805599453,-0.6931471805599453
0.0,0.0,0.0
0.0,0.0,0.0
-0.6931471805599453,-0.6931471805599453,-0.6931471805599453
-0.6931471805599453,-0.6931471805599453,-0.6931471805599453
-0.6931471805599453,-0.6931471805599453,-0.6931471805599453
-0.6931471805599453,-0.6931471805599453,-0.6931471805599453
-0.6931471805599453,-0.6931471805599453,-0.6931471805599453
0.0,0.0,0.0
0.0,0.0,0.0
-0.5280334667442,-0.5281332958885346,-0.5280489055263875
0.0,0.0,0.0
0.0,0.0,0.0
-0.823000056238788,-0.7993554408153928,-0.9105077190868696
-0.6931471805599453,-0.6931471805599453,-0.6931471805599453
0.0,0.0,0.0
-0.16508282959088727,-0.16518258361073837,-0.16509827543906605
-0.6931471805599453,-0.6931471805599453,-0.6931471805599453
0.0,0.0,0.0
-0.6931471805599453,-0.6931471805599453,-0.6931471805599453
0.0,0.0,0.0
0.0,0.0,0.0
0.0,0.0,0.0
0.0,0.0,0.0
0.0,0.0,0.0
-0.6931471805599453,-0.6931471805599453,-0.6931471805599453
0.0,0.0,0.0
0.0,0.0,0.0
0.0,0.0,0.0
0.0,0.0,0.0
0.0,0.0,0.0
-0.6931471805599453,-0.6931471805599453,-0.6931471805599453
-0.6931471805599453,-0.6931471805599453,-0.6931471805599453
0.0,0.0,0.0
0.0,0.0,0.0
0.0,0.0,0.0
-0.6931471805599453,-0.6931471805599453,-0.6931471805599453
0.0,0.0,0.0
0.0,0.0,0.0
0.0,0.0,0.0
0.0,0.0,0.0
0.0,0.0,0.0
0.0,0.0,0.0
-1.5519601218824433,-1.0776051094149814,-1.6036549818532173
-0.6931471805599453,-0.6931471805599453,-0.6931471805599453
0.0,0.0,0.0
0.0,0.0,0.0
-0.6931471805599453,-0.6931471805599453,-0.6931471805599453
0.0,0.0,0.0
0.0,0.0,0.0
0.0,0.0,0.0
-0.6931471805599453,-0.6931471805599453,-0.6931471805599453
0.0,0.0,0.0
-0.6931471805599453,-0.6931471805599453,-0.6931471805599453
0.0,0.0,0.0
-0.6931471805599453,-0.6931471805599453,-0.6931471805599453
0.0,0.0,0.0
0.0,0.0,0.0
0.0,0.0,0.0
0.0,0.0,0.0
0.8230000703891737,0.7993554363674887,0.9105074808432948
-0.6931471805599453,-0.6931471805599453,-0.6931471805599453
-0.6931471805599453,-0.6931471805599453,-0.6931471805599453
-0.6931471805599453,-0.6931471805599453,-0.6931471805599453
-1.5519602872375355,-1.0776051084107032,-1.6036545892786325
-0.6931471805599453,-0.6931471805599453,-0.6931471805599453
0.0,0.0,0.0
0.5055788349486092,-0.13482359751695763,0.5723793782939604
-0.6931471805599453,-0.6931471805599453,-0.6931471805599453
0.0,0.0,0.0
0.0,0.0,0.0
-0.5280643509690581,-0.527964596949207,-0.5280489051208793
-0.6931471805599453,-0.6931471805599453,-0.6931471805599453
-0.6931471805599453,-0.6931471805599453,-0.6931471805599453
-0.6931471805599453,-0.6931471805599453,-0.6931471805599453
0.0,0.0,0.0
0.0,0.0,0.0
-0.6931471805599453,-0.6931471805599453,-0.6931471805599453
0.0,0.0,0.0
-0.6931471805599453,-0.6931471805599453,-0.6931471805599453
-0.6931471805599453,-0.6931471805599453,-0.6931471805599453
0.0,0.0,0.0
0.0,0.0,0.0
0.0,0.0,0.0
-0.6931471805599453,-0.6931471805599453,-0.6931471805599453
0.0,0.0,0.0
-0.6931471805599453,-0.6931471805599453,-0.6931471805599453
0.0,0.0,0.0
0.0,0.0,0.0
-0.6931471805599453,-0.6931471805599453,-0.6931471805599453
0.0,0.0,0.0
-0.6931471805599453,-0.6931471805599453,-0.6931471805599453
-0.6931471805599453,-0.6931471805599453,-0.6931471805599453
-0.6931471805599453,-0.6931471805599453,-0.6931471805599453
-0.6931471805599453,-0.6931471805599453,-0.6931471805599453
0.0,0.0,0.0
0.0,0.0,0.0
-0.6931471805599453,-0.6931471805599453,-0.6931471805599453
-0.6931471805599453,-0.6931471805599453,-0.6931471805599453
-0.6931471805599453,-0.6931471805599453,-0.6931471805599453
-0.6781434729044243,-0.9037394542669773,-0.6931472321410159
-0.6931471805599453,-0.6931471805599453,-0.6931471805599453
-0.6931471805599453,-0.6931471805599453,-0.6931471805599453
-0.8229999943829841,-0.7993554382906516,-0.9105078734178145
-0.6931471805599453,-0.6931471805599453,-0.6931471805599453
-0.6931471805599453,-0.6931471805599453,-0.6931471805599453
-0.6931471805599453,-0.6931471805599453,-0.6931471805599453
0.0,0.0,0.0
0.0,0.0,0.0
0.0,0.0,0.0
0.0,0.0,0.0
0.0,0.0,0.0
-0.6931471805599453,-0.6931471805599453,-0.6931471805599453
0.0,0.0,0.0
-0.6931471805599453,-0.6931471805599453,-0.6931471805599453
0.8588129413224979,0.3844579288550361,0.9105078012932719
-0.6629110364967632,-1.0776051112572331,-0.6931472243669258
0.0,0.0,0.0
-0.6931471805599453,-0.6931471805599453,-0.6931471805599453
-0.85881295823733,-0.3844579296131325,-0.9105076159159766
0.0,0.0,0.0
0.0,0.0,0.0
0.0,0.0,0.0
-0.6931471805599453,-0.6931471805599453,-0.6931471805599453
-0.6931471805599453,-0.6931471805599453,-0.6931471805599453
-0.6931471805599453,-0.6931471805599453,-0.6931471805599453
-0.6931471805599453,-0.6931471805599453,-0.6931471805599453
0.0,0.0,0.0
-0.6931471805599453,-0.6931471805599453,-0.6931471805599453
0.0,0.0,0.0
0.0,0.0,0.0
0.0,0.0,0.0
0.0,0.0,0.0
-0.6931471805599453,-0.6931471805599453,-0.6931471805599453
0.0,0.0,0.0
0.0,0.0,0.0
-0.6931471805599453,-0.6931471805599453,-0.6931471805599453
0.0,0.0,0.0
-0.6931471805599453,-0.6931471805599453,-0.6931471805599453
0.0,0.0,0.0
0.0,0.0,0.0
-0.6931471805599453,-0.6931471805599453,-0.6931471805599453
0.0,0.0,0.0
0.06444812902246284,0.06458501176827511,0.06446929260447429
0.0,0.0,0.0
-0.6931471805599453,-0.6931471805599453,-0.6931471805599453
-0.33379035026731596,-0.755758471662518,-0.3381279409114007
0.0,0.0,0.0
0.0,0.0,0.0
-0.6931471805599453,-0.6931471805599453,-0.6931471805599453
0.0,0.0,0.0
0.0,0.0,0.0
0.0,0.0,0.0
-0.6931471805599453,-0.6931471805599453,-0.6931471805599453
0.0,0.0,0.0
0.0,0.0,0.0
0.0,0.0,0.0
0.0,0.0,0.0
0.0,0.0,0.0
-0.6931471805599453,-0.6931471805599453,-0.6931471805599453
-0.6931471805599453,-0.6931471805599453,-0.6931471805599453
0.0,0.0,0.0
-0.6931471805599453,-0.6931471805599453,-0.6931471805599453
-0.3640264711389417,-0.37130054156172493,-0.3381280097324647
0.0,0.0,0.0
-0.6931471805599453,-0.6931471805599453,-0.6931471805599453
0.0,0.0,0.0
0.0,0.0,0.0
0.0,0.0,0.0
0.0,0.0,0.0
-0.6931471805599453,-0.6931471805599453,-0.6931471805599453
-1.5197025842849896,-1.5195402666050517,-1.5196774222090876
-0.6931471805599453,-0.6931471805599453,-0.6931471805599453
0.0,0.0,0.0
-0.6931471805599453,-0.6931471805599453,-0.6931471805599453
-0.6931471805599453,-0.6931471805599453,-0.6931471805599453
0.8230000624001739,0.7993554364168681,0.9105076662208437
0.030235967110060692,-0.38445792667505,-3.172930701888999e-08
-0.6931471805599453,-0.6931471805599453,-0.6931471805599453
0.0,0.0,0.0
-0.6931471805599453,-0.6931471805599453,-0.6931471805599453
0.0,0.0,0.0
-0.6931471805599453,-0.6931471805599453,-0.6931471805599453
-0.6931471805599453,-0.6931471805599453,-0.6931471805599453
-0.6931471805599453,-0.6931471805599453,-0.6931471805599453
-0.6931471805599453,-0.6931471805599453,-0.6931471805599453
0.0,0.0,0.0
-0.6931471805599453,-0.6931471805599453,-0.6931471805599453
-0.6931471805599453,-0.6931471805599453,-0.6931471805599453
-0.6931471805599453,-0.6931471805599453,-0.6931471805599453
-0.6931471805599453,-0.6931471805599453,-0.6931471805599453
-0.6931471805599453,-0.6931471805599453,-0.6931471805599453
-0.6931471805599453,-0.6931471805599453,-0.6931471805599453
-0.6931471805599453,-0.6931471805599453,-0.6931471805599453
-0.6931471805599453,-0.6931471805599453,-0.6931471805599453
-0.6931471805599453,-0.6931471805599453,-0.6931471805599453
-0.6931471805599453,-0.6931471805599453,-0.6931471805599453
0.0,0.0,0.0
-0.6931471805599453,-0.6931471805599453,-0.6931471805599453
-0.6931471805599453,-0.6931471805599453,-0.6931471805599453
-0.6931471805599453,-0.6931471805599453,-0.6931471805599453
0.0,0.0,0.0
-0.6931471805599453,-0.6931471805599453,-0.6931471805599453
0.0,0.0,0.0
0.0,0.0,0.0
-0.6931471805599453,-0.6931471805599453,-0.6931471805599453
0.0,0.0,0.0
-0.6931471805599453,-0.6931471805599453,-0.6931471805599453
-0.6931471805599453,-0.6931471805599453,-0.6931471805599453
0.0,0.0,0.0
-0.6931471805599453,-0.6931471805599453,-0.6931471805599453
-0.6931471805599453,-0.6931471805599453,-0.6931471805599453
0.0,0.0,0.0
-0.6931471805599453,-0.6931471805599453,-0.6931471805599453
0.0,0.0,0.0
0.0,0.0,0.0
-0.6931471805599453,-0.6931471805599453,-0.6931471805599453
-0.6931471805599453,-0.6931471805599453,-0.6931471805599453
0.0,0.0,0.0
-0.6931471805599453,-0.6931471805599453,-0.6931471805599453
-0.6931471805599453,-0.6931471805599453,-0.6931471805599453
0.0,0.0,0.0
0.12985281756671124,0.10620825298824593,0.21736055827074477
-0.6931471805599453,-0.6931471805599453,-0.6931471805599453
-0.6931471805599453,-0.6931471805599453,-0.6931471805599453
-0.16508282735176733,-0.16518265047861944,-0.16509827671070357
-0.6931471805599453,-0.6931471805599453,-0.6931471805599453
0.0,0.0,0.0
-1.2120473697434597,-0.9037394549121487,-1.2486355351179983
0.0,0.0,0.0
0.0,0.0,0.0
-0.3640264711389417,-0.37130054156172493,-0.3381280097324647
-0.6931471805599453,-0.6931471805599453,-0.6931471805599453
-0.6931471805599453,-0.6931471805599453,-0.6931471805599453
0.0,0.0,0.0
0.5055785583194357,-0.13482359291515494,0.5723799329280357
-0.6931471805599453,-0.6931471805599453,-0.6931471805599453
0.0,0.0,0.0
0.0,0.0,0.0
-0.6931471805599453,-0.6931471805599453,-0.6931471805599453
-0.6931471805599453,-0.6931471805599453,-0.6931471805599453
0.0,0.0,0.0
-0.6931471805599453,-0.6931471805599453,-0.6931471805599453
0.0,0.0,0.0
0.0,0.0,0.0
0.0,0.0,0.0
-0.6931471805599453,-0.6931471805599453,-0.6931471805599453
-0.6629112435143927,-1.0776051094149188,-0.6931471926773338
0.0,0.0,0.0
-0.3640264640986482,-0.37130054312781535,-0.338128020752608
0.0,0.0,0.0
-0.6931471805599453,-0.6931471805599453,-0.6931471805599453
-0.6931471805599453,-0.6931471805599453,-0.6931471805599453
0.0,0.0,0.0
-0.6931471805599453,-0.6931471805599453,-0.6931471805599453
0.0,0.0,0.0
0.0,0.0,0.0
-0.85881295823733,-0.3844579296131325,-0.9105076159159766
0.0,0.0,0.0
-0.6931471805599453,-0.6931471805599453,-0.6931471805599453
-0.6931471805599453,-0.6931471805599453,-0.6931471805599453
0.0,0.0,0.0
-0.6931471805599453,-0.6931471805599453,-0.6931471805599453
-0.6931471805599453,-0.6931471805599453,-0.6931471805599453
0.0,0.0,0.0
-0.6931471805599453,-0.6931471805599453,-0.6931471805599453
0.0,0.0,0.0
0.0,0.0,0.0
-0.6931471805599453,-0.6931471805599453,-0.6931471805599453
0.0,0.0,0.0
-0.6931471805599453,-0.6931471805599453,-0.6931471805599453
-0.6931471805599453,-0.6931471805599453,-0.6931471805599453
0.0,0.0,0.0
-1.2120472812087324,-0.9037394525189945,-1.2486355491975962
-0.6931471805599453,-0.6931471805599453,-0.6931471805599453
-0.6931471805599453,-0.6931471805599453,-0.6931471805599453
-0.6931471805599453,-0.6931471805599453,-0.6931471805599453
-0.16508282888938952,-0.16518254689736306,-0.16509827290582046
-0.6931471805599453,-0.6931471805599453,-0.6931471805599453
0.0,0.0,0.0
-0.6629112329458349,-1.0776051151801933,-0.693147265250016
-0.6931471805599453,-0.6931471805599453,-0.6931471805599453
0.0,0.0,0.0
-0.5280643516705559,-0.5279646336625823,-0.5280489076541249
0.0,0.0,0.0
0.0,0.0,0.0
0.0,0.0,0.0
-0.6931471805599453,-0.6931471805599453,-0.6931471805599453
-0.9916188051409234,-0.9916816012645859,-0.9916285165383957
-1.2211806473041453,-1.22128047644848,-1.2211960860863327
0.0,0.0,0.0
0.0,0.0,0.0
0.0,0.0,0.0
-0.6931471805599453,-0.6931471805599453,-0.6931471805599453
-0.6931471805599453,-0.6931471805599453,-0.6931471805599453
0.0,0.0,0.0
0.0,0.0,0.0
-0.6931471805599453,-0.6931471805599453,-0.6931471805599453
0.0,0.0,0.0
0.0,0.0,0.0
0.0,0.0,0.0
-0.6931471805599453,-0.6931471805599453,-0.6931471805599453
-1.2120472812087324,-0.9037394525189945,-1.2486355491975962
-0.6931471805599453,-0.6931471805599453,-0.6931471805599453
-0.6931471805599453,-0.6931471805599453,-0.6931471805599453
-0.6931471805599453,-0.6931471805599453,-0.6931471805599453
0.0,0.0,0.0
0.0,0.0,0.0
-0.6931471805599453,-0.6931471805599453,-0.6931471805599453
-0.6931471805599453,-0.6931471805599453,-0.6931471805599453
-0.6781433822264381,-0.9037394549120105,-0.6931472024634359
-0.6931471805599453,-0.6931471805599453,-0.6931471805599453
-0.6931471805599453,-0.6931471805599453,-0.6931471805599453
0.0,0.0,0.0
0.0,0.0,0.0
0.8230000934624809,0.7993554313182459,0.910507442431665
-0.6931471805599453,-0.6931471805599453,-0.6931471805599453
0.0,0.0,0.0
-0.6931471805599453,-0.6931471805599453,-0.6931471805599453
-0.6931471805599453,-0.6931471805599453,-0.6931471805599453
-0.6931471805599453,-0.6931471805599453,-0.6931471805599453
0.0,0.0,0.0
-0.6931471805599453,-0.6931471805599453,-0.6931471805599453
-0.6931471805599453,-0.6931471805599453,-0.6931471805599453
-0.6931471805599453,-0.6931471805599453,-0.6931471805599453
0.0,0.0,0.0
-0.6931471805599453,-0.6931471805599453,-0.6931471805599453
0.0,0.0,0.0
0.0,0.0,0.0
-0.6781433822264381,-0.9037394549120105,-0.6931472024634359
0.0,0.0,0.0
-0.6931471805599453,-0.6931471805599453,-0.6931471805599453
0.0,0.0,0.0
-0.6931471805599453,-0.6931471805599453,-0.6931471805599453
0.0,0.0,0.0
-0.6931471805599453,-0.6931471805599453,-0.6931471805599453
0.0,0.0,0.0
-0.6931471805599453,-0.6931471805599453,-0.6931471805599453
0.0,0.0,0.0
0.0,0.0,0.0
-0.6931471805599453,-0.6931471805599453,-0.6931471805599453
0.0,0.0,0.0
-0.6931471805599453,-0.6931471805599453,-0.6931471805599453
0.0,0.0,0.0
0.0,0.0,0.0
-0.6931471805599453,-0.6931471805599453,-0.6931471805599453
0.0,0.0,0.0
0.0,0.0,0.0
-2.0100265832745055,-1.9700114085788691,-2.159143262654852
-0.6931471805599453,-0.6931471805599453,-0.6931471805599453
0.0,0.0,0.0
-0.6931471805599453,-0.6931471805599453,-0.6931471805599453
-0.6931471805599453,-0.6931471805599453,-0.6931471805599453
0.0,0.0,0.0
-0.6931471805599453,-0.6931471805599453,-0.6931471805599453
-0.6931471805599453,-0.6931471805599453,-0.6931471805599453
0.0,0.0,0.0
0.0,0.0,0.0
-0.6931471805599453,-0.6931471805599453,-0.6931471805599453
-0.6931471805599453,-0.6931471805599453,-0.6931471805599453
0.0,0.0,0.0
0.0,0.0,0.0
0.0,0.0,0.0
-0.6931471805599453,-0.6931471805599453,-0.6931471805599453
0.0,0.0,0.0
-0.6931471805599453,-0.6931471805599453,-0.6931471805599453
0.0,0.0,0.0
0.0,0.0,0.0
-0.6931471805599453,-0.6931471805599453,-0.6931471805599453
-0.6931471805599453,-0.6931471805599453,-0.6931471805599453
-0.6931471805599453,-0.6931471805599453,-0.6931471805599453
0.0,0.0,0.0
-0.6931471805599453,-0.6931471805599453,-0.6931471805599453
-1.2211806473651157,-1.2212803913637884,-1.221196088397692
0.0,0.0,0.0
-0.6931471805599453,-0.6931471805599453,-0.6931471805599453
0.0,0.0,0.0
0.0,0.0,0.0
0.0,0.0,0.0
0.0,0.0,0.0
0.0,0.0,0.0
-0.6931471805599453,-0.6931471805599453,-0.6931471805599453
0.0,0.0,0.0
-0.6931471805599453,-0.6931471805599453,-0.6931471805599453
0.0,0.0,0.0
0.0,0.0,0.0
-0.6931471805599453,-0.6931471805599453,-0.6931471805599453
-0.6931471805599453,-0.6931471805599453,-0.6931471805599453
-0.6931471805599453,-0.6931471805599453,-0.6931471805599453
-0.6931471805599453,-0.6931471805599453,-0.6931471805599453
-0.6931471805599453,-0.6931471805599453,-0.6931471805599453
0.5055785583194357,-0.13482359291515494,0.5723799329280357
-0.6931471805599453,-0.6931471805599453,-0.6931471805599453
0.0,0.0,0.0
0.0,0.0,0.0
0.8588129772267233,0.3844579317719344,0.9105076312892054
0.8230000703891737,0.7993554363674887,0.9105074808432948
0.0,0.0,0.0
0.0,0.0,0.0
-0.6931471805599453,-0.6931471805599453,-0.6931471805599453
0.0,0.0,0.0
0.0,0.0,0.0
-0.6931471805599453,-0.6931471805599453,-0.6931471805599453
-0.6931471805599453,-0.6931471805599453,-0.6931471805599453
-0.6931471805599453,-0.6931471805599453,-0.6931471805599453
-0.6931471805599453,-0.6931471805599453,-0.6931471805599453
0.0,0.0,0.0
0.0,0.0,0.0
-0.6931471805599453,-0.6931471805599453,-0.6931471805599453
-0.6931471805599453,-0.6931471805599453,-0.6931471805599453
-0.6931471805599453,-0.6931471805599453,-0.6931471805599453
0.0,0.0,0.0
0.0,0.0,0.0
-0.6931471805599453,-0.6931471805599453,-0.6931471805599453
0.0,0.0,0.0
0.0,0.0,0.0
0.0,0.0,0.0
0.0,0.0,0.0
0.0,0.0,0.0
0.0,0.0,0.0
0.0,0.0,0.0
-0.6931471805599453,-0.6931471805599453,-0.6931471805599453
-0.6931471805599453,-0.6931471805599453,-0.6931471805599453
-0.6931471805599453,-0.6931471805599453,-0.6931471805599453
0.0,0.0,0.0
-0.6931471805599453,-0.6931471805599453,-0.6931471805599453
0.0,0.0,0.0
-0.6931471805599453,-0.6931471805599453,-0.6931471805599453
-0.6931471805599453,-0.6931471805599453,-0.6931471805599453
-0.6931471805599453,-0.6931471805599453,-0.6931471805599453
-0.6931471805599453,-0.6931471805599453,-0.6931471805599453
0.0,0.0,0.0
0.0,0.0,0.0
-0.6931471805599453,-0.6931471805599453,-0.6931471805599453
0.0,0.0,0.0
-0.6931471805599453,-0.6931471805599453,-0.6931471805599453
0.0,0.0,0.0
0.0,0.0,0.0
0.0,0.0,0.0
-0.6931471805599453,-0.6931471805599453,-0.6931471805599453
-0.6931471805599453,-0.6931471805599453,-0.6931471805599453
-0.4635738803814422,-0.46361091277571875,-0.4635796116341824
-0.6931471805599453,-0.6931471805599453,-0.6931471805599453
0.0,0.0,0.0
-0.6931471805599453,-0.6931471805599453,-0.6931471805599453
0.85881295823733,0.38445792961313247,0.9105076159159766
-0.6931471805599453,-0.6931471805599453,-0.6931471805599453
-0.6931471805599453,-0.6931471805599453,-0.6931471805599453
0.0,0.0,0.0
0.0,0.0,0.0
0.0,0.0,0.0
-0.6931471805599453,-0.6931471805599453,-0.6931471805599453
0.0,0.0,0.0
-0.6931471805599453,-0.6931471805599453,-0.6931471805599453
-0.6931471805599453,-0.6931471805599453,-0.6931471805599453
-0.6931471805599453,-0.6931471805599453,-0.6931471805599453
-0.6931471805599453,-0.6931471805599453,-0.6931471805599453
-0.6931471805599453,-0.6931471805599453,-0.6931471805599453
0.0,0.0,0.0
0.0,0.0,0.0
-0.6931471805599453,-0.6931471805599453,-0.6931471805599453
-0.6931471805599453,-0.6931471805599453,-0.6931471805599453
-0.6931471805599453,-0.6931471805599453,-0.6931471805599453
0.0,0.0,0.0
-0.6931471805599453,-0.6931471805599453,-0.6931471805599453
-0.6931471805599453,-0.6931471805599453,-0.6931471805599453
0.0,0.0,0.0
0.0,0.0,0.0
0.12985288982922832,0.10620825580754338,0.21736030028334954
0.0,0.0,0.0
-0.6931471805599453,-0.6931471805599453,-0.6931471805599453
0.0,0.0,0.0
-0.6931471805599453,-0.6931471805599453,-0.6931471805599453
0.0,0.0,0.0
-0.6931471805599453,-0.6931471805599453,-0.6931471805599453
0.0,0.0,0.0
0.030235959923594694,-0.3844579296131034,-1.0316213849051213e-07
-0.6931471805599453,-0.6931471805599453,-0.6931471805599453
0.0,0.0,0.0
0.0,0.0,0.0
0.0,0.0,0.0
0.0,0.0,0.0
0.0,0.0,0.0
0.0,0.0,0.0
0.0,0.0,0.0
0.0,0.0,0.0
0.0,0.0,0.0
-0.6931471805599453,-0.6931471805599453,-0.6931471805599453
-0.6931471805599453,-0.6931471805599453,-0.6931471805599453
-0.6931471805599453,-0.6931471805599453,-0.6931471805599453
-0.6931471805599453,-0.6931471805599453,-0.6931471805599453
0.0,0.0,0.0
0.0,0.0,0.0
0.0,0.0,0.0
0.0,0.0,0.0
0.0,0.0,0.0
-0.6931471805599453,-0.6931471805599453,-0.6931471805599453
0.0,0.0,0.0
-0.6931471805599453,-0.6931471805599453,-0.6931471805599453
-0.6931471805599453,-0.6931471805599453,-0.6931471805599453
0.0,0.0,0.0
0.0,0.0,0.0
0.0,0.0,0.0
0.0,0.0,0.0
0.0,0.0,0.0
0.0,0.0,0.0
-0.6931471805599453,-0.6931471805599453,-0.6931471805599453
0.12985288184022853,0.10620825585692277,0.2173604856608984
0.0,0.0,0.0
0.0,0.0,0.0
0.0,0.0,0.0
-0.6931471805599453,-0.6931471805599453,-0.6931471805599453
-0.6931471805599453,-0.6931471805599453,-0.6931471805599453
0.0,0.0,0.0
0.12985288184022853,0.10620825585692277,0.2173604856608984
-0.6931471805599453,-0.6931471805599453,-0.6931471805599453
0.0,0.0,0.0
0.0,0.0,0.0
0.0,0.0,0.0
0.0,0.0,0.0
-0.6931471805599453,-0.6931471805599453,-0.6931471805599453
-0.6931471805599453,-0.6931471805599453,-0.6931471805599453
0.0,0.0,0.0
0.0,0.0,0.0
-0.6931471805599453,-0.6931471805599453,-0.6931471805599453
0.5280334672365399,0.5281333113929331,0.5280489041332849
0.0,0.0,0.0
0.0,0.0,0.0
-0.6931471805599453,-0.6931471805599453,-0.6931471805599453
0.0,0.0,0.0
0.0,0.0,0.0
0.0,0.0,0.0
0.0,0.0,0.0
0.0,0.0,0.0
-0.6931471805599453,-0.6931471805599453,-0.6931471805599453
0.0,0.0,0.0
-0.6931471805599453,-0.6931471805599453,-0.6931471805599453
-0.6931471805599453,-0.6931471805599453,-0.6931471805599453
-0.6931471805599453,-0.6931471805599453,-0.6931471805599453
-0.6931471805599453,-0.6931471805599453,-0.6931471805599453
-0.6931471805599453,-0.6931471805599453,-0.6931471805599453
0.0,0.0,0.0
0.0,0.0,0.0
0.0,0.0,0.0
0.0,0.0,0.0
-0.6931471805599453,-0.6931471805599453,-0.6931471805599453
-0.6931471805599453,-0.6931471805599453,-0.6931471805599453
0.0,0.0,0.0
-0.6931471805599453,-0.6931471805599453,-0.6931471805599453
0.0,0.0,0.0
-0.6931471805599453,-0.6931471805599453,-0.6931471805599453
-0.1650828288942843,-0.16518247020532864,-0.16509827494497478
-0.6931471805599453,-0.6931471805599453,-0.6931471805599453
0.0,0.0,0.0
0.0,0.0,0.0
-0.6931471805599453,-0.6931471805599453,-0.6931471805599453
0.0,0.0,0.0
-0.6931471805599453,-0.6931471805599453,-0.6931471805599453
0.0,0.0,0.0
0.12985287567884266,0.10620826025544752,0.2173605385269243
-0.6931471805599453,-0.6931471805599453,-0.6931471805599453
-0.6931471805599453,-0.6931471805599453,-0.6931471805599453
0.0,0.0,0.0
-0.6931471805599453,-0.6931471805599453,-0.6931471805599453
0.0,0.0,0.0
0.0,0.0,0.0
0.0,0.0,0.0
-0.6931471805599453,-0.6931471805599453,-0.6931471805599453
-0.6931471805599453,-0.6931471805599453,-0.6931471805599453
0.0,0.0,0.0
0.0,0.0,0.0
0.0,0.0,0.0
-0.6931471805599453,-0.6931471805599453,-0.6931471805599453
0.030235947614110414,-0.38445793462024797,-8.469007065655158e-08
0.0,0.0,0.0
0.12985288898837147,0.10620824870820979,0.21736063521137025
-0.030235985872870345,0.3844579317719235,1.0847938514165122e-07
0.0,0.0,0.0
0.0,0.0,0.0
-0.6931471805599453,-0.6931471805599453,-0.6931471805599453
0.0,0.0,0.0
0.0,0.0,0.0
-0.6931471805599453,-0.6931471805599453,-0.6931471805599453
0.0,0.0,0.0
0.0,0.0,0.0
-0.6931471805599453,-0.6931471805599453,-0.6931471805599453
-0.16508282884594183,-0.16518263092040578,-0.1650982753802776
-0.6931471805599453,-0.6931471805599453,-0.6931471805599453
-0.6931471805599453,-0.6931471805599453,-0.6931471805599453
-0.6931471805599453,-0.6931471805599453,-0.6931471805599453
-0.6931471805599453,-0.6931471805599453,-0.6931471805599453
0.0,0.0,0.0
-0.6931471805599453,-0.6931471805599453,-0.6931471805599453
0.0,0.0,0.0
-0.6931471805599453,-0.6931471805599453,-0.6931471805599453
0.0,0.0,0.0
0.0,0.0,0.0
0.0,0.0,0.0
0.0,0.0,0.0
0.0,0.0,0.0
-0.6931471805599453,-0.6931471805599453,-0.6931471805599453
0.06444813053815066,0.06458472558739622,0.06446929265338584
-0.6931471805599453,-0.6931471805599453,-0.6931471805599453
0.0,0.0,0.0
0.0,0.0,0.0
-0.6931471805599453,-0.6931471805599453,-0.6931471805599453
-0.6931471805599453,-0.6931471805599453,-0.6931471805599453
