ho_likelihood,hol_likelihood,std_likelihood
0.5276979813722905,0.5285517851729027,0.5277399775497209
0.0,0.0,0.0
0.0,0.0,0.0
-0.6931471805599453,-0.6931471805599453,-0.6931471805599453
-0.5284000999898313,-0.5275465750984832,-0.5283580447620136
0.8581867161205242,0.38480188290379064,0.9098802744091083
-0.463449342066881,-0.46376599101078947,-0.4634649401415675
0.0,0.0,0.0
-0.6931471805599453,-0.6931471805599453,-0.6931471805599453
-1.5279917604449451,-0.6895032619012575,-1.595764954102277
-0.6931471805599453,-0.6931471805599453,-0.6931471805599453
-1.0563980986637878,-0.3998070787824214,-1.1000758446871657
0.0,0.0,0.0
0.2092118546414914,0.03291009425084065,0.17669650894351746
-0.6931471805599453,-0.6931471805599453,-0.6931471805599453
0.0,0.0,0.0
0.46302309590244944,-0.10931575592793663,0.5343710427730912
1.1641517137157271,0.3001887429649592,1.2204312601727934
0.29745820707957854,0.2933298902834416,0.314893784383499
-0.9289738479650427,-0.9294793721455894,-0.9289987097730095
0.5276979813722905,0.5285517839707263,0.5277399775497534
-0.5915902710758614,-0.7141880801298885,-0.5632764409367371
-0.7872535363253582,-0.31353425981811367,-0.821163576329575
-0.3419812477350185,-0.34237489440308594,-0.34200063302585315
0.9337435348022548,0.8247303171831756,1.0818848785333761
0.0,0.0,0.0
-0.750599505995232,0.821209630346868,-0.6444805272195159
-0.16474708057011397,-0.1656006039842002,-0.16478913579811993
-0.6931471805599453,-0.6931471805599453,-0.6931471805599453
0.0,0.0,0.0
-0.7464133107406787,-1.111589833380845,-0.7694667446062147
-1.1939416020709657,-0.6088907090525619,-1.2261333653469544
0.8581867161205579,0.38480188293930756,0.909880274420313
-1.2208451619322358,-1.2216989645306717,-1.220887158109699
-1.0901202081231713,-0.555656275961061,-1.1399880816535943
-0.6931471805599453,-0.6931471805599453,-0.6931471805599453
0.8581867161204298,0.3848018828643614,0.9098802744006717
0.5047659974545972,-0.13434033692056768,0.5715722813960974
-0.6931471805599453,-0.6931471805599453,-0.6931471805599453
-0.8041447036865257,-0.8981435199092399,-0.8293867722734413
0.13046117725010206,0.10561173621615207,0.21798828342240636
-0.9914077898111033,-0.9919448717898619,-0.991434203346677
0.0,0.0,0.0
0.0,0.0,0.0
-0.6931471805599453,-0.6931471805599453,-0.6931471805599453
-0.5284000999898313,-0.5275465751559707,-0.5283580447619893
0.5895585845418964,0.4508131330883093,0.5732019815284343
1.201344712219862,0.48161088120400464,1.234171962966295
-0.6931471805599453,-0.6931471805599453,-0.6931471805599453
-0.6931471805599453,-0.6931471805599453,-0.6931471805599453
0.28891343802968533,0.26942329412736926,0.3042987163101777
-0.8236083578100305,-0.7987589167366771,-0.9111354640020729
-0.6931471805599453,-0.6931471805599453,-0.6931471805599453
0.7199318686043854,0.7303146280540734,0.7938212387481024
0.0,0.0,0.0
-0.36384090532456376,-0.3714855981887369,-0.33794788421489713
1.1854054651308898,0.39156810437430667,1.1965749600294657
0.0,0.0,0.0
0.004000515143209288,-0.07574340149878755,0.015358498448100992
0.0,0.0,0.0
-0.5039253713089227,-0.5517395862107539,-0.5417085995925236
0.6392965362137807,0.04158440283481688,0.7527357037191901
-1.129642112361192,-0.2706389855603123,-1.1128340053611532
-1.2116074347863994,-0.9039441028035453,-1.248188267384386
-0.9289738479650427,-0.9294793721455894,-0.9289987097730095
0.5284000999898313,0.5275465771606423,0.5283580447623785
0.0,0.0,0.0
0.0,0.0,0.0
-1.2820263488704928,-0.9329381017524916,-1.317628863807567
0.0,0.0,0.0
0.0,0.0,0.0
0.0,0.0,0.0
-0.6931471805599453,-0.6931471805599453,-0.6931471805599453
-0.6931471805599453,-0.6931471805599453,-0.6931471805599453
0.0,0.0,0.0
-2.0566215953232385,-1.9070513981553712,-2.2106546363715194
0.8236083578100326,0.7987589167888411,0.9111354639864643
0.0,0.0,0.0
-0.35239086061890845,-0.3882459668214819,-0.3239039594841381
0.0,0.0,0.0
0.5047659974545936,-0.13434033692572733,0.5715722814005417
1.0971523699342305,0.40746891246691574,1.2496588273999898
0.0,0.0,0.0
-0.6931471805599453,-0.6931471805599453,-0.6931471805599453
1.9673404208356662,1.0631790205053204,2.1447887850284437
0.3470972191731516,-0.3125707659451811,0.3696271966037624
0.0,0.0,0.0
0.5355818625034198,-0.5191422198724454,0.5721351066785414
-0.09244716775393341,0.41071338945003716,-0.0573147439743757
0.0,0.0,0.0
0.0,0.0,0.0
-0.7201348638082021,-0.924097451714512,-0.7320348703996512
-0.6931471805599453,-0.6931471805599453,-0.6931471805599453
0.0,0.0,0.0
0.03081586504856874,-0.38480188292841805,0.0005628252060249075
-0.6931471805599453,-0.6931471805599453,-0.6931471805599453
-1.12169782135898,-1.1386988211045586,-1.098895420036039
-0.10864007695766578,-0.23493324810387484,-0.11637635014462773
-0.6931471805599453,-0.6931471805599453,-0.6931471805599453
-0.5155458967846165,-0.5158970500862853,-0.515563192033284
0.21460569238782545,-0.04164818759480468,0.279161301010198
-0.3794189853995883,-0.3932288087116967,-0.35700606957500713
0.0,0.0,0.0
0.0,0.0,0.0
-0.6931471805599453,-0.6931471805599453,-0.6931471805599453
0.8236083578100312,0.7987589167703391,0.911135464012754
-1.6501710050062508,-1.1262059079413844,-1.699116164603705
-0.16474708057011397,-0.16560060542254318,-0.16478913579788362
0.0,0.0,0.0
-1.5202495420465436,-1.518859141207756,-1.520181029665595
-0.04555794604665601,0.6531532057912963,-0.0008319743632381072
-0.03818008111823404,1.1068408912470458,0.03253262933543638
0.5276979813722905,0.5285517850640716,0.5277399775500606
0.056614019932675994,-0.05485775679532615,0.06057201674609196
-0.6931471805599453,-0.6931471805599453,-0.6931471805599453
0.0,0.0,0.0
0.0,0.0,0.0
-0.8236083578100271,-0.7987589167520311,-0.9111354639931355
0.0,0.0,0.0
-0.6931471805599453,-0.6931471805599453,-0.6931471805599453
-0.42932584307401483,0.09549305761351776,-0.4782290064940786
-1.5513338966804693,-1.077949063463736,-1.6030274549690535
0.0,0.0,0.0
-0.6931471805599453,-0.6931471805599453,-0.6931471805599453
-0.6931471805599453,-0.6931471805599453,-0.6931471805599453
-0.5284000999898313,-0.5275465750984832,-0.5283580447620136
0.0,0.0,0.0
-0.6931471805599453,-0.6931471805599453,-0.6931471805599453
-0.6931471805599453,-0.6931471805599453,-0.6931471805599453
-0.6931471805599453,-0.6931471805599453,-0.6931471805599453
-0.6931471805599453,-0.6931471805599453,-0.6931471805599453
-0.6931471805599453,-0.6931471805599453,-0.6931471805599453
-0.20867079691141605,-0.6429251629595059,-0.22349650320658998
0.0,0.0,0.0
0.0,0.0,0.0
-0.5276979813722905,-0.5285517856289605,-0.5277399775497812
-0.36384090532455465,-0.37148559816149324,-0.33794788421391864
0.08032728846715935,0.04935387895492013,0.1123583073513182
-0.6931471805599453,-0.6931471805599453,-0.6931471805599453
0.5276979813722905,0.5285517869779377,0.5277399775500702
-0.5679538745506391,-1.215983147152643,-0.6017483768085808
0.0,0.0,0.0
-0.6931471805599453,-0.6931471805599453,-0.6931471805599453
0.0,0.0,0.0
0.009246347581566453,-0.3135342598184454,-0.001225256851864945
0.0,0.0,0.0
-0.6931471805599453,-0.6931471805599453,-0.6931471805599453
-0.9306909575046473,-1.0680460034691668,-0.9469790481375935
-0.5021874377220255,-0.5025172320402936,-0.502203682727991
0.0,0.0,0.0
-0.0922212821171742,-0.34732268624568025,-0.04101499327705093
0.5284000999898313,0.5275465756368865,0.5283580447620524
0.08064249663646873,-0.085950751715721,0.09568474063391752
0.0,0.0,0.0
-0.3638409053245684,-0.37148559819757543,-0.3379478842118591
-1.765075566599824,-1.9167530975127918,-1.8712996532768225
0.0,0.0,0.0
-1.4985183749798228,-1.0638330119537835,-1.593202777800532
-1.1950407479687806,-1.123011860741934,-1.3499454594369389
-0.6931471805599453,-0.6931471805599453,-0.6931471805599453
-0.6931471805599453,-0.6931471805599453,-0.6931471805599453
0.5965093448205635,0.7080841248003558,0.6342595755588767
0.0,0.0,0.0
1.0331660974444274,0.39320623791952,1.0999303261532851
-1.0417156817267068,-0.3828010304613051,-0.9923510577965915
0.0,0.0,0.0
-1.2208451619322358,-1.2216989654913766,-1.2208871581097156
1.0937994925078978,1.0540116799087487,1.1420991980935105
-0.6931471805599453,-0.6931471805599453,-0.6931471805599453
0.0,0.0,0.0
0.8236083578100162,0.7987589167023503,0.9111354639918754
1.3132560517385041,0.7944517497568424,1.3630047350845151
0.0,0.0,0.0
0.7391862118267857,0.6988649899145426,0.7907395206595457
0.9571812167609153,0.5388721607932608,1.060343364111632
0.0,0.0,0.0
-0.6931471805599453,-0.6931471805599453,-0.6931471805599453
-0.6931471805599453,-0.6931471805599453,-0.6931471805599453
0.0,0.0,0.0
-0.6931471805599453,-0.6931471805599453,-0.6931471805599453
0.0,0.0,0.0
-0.16474708057011397,-0.16560060533204002,-0.1647891357975764
0.0,0.0,0.0
0.8236083578100429,0.7987589167713172,0.9111354640223672
0.0,0.0,0.0
0.0,0.0,0.0
-1.5202495420465436,-1.518859144566829,-1.5201810296661895
0.0,0.0,0.0
-0.8083176030760374,-0.11973584754261728,-0.6874930246705176
0.0,0.0,0.0
0.042823205501542984,-0.06141822982818632,0.0833815737640797
0.0,0.0,0.0
-2.0110576209446647,-1.9690034316603524,-2.1602188122066113
-0.7425977219373198,-1.1151165157591154,-0.8456317091476392
0.1304611772500818,0.10561173619208576,0.2179882834331903
0.0,0.0,0.0
-1.4143865626812797,-1.377525408039178,-1.5003430958684472
-0.6931471805599453,-0.6931471805599453,-0.6931471805599453
0.19859912269638652,-0.25930524913692027,0.1907550727222516
-0.6931471805599453,-0.6931471805599453,-0.6931471805599453
1.3521551532011902,0.7946508874084911,1.3950230773336114
-0.36318482713713207,-0.4086570515112791,-0.3411147928541738
0.0,0.0,0.0
-0.5248839832409223,-0.17598852451537225,-0.4148301569907885
-1.519916169996918,-1.5850307730939759,-1.7374103626546293
0.0,0.0,0.0
0.0,0.0,0.0
-0.9627213844815742,-0.5113801287443277,-1.0522193459150058
0.027744135084118472,-0.3185598793907054,0.06243111725517257
0.05326613018084055,0.41844265190131424,0.07631956405298844
0.6140310462602463,0.017150523106306215,0.676690116526356
0.0,0.0,0.0
-0.9914077898111033,-0.9919448713888024,-0.9914342033465083
-0.6931471805599453,-0.6931471805599453,-0.6931471805599453
-1.6188230052091954,-1.0390554890050294,-1.7797488024463484
-0.6931471805599453,-0.6931471805599453,-0.6931471805599453
0.08026640642602444,0.03716745028774232,0.1530473538763298
0.0,0.0,0.0
-0.6931471805599453,-0.6931471805599453,-0.6931471805599453
-0.6931471805599453,-0.6931471805599453,-0.6931471805599453
0.5276979813722905,0.5285517855329319,0.527739977549666
-0.463449342066881,-0.46376599094719534,-0.4634649401414724
0.0,0.0,0.0
-2.0566215953232385,-1.9070513981553712,-2.2106546363715194
-0.6931471805599453,-0.6931471805599453,-0.6931471805599453
-1.9848131986012194,-1.7232463375621938,-2.0235788178008094
-0.3295280006453358,-0.23493323821404194,-0.33914479370247214
0.0,0.0,0.0
0.0,0.0,0.0
0.0,0.0,0.0
-0.6931471805599453,-0.6931471805599453,-0.6931471805599453
0.5276979813722905,0.528551784697828,0.5277399775498031
-0.36318482713713207,-0.4086570515112791,-0.3411147928541738
0.0,0.0,0.0
-0.0688937006552633,-0.30362293515029515,0.0035435122541038113
0.0,0.0,0.0
-1.0417156817267101,-0.3828010313009155,-0.99235105779489
-0.18327291712442845,-0.20286793369145276,-0.1717819629454048
-0.433056161326731,-0.9596291151082981,-0.45043382824942557
0.0,0.0,0.0
-0.6931471805599453,-0.6931471805599453,-0.6931471805599453
0.8581867161205289,0.38480188294064394,0.9098802743935007
0.21460569238782545,-0.04164818759480468,0.279161301010198
0.0,0.0,0.0
0.0,0.0,0.0
-0.06465502805758723,-0.7638031829589693,-0.1353953142490234
0.0,0.0,0.0
0.5284000999898313,0.5275465756222985,0.5283580447623382
-0.6931471805599453,-0.6931471805599453,-0.6931471805599453
-0.9914077898111033,-0.9919448714195453,-0.9914342033465476
-0.6931471805599453,-0.6931471805599453,-0.6931471805599453
-0.16474708057011397,-0.16560060541981422,-0.16478913579788404
0.897135923951601,0.4769048889046031,0.9757683878689228
-1.0783860000932368,-0.8589076479311886,-1.1118934531303664
-0.8866885813089892,-0.848973622979173,-0.9726031183187878
-0.5284000999898313,-0.5275465751374022,-0.5283580447620617
0.0,0.0,0.0
0.3092773979817589,-0.5169687265585057,0.28767257014508785
0.7054478721641951,0.393679514982162,0.8128649568371831
-0.1677994320010266,-0.1931859547294246,-0.08029873935179453
-1.2116074347863968,-0.9039441028043232,-1.2481882674209883
-0.463449342066881,-0.46376599207018987,-0.4634649401414692
0.13046117725008882,0.10561173620922874,0.21798828341296872
0.3328033148659934,0.8430158252632882,0.353439561653723
0.0,0.0,0.0
0.0,0.0,0.0
-1.6436047946922214,-1.128890945017863,-1.7718168628632263
0.42720211459314605,0.42636696903204374,0.4271609671151427
-0.6931471805599453,-0.6931471805599453,-0.6931471805599453
0.8031743847602635,0.7640236892933487,0.8547852724128675
0.0,0.0,0.0
0.0,0.0,0.0
-0.7459312867926788,-0.9364060214369564,-0.7654563864011167
0.6009258984427711,0.34582449431426504,0.6521321872828943
0.32578964547167893,0.2800614997611957,0.4230604281207546
-0.8581867161204858,-0.3848018829336215,-0.909880274391704
1.33744994369094,0.4904136191680093,1.4828692575139286
0.0,0.0,0.0
-0.7464133107406787,-1.111589833380845,-0.7694667446062147
-1.2208451619322358,-1.22169896414591,-1.2208871581097298
-0.8209321458399637,-1.291998862071653,-0.8429174850708153
-0.6931471805599453,-0.6931471805599453,-0.6931471805599453
0.0,0.0,0.0
0.0,0.0,0.0
0.7864935177003595,0.7618274790281272,0.8482060760470316
-1.0688868679874601,-1.0416257351698595,-1.0983867174235946
0.14882059471711834,0.2513500576308637,0.15656041435846543
0.3111220268140991,0.2784384973692824,0.44233832828191355
0.0,0.0,0.0
0.0,0.0,0.0
0.0,0.0,0.0
-0.6931471805599453,-0.6931471805599453,-0.6931471805599453
-0.6931471805599453,-0.6931471805599453,-0.6931471805599453
-0.08248497329779206,-0.08397051362911642,-0.08255809957273076
0.0,0.0,0.0
-0.6931471805599453,-0.6931471805599453,-0.6931471805599453
0.0,0.0,0.0
-2.6423307986079076e-14,-1.2868828226093394e-10,5.150324611222838e-12
-1.2050809574370653,-1.3132960444415926,-1.2304842796325095
0.4272021145931438,0.42636703899941225,0.4271609671191305
0.0,0.0,0.0
0.1133264787129379,0.5585330544184394,0.18918889685754678
-0.10292118774005218,-0.43876925892179314,-0.13974052501832868
0.24691847253354407,-0.2430844606693328,0.31411327011415047
0.0,0.0,0.0
-2.1760371282653305e-14,1.1049383630218363e-11,-3.587452557305371e-11
-0.6931471805599453,-0.6931471805599453,-0.6931471805599453
-1.21160743478644,-0.9039441028066332,-1.2481882674103444
-0.6931471805599453,-0.6931471805599453,-0.6931471805599453
0.8581867161204298,0.3848018828643614,0.9098802744006717
0.0,0.0,0.0
0.0,0.0,0.0
0.0,0.0,0.0
-1.1848269382262715,-1.398592713921132,-1.1704146257375905
-0.6931471805599453,-0.6931471805599453,-0.6931471805599453
-0.6931471805599453,-0.6931471805599453,-0.6931471805599453
0.0,0.0,0.0
-0.6778579455314906,-0.9039441028148946,-0.6928658075306271
0.8581867161205362,0.3848018829286935,0.9098802744024331
-0.6931471805599453,-0.6931471805599453,-0.6931471805599453
0.0,0.0,0.0
0.13046117725007012,0.1056117361745552,0.2179882834141688
1.1107988450672175,0.7313578098678634,1.140682681073436
-0.858186716120524,-0.3848018829037907,-0.9098802744091082
0.0,0.0,0.0
0.8960230788296033,0.8973818780387959,0.8960899221351647
0.8863856560886024,0.057632482399549406,0.9215067041662893
0.0,0.0,0.0
0.0,0.0,0.0
-2.0147069394026667,-1.7758605599308028,-2.1413852214249904
0.5276979813722905,0.5285517835859648,0.5277399775497845
-0.42651513995742574,-0.42735052239801224,-0.4265562307225268
-0.6931471805599453,-0.6931471805599453,-0.6931471805599453
-0.8996930534439794,-0.9056578099708243,-0.8929312306793543
-0.16474708057011397,-0.1656006054039746,-0.16478913579795604
0.6503827654281227,0.13968193707524768,0.7269508144479163
0.634753433245625,0.2812960386487342,0.6719338957615197
-0.16474708057011397,-0.16560060546146207,-0.16478913579793156
-0.6931471805599453,-0.6931471805599453,-0.6931471805599453
0.3252528166218995,-0.12010385130913934,0.38205062847944815
-0.8236083578100271,-0.7987589167520311,-0.9111354639931355
-0.6931471805599453,-0.6931471805599453,-0.6931471805599453
0.7430427834579842,0.44412980199826235,0.8595879359278888
0.5284000999898313,0.5275465757029562,0.5283580447619741
0.0,0.0,0.0
1.0750718308660914,0.4216276899377474,1.135159663836195
0.8236083578100271,0.798758916752031,0.9111354639931356
0.0,0.0,0.0
-0.16474708057011397,-0.1656006048569892,-0.16478913579797122
0.730705271058905,0.6528533437305926,0.7835180349830229
-0.7529486579468648,-1.1558895328756906,-0.7831154255688307
-0.29520825782018406,-0.27121234136060274,-0.38277741921202274
-0.6482209957914525,-0.6064013934690191,-0.6928088046094082
-0.6931471805599453,-0.6931471805599453,-0.6931471805599453
0.0,0.0,0.0
0.7787255208192018,0.6949351523491317,0.853365794177321
0.0,0.0,0.0
0.0,0.0,0.0
0.6090026654222247,0.8404071043190783,0.6319741629898442
1.1388322542801084,0.8921724971620737,1.1622175496370544
-0.8555697910400337,-0.4424343653279674,-0.9209438789602644
0.134578729765144,-0.38564350586623153,0.22690147948755776
-0.6931471805599453,-0.6931471805599453,-0.6931471805599453
-0.7143638278898184,-1.1700520694645486,-0.7672553687398056
0.0,0.0,0.0
0.7835319149605405,0.769066156126246,0.8136773124465864
-0.6931471805599453,-0.6931471805599453,-0.6931471805599453
-1.5202495420465436,-1.5188591438739447,-1.5201810296655045
0.3400833042749122,0.7763699764953982,0.3652693460948959
-0.9570238244463054,-0.43305872738143913,-1.0059689840437596
0.0,0.0,0.0
-0.8996930534439794,-0.9056578099708243,-0.8929312306793543
-0.6931471805599453,-0.6931471805599453,-0.6931471805599453
0.13046117725010478,0.10561173616432835,0.21798828344009694
-0.6623313155112416,-1.0779490635300386,-0.692584355373464
0.0,0.0,0.0
-0.36237795776733345,-0.6880526191095582,-0.4091321890728216
0.5284000999898313,0.5275465765757451,0.5283580447618254
0.5047659974546937,-0.13434033693076383,0.5715722814294532
-0.6771196832303757,-0.7677752028200892,-0.7407212120098003
-0.9505388439016822,-0.9388065411948285,-0.9517883484042806
0.0,0.0,0.0
-1.3413681763513978,-1.2995485740289643,-1.3859559851693535
0.0,0.0,0.0
0.0,0.0,0.0
0.0,0.0,0.0
-1.5456010459996077,-1.5536521501278004,-1.6670320710475242
0.0,0.0,0.0
-0.6931471805599453,-0.6931471805599453,-0.6931471805599453
0.0,0.0,0.0
-0.82360835781,-0.7987589167362387,-0.9111354640100386
0.4079107578994085,1.3512649496932168,0.5373980538426288
0.03081586504852568,-0.3848018828643614,0.000562825219893999
0.0,0.0,0.0
0.602226809307028,0.4612314740996928,0.7899946486579498
-0.32952800064555143,-0.23493324640777535,-0.3391447937288589
0.13046117725009096,0.10561173619964642,0.2179882834035786
-0.5126455919767509,-0.9476907441482363,-0.5032617779605962
-2.0183707735888334,-1.8873255603715902,-2.1603726008650668
0.0,0.0,0.0
0.06984301660199566,0.14373001574919628,0.062407124301991336
1.325404537455043,0.6897096222730587,1.4198439820836342
0.49119028752662386,0.49152566784318513,0.4912067188684072
-0.05947227484605816,0.6322984048934619,0.0666646716214631
0.5537180470604421,0.5554705292850447,0.5538042656709233
-0.6931471805599453,-0.6931471805599453,-0.6931471805599453
0.5276979813722905,0.5285517855329319,0.527739977549666
-0.9918494420567124,-0.9913125645358757,-0.9918229849037151
-0.6931471805599453,-0.6931471805599453,-0.6931471805599453
-3.005092058402513,-2.3874460833631668,-3.196390832735774
0.5284000999898313,0.5275465741586938,0.5283580447620617
0.0,0.0,0.0
0.0,0.0,0.0
-0.6931471805599453,-0.6931471805599453,-0.6931471805599453
0.0,0.0,0.0
-0.8266797171667032,-1.1487572836685873,-0.9225140984825444
-0.7259971376817805,-1.146266557168565,-0.7631345759073586
-0.8971405255261636,-0.8957820844808421,-0.8970735978500085
-0.8581867161205025,-0.38480188291484013,-0.9098802743732337
-0.8502312719708842,-0.5814579502474243,-0.9304259159092391
0.8120622271977243,0.6293909842242493,0.8640017222105391
0.6875669244787684,0.11769003972212672,0.7598570217910812
0.0,0.0,0.0
0.6555120967685037,0.6804874986717225,0.7117729459047948
-0.6931471805599453,-0.6931471805599453,-0.6931471805599453
-0.6931471805599453,-0.6931471805599453,-0.6931471805599453
0.0,0.0,0.0
-0.6931471805599453,-0.6931471805599453,-0.6931471805599453
0.0,0.0,0.0
1.082745616001494,0.1762158646735493,1.1515087656555527
-0.030815865048658662,0.38480188291844314,-0.0005628252214661404
0.0,0.0,0.0
0.0,0.0,0.0
-0.5276979813722905,-0.5285517849787031,-0.5277399775497532
-0.6931471805599453,-0.6931471805599453,-0.6931471805599453
0.0,0.0,0.0
0.03755809049895974,-0.0402938368293528,0.09037085442307757
-0.6623313155112954,-1.0779490634829372,-0.6925843553376947
-0.8361547021440879,-0.8487880788881725,-0.8286963325965456
0.0,0.0,0.0
-0.6931471805599453,-0.6931471805599453,-0.6931471805599453
-0.26231865047364145,0.5492286085649597,-0.2229144286428534
0.0,0.0,0.0
0.0,0.0,0.0
-0.6931471805599453,-0.6931471805599453,-0.6931471805599453
-0.6931471805599453,-0.6931471805599453,-0.6931471805599453
0.8529507979941899,0.40844793375493244,0.9097906060295089
1.0560980813621217,1.0560983555281682,1.0560980223119103
0.5013692496239814,-0.053767150281840134,0.5857989050395361
-0.6931471805599453,-0.6931471805599453,-0.6931471805599453
0.0,0.0,0.0
0.0,0.0,0.0
0.0,0.0,0.0
-0.31920424326929797,-0.22274660930875415,-0.32628971385808375
1.3311880270505927,0.2947458003517116,1.3778190627345417
-0.6931471805599453,-0.6931471805599453,-0.6931471805599453
0.5276979813722905,0.5285517849767289,0.5277399775497534
-0.6931471805599453,-0.6931471805599453,-0.6931471805599453
0.0,0.0,0.0
0.0,0.0,0.0
0.0,0.0,0.0
-0.5916379491741304,-0.07689090255804025,-0.4934492168190668
-0.5107803678505417,-0.23114565539475854,-0.5502610991067307
0.49758423494112586,0.9123484555088807,0.5277952195103741
-0.6931471805599453,-0.6931471805599453,-0.6931471805599453
-0.7466916727857141,-0.7016641164104142,-0.8203079837453853
0.0,0.0,0.0
0.0,0.0,0.0
0.0,0.0,0.0
0.5724675134304257,0.30988719414090915,0.5758004119372906
-0.6559865141736554,-0.8886934072029711,-0.6622441333563983
0.0,0.0,0.0
0.1624226104800884,-0.25071281523364136,0.22779669840031913
-0.14439853024073512,-0.13029733596010548,-0.16048354558578873
-0.6778579455315549,-0.9039441028134932,-0.6928658075376539
-0.37939976283476384,-0.3892829580006217,-0.36939706378261916
-2.0110576209447077,-1.9690034318674172,-2.160218812203703
0.823608357810044,0.798758916753105,0.9111354639835975
0.0,0.0,0.0
-0.6778579455315796,-0.9039441027981495,-0.6928658075333759
0.0,0.0,0.0
0.0,0.0,0.0
-0.29944123928701516,-0.3003127381181871,-0.2994841735783636
-1.5191057711833937,-1.5204966569002845,-1.5191741808965773
-0.6931471805599453,-0.6931471805599453,-0.6931471805599453
0.0,0.0,0.0
0.62147408864054,0.2990035149116526,0.6503329534096638
0.0,0.0,0.0
0.680825293043645,0.10116225573124117,0.7517649977650033
-0.6931471805599453,-0.6931471805599453,-0.6931471805599453
0.0,0.0,0.0
0.0,0.0,0.0
-1.473264637952264,-1.7591806896801536,-1.4811412272789681
-0.6931471805599453,-0.6931471805599453,-0.6931471805599453
0.0,0.0,0.0
-0.6778579455314676,-0.9039441028140639,-0.6928658075402049
0.6029042452335966,0.22832951459069764,0.6511645557049813
0.0,0.0,0.0
0.0,0.0,0.0
1.0750718308660914,0.4216276899377474,1.135159663836195
0.9940344374579079,0.41844265175023937,1.0361720205372398
0.0,0.0,0.0
0.13261387557282198,-0.009545426352704278,0.20698803372546312
0.0,0.0,0.0
1.5090352048287359,0.8372453409705184,1.707057790271289
-0.6931471805599453,-0.6931471805599453,-0.6931471805599453
0.5013692496239814,-0.053767150286467995,0.5857989050395361
-0.7494706299822015,-0.9192069365360981,-0.764524333488287
-1.739305416158666,-1.432495887750644,-1.7759282449447324
-1.6042625425638974,-1.1117086700354863,-1.6616918391843827
0.0,0.0,0.0
0.5845071036022795,0.45821393245607045,0.5767708304153176
-0.6931471805599453,-0.6931471805599453,-0.6931471805599453
-0.1206796671295196,-0.38325998641903614,-0.11734676862265477
0.5845071036022795,0.45821393245607045,0.5767708304153176
0.0,0.0,0.0
0.0,0.0,0.0
0.8581867161205208,0.38480188291769296,0.9098802744226435
0.0,0.0,0.0
0.0,0.0,0.0
1.3090858757444286,1.2586309546924068,1.3821915096318986
-0.5336695749493526,-0.5012072040430265,-0.5415348593023401
-0.6931471805599453,-0.6931471805599453,-0.6931471805599453
-2.011057620944658,-1.9690034317375384,-2.160218812182218
1.1545896000818416,0.7763699779216867,1.1960121347953194
-0.3638409053245668,-0.3714855981904652,-0.33794788422291366
0.0,0.0,0.0
-0.807497958551071,-0.1706190951846657,-0.7878273927699913
0.7927924927614602,1.1835607996833128,0.9105726387487606
-1.476093071780527,-1.2301759070044311,-1.5418835527092105
-0.4145189399004931,-0.41494895774381885,-0.4145401267754091
0.0,0.0,0.0
-0.5843608940342988,-0.30402880213646866,-0.6352506273286082
0.8236083578100766,0.798758916852962,0.9111354639948921
-0.6931471805599453,-0.6931471805599453,-0.6931471805599453
0.1331611992575493,-0.0390065991102028,0.13065297117542232
-0.7734744690271046,-0.7425010595148654,-0.8055054879112634
-0.6931471805599453,-0.6931471805599453,-0.6931471805599453
-0.463449342066881,-0.46376599207018987,-0.4634649401414692
-1.3980120288860765,-0.6024267787343566,-1.595007704025297
0.0,0.0,0.0
-2.0183707735888334,-1.8873255603713053,-2.1603726008650668
0.0,0.0,0.0
-1.6263282656608464,-1.706428054172404,-1.770138405091631
0.07575572218870782,-0.3590371560091527,0.0627916297067965
-0.6931471805599453,-0.6931471805599453,-0.6931471805599453
-0.6931471805599453,-0.6931471805599453,-0.6931471805599453
-0.6931471805599453,-0.6931471805599453,-0.6931471805599453
-0.030815865048525733,0.3848018828643614,-0.0005628252198940682
-0.7054478721641951,-0.39367951498216214,-0.8128649568371831
0.0,0.0,0.0
-1.5202495420465436,-1.5188591415786208,-1.5201810296656202
0.0,0.0,0.0
-0.6778579455315796,-0.9039441027981495,-0.6928658075333759
0.2519940679883538,0.8124073180980986,0.25419181633755766
0.0,0.0,0.0
-1.3279006138055705,-0.9744432192086796,-1.365081076321465
0.0,0.0,0.0
0.0,0.0,0.0
0.0,0.0,0.0
0.5047659974546499,-0.13434033696395234,0.5715722813797457
0.0,0.0,0.0
0.4979683825200041,-0.10118562720926913,0.5714568752040193
-0.8236083578100305,-0.7987589167366771,-0.9111354640020729
-0.16779943200106717,-0.19318595451725692,-0.08029873938295941
-0.6931471805599453,-0.6931471805599453,-0.6931471805599453
0.6662279510600573,0.6649612702734907,0.6661655171755126
0.0,0.0,0.0
0.3756804130707537,0.3797682848139436,0.36856560005681344
-0.9914077898111033,-0.9919448713888024,-0.9914342033465083
1.2662745134122235,0.7868518232956142,1.283279861465025
0.858186716120559,0.3848018829221749,0.9098802744214287
0.5276979813722905,0.5285517869779377,0.5277399775500702
-0.03081586504861607,0.384801882917385,-0.0005628252037502245
-0.6931471805599453,-0.6931471805599453,-0.6931471805599453
-1.2116074347864108,-0.9039441028069379,-1.248188267399884
-0.26594506596679923,-0.26678021152790155,-0.2659862134448026
-0.463449342066881,-0.46376599092630094,-0.46346494014156203
0.0,0.0,0.0
1.0331660974443544,0.39320623865573795,1.0999303261794422
-1.5202495420465436,-1.518859142061004,-1.5201810296661236
-0.6931471805599453,-0.6931471805599453,-0.6931471805599453
-0.9605919247624818,-1.376746754017248,-0.9908713781046906
0.0,0.0,0.0
-0.6931471805599453,-0.6931471805599453,-0.6931471805599453
-0.39640624321690526,-0.3723919476983737,-0.4839744968814472
-0.8971405255261636,-0.8957820844808421,-0.8970735978500085
0.5013692496239814,-0.053767150281840134,0.5857989050395361
-0.3638409053245668,-0.3714855981904652,-0.33794788422291366
0.44597486711871875,0.15087508081119685,0.561224514434277
0.0,0.0,0.0
-0.09244716775393341,0.41071338945003716,-0.0573147439743757
0.0,0.0,0.0
0.0,0.0,0.0
0.0,0.0,0.0
-0.6931471805599453,-0.6931471805599453,-0.6931471805599453
-1.1914285859969962,-0.08102960305345105,-1.1355251026369872
0.0,0.0,0.0
0.0,0.0,0.0
-0.6931471805599453,-0.6931471805599453,-0.6931471805599453
-0.6931471805599453,-0.6931471805599453,-0.6931471805599453
-0.6931471805599453,-0.6931471805599453,-0.6931471805599453
0.0,0.0,0.0
-0.6931471805599453,-0.6931471805599453,-0.6931471805599453
-0.6931471805599453,-0.6931471805599453,-0.6931471805599453
-1.2116074347863852,-0.9039441028061306,-1.248188267406681
0.8645482053639587,0.0930666626498161,0.911010732198442
-0.5276979813722905,-0.5285517835859648,-0.5277399775497844
-0.6931471805599453,-0.6931471805599453,-0.6931471805599453
-0.6931471805599453,-0.6931471805599453,-0.6931471805599453
-0.6931471805599453,-0.6931471805599453,-0.6931471805599453
0.0,0.0,0.0
-0.6931471805599453,-0.6931471805599453,-0.6931471805599453
0.8236083578100154,0.7987589167345005,0.911135463974114
-0.3207338688333032,-0.08372737824833683,-0.30236680301410906
0.0,0.0,0.0
-0.6778579455315394,-0.9039441028139426,-0.6928658075315103
0.0,0.0,0.0
0.0947316995536297,0.4026406204206635,0.11776378414722985
-0.5194943247655676,0.3997799535588104,-0.46421836398338967
0.911115362003952,0.41856148947554084,0.9685446586244373
0.5047659974545231,-0.13434033697030173,0.5715722814171299
-0.6931471805599453,-0.6931471805599453,-0.6931471805599453
0.0,0.0,0.0
0.1304611772501313,0.10561173629301665,0.21798828343494672
-0.6931471805599453,-0.6931471805599453,-0.6931471805599453
-0.18327291712442845,-0.20286793369145276,-0.1717819629454048
-0.6931471805599453,-0.6931471805599453,-0.6931471805599453
-0.6931471805599453,-0.6931471805599453,-0.6931471805599453
-0.053266130180733465,-0.4184426528208997,-0.07631956404626938
0.9570238244463055,0.43305872737176454,1.0059689840437596
-1.5513338966804722,-1.0779490634783884,-1.6030274549427699
0.8236083578100312,0.7987589167703391,0.911135464012754
-0.6931471805599453,-0.6931471805599453,-0.6931471805599453
-0.6931471805599453,-0.6931471805599453,-0.6931471805599453
-0.6931471805599453,-0.6931471805599453,-0.6931471805599453
0.8555697910400337,0.44243436532796737,0.9209438789602644
1.573778611237765,1.2655939391692177,1.6207968956493135
-1.5202495420465436,-1.5188591421923883,-1.5201810296655307
0.0,0.0,0.0
-1.2208451619322358,-1.2216989660928772,-1.2208871581096112
0.8875965307435237,0.8639176155673984,0.9751812157443287
0.5047659974545972,-0.13434033692056768,0.5715722813960974
0.08447413120155675,0.266805910614231,0.18365144864692753
-0.6931471805599453,-0.6931471805599453,-0.6931471805599453
-0.6931471805599453,-0.6931471805599453,-0.6931471805599453
0.0,0.0,0.0
1.6037432795745168,1.492051897215452,1.674409040911467
-0.997938260382757,-0.6899530901600135,-1.0130486886156935
-0.16474708057011397,-0.1656006039842002,-0.16478913579811993
-1.3260789413230072,-1.5103454962825122,-1.3856746121470622
0.0,0.0,0.0
-0.6931471805599453,-0.6931471805599453,-0.6931471805599453
-0.6931471805599453,-0.6931471805599453,-0.6931471805599453
0.06398817293347783,0.06515869945055079,0.06404575175285812
0.0,0.0,0.0
-1.4261625984705415,-0.37081511014467267,-1.4598886715774406
1.0483669669148923,0.9934543931647297,1.2208587724217699
0.0,0.0,0.0
1.3090858757444286,1.258630954569491,1.382191509631642
1.3521551532011902,0.7946508874084911,1.3950230773336114
-0.6931471805599453,-0.6931471805599453,-0.6931471805599453
1.3521551532011902,0.7946508874084911,1.3950230773336114
-0.6931471805599453,-0.6931471805599453,-0.6931471805599453
0.5284000999898313,0.5275465756222985,0.5283580447623382
-0.8581867161204655,-0.38480188293971057,-0.9098802744089447
0.2949737804230533,0.6648633826760358,0.4224976028636453
-0.7394896756286307,-0.1343403370399355,-0.6939914579863142
0.8581867161205023,0.38480188291484013,0.9098802743732337
-0.3155279509440254,0.2927085870611102,-0.29425108120641186
0.0,0.0,0.0
-0.5276979813722905,-0.528551784697828,-0.5277399775498031
0.0,0.0,0.0
-0.6931471805599453,-0.6931471805599453,-0.6931471805599453
0.0,0.0,0.0
0.8581867161205782,0.38480188292818135,0.9098802744171046
0.827921734953052,0.7502706955929845,0.9112252287180992
-0.8093748185941008,-1.4710251725180346,-0.8656532876535953
0.0,0.0,0.0
-1.9897415888632746,-2.2494315596891554,-2.159817419372088
-1.0805252681441544,-0.8600372935617837,-1.1085031283195987
-0.6931471805599453,-0.6931471805599453,-0.6931471805599453
0.9698608797696813,1.103877439035219,1.0427901603301777
0.8236083578100326,0.7987589167888411,0.9111354639864643
0.09244716775393337,-0.41071338945003716,0.05731474397437564
0.0,0.0,0.0
-0.8257610561327672,-0.6836017542102697,-0.9001352142854084
-1.5202495420465436,-1.518859141207756,-1.520181029665595
0.0,0.0,0.0
-1.8629001986359768,-0.8613165640436948,-1.8463438154704346
0.0,0.0,0.0
-1.2477693159889165,-1.1294162112255934,-1.3346560446308704
-0.3400833042749121,-0.7763699764953983,-0.365269346094896
0.0,0.0,0.0
1.474924822602441,0.757889143013021,1.6068980965625925
0.0,0.0,0.0
-1.197072551868868,-1.2448867667706993,-1.2348557801524689
-0.6931471805599453,-0.6931471805599453,-0.6931471805599453
-0.6931471805599453,-0.6931471805599453,-0.6931471805599453
-0.463449342066881,-0.46376599090858606,-0.46346494014153894
0.0,0.0,0.0
0.5724675134304257,0.30988719414090915,0.5758004119372906
0.2373439311708065,0.2707846641267773,0.3124779598168075
0.0,0.0,0.0
0.5047659974545637,-0.1343403369499376,0.5715722813807466
-0.6931471805599453,-0.6931471805599453,-0.6931471805599453
-0.3295280006454983,-0.23493324250093836,-0.33914479372540834
0.0,0.0,0.0
-0.6931471805599453,-0.6931471805599453,-0.6931471805599453
0.0,0.0,0.0
0.5537180470604421,0.5554705292850447,0.5538042656709233
0.0,0.0,0.0
-0.6931471805599453,-0.6931471805599453,-0.6931471805599453
-0.6931471805599453,-0.6931471805599453,-0.6931471805599453
0.0,0.0,0.0
0.0,0.0,0.0
0.5013692496239814,-0.053767150281840134,0.5857989050395361
-0.6931471805599453,-0.6931471805599453,-0.6931471805599453
1.0483669669148923,0.9934543931647297,1.2208587724217699
0.5845071036022795,0.45821393245607045,0.5767708304153176
-0.6931471805599453,-0.6931471805599453,-0.6931471805599453
-0.4364598140862271,-0.5854851119669456,-0.4196560580687973
-0.5336695749493526,-0.5012072040430265,-0.5415348593023401
-0.059762838666782475,0.04802130451661879,-0.054748350266641904
0.0,0.0,0.0
0.10288218318032345,0.03913778119470496,0.1732827327234181
1.307125620809033,1.2224817272112787,1.3817238389394324
0.6749653261429167,0.3138145041648763,0.7299798869758992
-1.2842548368776463,-0.9736467149096241,-1.3557665870179942
-0.6931471805599453,-0.6931471805599453,-0.6931471805599453
-0.5284000999898313,-0.5275465756222983,-0.5283580447623382
-1.4668139677878609,-0.941796571619,-1.449162100490706
-0.8720205773688443,-0.5295596284223233,-0.9557335408576112
0.86165009516153,0.745720469998548,0.9609886569324159
0.25648252653750436,0.266548637064617,0.3303562986065256
-0.49709459762713726,0.0008846151788485552,-0.421468036902674
0.773789677196414,0.6071964288442243,0.7888319211938628
0.9506613863448701,0.5536756666751115,1.0601495459047559
-0.6931471805599453,-0.6931471805599453,-0.6931471805599453
-1.2116074347863999,-0.9039441028003922,-1.2481882674142932
-1.2690229162596085,-0.7660045748013069,-1.2997375036596548
-0.026717746213276158,-0.053377232405679854,-0.02389527139779086
0.0,0.0,0.0
-0.8361547021440879,-0.8487880788881725,-0.8286963325965456
0.3166927371937326,-0.38280103232316304,0.38965934033331256
-0.6931471805599453,-0.6931471805599453,-0.6931471805599453
0.0,0.0,0.0
0.0,0.0,0.0
-0.5284000999898313,-0.5275465751374022,-0.5283580447620617
-1.921713240233578,-2.090896593438754,-2.0772365829497264
-0.7493954847316425,-0.7620086703818425,-0.8124485092168757
0.0,0.0,0.0
-0.6931471805599453,-0.6931471805599453,-0.6931471805599453
-1.0736802623662012,-1.0901903332166678,-1.1110679319927819
-0.6931471805599453,-0.6931471805599453,-0.6931471805599453
0.0,0.0,0.0
-1.2116074347864108,-0.9039441028069379,-1.248188267399884
0.0753120111152134,-0.09530122762302891,0.0642545478010436
0.0,0.0,0.0
-0.6931471805599453,-0.6931471805599453,-0.6931471805599453
-0.463449342066881,-0.4637659906922239,-0.4634649401414625
0.0,0.0,0.0
-0.6931471805599453,-0.6931471805599453,-0.6931471805599453
-0.463449342066881,-0.4637659915101578,-0.4634649401415384
0.0,0.0,0.0
-0.2814927805587677,0.3036973037040459,-0.16795401302234614
0.3736243115341016,0.259781091485085,0.41310308019668907
0.0,0.0,0.0
1.2478921422502416,0.8533797268582387,1.2881847829561242
0.0,0.0,0.0
0.1304611772501042,0.10561173617221185,0.21798828342243173
-0.7394896756288956,-0.13434033693463854,-0.6939914580399517
-1.2671876570011213,-0.6628921218953835,-1.2217314355384432
0.0,0.0,0.0
-0.6931471805599453,-0.6931471805599453,-0.6931471805599453
-0.250071904556148,-0.2914314164639243,-0.19993246799618708
0.0,0.0,0.0
0.827921734953052,0.7502706955929845,0.9112252287180992
-0.5021874377220265,-0.5025172044035895,-0.5022036827264166
-0.16474708057011397,-0.16560060799312984,-0.16478913579787002
0.0,0.0,0.0
0.0,0.0,0.0
0.0,0.0,0.0
-2.0579810643500855,-2.062416060707546,-2.2543209845390195
0.38970542612972076,0.46857784394054586,0.3783045085334806
0.9601068098622636,0.49930866899932647,1.0576979185778148
0.0,-1.111863157717555e-09,-1.8651746813702803e-14
0.0,0.0,0.0
-0.6931471805599453,-0.6931471805599453,-0.6931471805599453
-0.463449342066881,-0.46376599024554443,-0.4634649401414325
0.0,0.0,0.0
-1.2208451619322358,-1.2216989670905076,-1.220887158109595
-1.6532539904222088,-1.1924558495592719,-1.7508450991377602
0.0,0.0,0.0
0.0,0.0,0.0
1.3316268088872556,0.28282203829415936,1.411151548815086
0.8924080321572634,0.4174490348705129,0.9557982594372638
0.6543693436829813,0.30624436270861644,0.6986853057187733
0.0,0.0,0.0
0.7378744134223922,0.25930524913692027,0.7549218167029633
0.0,0.0,0.0
0.0,0.0,0.0
-0.09323560528483886,-0.09663817159161804,-0.08790652983363748
0.9915507834234454,0.957337010976969,1.1136925122055739
-0.43700132894584875,-0.4542913700475808,-0.33108219900298647
0.0,0.0,0.0
0.0,0.0,0.0
-0.5284000999898313,-0.52754657532616,-0.5283580447620291
-1.0727924085083134,-0.3431536953456607,-1.1890415754233876
0.5284000999898313,0.5275465752698546,0.5283580447622707
-0.7906175790405869,-0.6682306215688978,-0.9212255905729038
0.0,0.0,0.0
0.030815865048603622,-0.38480188294932255,0.0005628252296746646
-0.6931471805599453,-0.6931471805599453,-0.6931471805599453
-1.4310215939823374,-0.9524524296968655,-1.4480689972629086
-0.34384232607869364,-0.26346030289413186,-0.3627562145035826
0.0,0.0,0.0
0.0,0.0,0.0
-0.6503320156477599,-0.5465741527971901,-0.6417483384238023
-2.011057620944658,-1.9690034317375384,-2.160218812182218
-0.6931471805599453,-0.6931471805599453,-0.6931471805599453
0.0,0.0,0.0
-0.16474708057011397,-0.16560060492305886,-0.16478913579789292
-0.6931471805599453,-0.6931471805599453,-0.6931471805599453
-0.6931471805599453,-0.6931471805599453,-0.6931471805599453
-0.030815865048662325,0.38480188294064394,-0.0005628252296645324
0.6043700217751088,-0.1550602189331281,0.6836936991002792
0.0,0.0,0.0
-0.9049572978925398,-1.1111544351265679,-0.9171224853106439
0.0,0.0,0.0
-0.6931471805599453,-0.6931471805599453,-0.6931471805599453
0.24563888951945212,0.24025585277690642,0.3144649535308681
0.0,0.0,0.0
-0.7416343730001828,-0.9145969967693219,-0.7537616104471132
0.5047659974547368,-0.13434033693272524,0.5715722813832436
-2.0147069394026667,-1.7758605599308028,-2.1413852214249904
0.09227089801178831,0.05094188151745239,0.16878940789009128
-2.0579810643500855,-2.062416060707546,-2.2543209845390195
0.15513343022355763,-0.38852639060435723,0.207403934384417
0.0,0.0,0.0
-0.6931471805599453,-0.6931471805599453,-0.6931471805599453
1.0009021993468037,0.9668357766164599,1.1420806869888085
0.0,0.0,0.0
0.0,0.0,0.0
1.0009021993468037,0.9668357766164599,1.1420806869888085
-0.6931471805599453,-0.6931471805599453,-0.6931471805599453
-0.10864007695766578,-0.23493324810387484,-0.11637635014462773
0.2195397725211063,-0.16333444663245525,0.30736626359147584
0.14882059471711834,0.2513500576308637,0.15656041435846543
0.0,0.0,0.0
0.0,0.0,0.0
-0.6931471805599453,-0.6931471805599453,-0.6931471805599453
-1.9897415888632581,-2.249431559631394,-2.159817419395606
0.0,0.0,0.0
0.0,0.0,0.0
0.13551800893046895,-0.08987314649035476,0.09390961892319018
-0.6931471805599453,-0.6931471805599453,-0.6931471805599453
0.8453760673056159,0.7952378690049083,0.9184972838352932
-0.463449342066881,-0.4637659909627622,-0.46346494014143585
0.0,0.0,0.0
-0.5987697395992418,-0.8311812642190216,-0.6023112020089717
-0.8924080321572633,-0.417449034870513,-0.9557982594372639
-1.8477367806418719,-1.4695171629524744,-1.889159315352804
1.3132560517385041,0.7944517497568424,1.3630047350845151
0.0,0.0,0.0
0.0,0.0,0.0
0.0,0.0,0.0
-0.6931471805599453,-0.6931471805599453,-0.6931471805599453
-1.603743279574517,-1.492051897215452,-1.6744090409114671
0.0,0.0,0.0
0.8555697910400337,0.4424343653312941,0.9209438789602644
0.07555681868173854,0.4399284342588766,0.1720046041013425
-0.6931471805599453,-0.6931471805599453,-0.6931471805599453
0.0,0.0,0.0
0.0,0.0,0.0
-0.610083657912417,-0.020688058427667647,-0.704888117776442
0.8581867161204837,0.3848018829456501,0.9098802743989828
0.0947316995536297,0.4026406204206635,0.11776378414722985
0.0,0.0,0.0
-0.6931471805599453,-0.6931471805599453,-0.6931471805599453
0.0,0.0,0.0
-0.6931471805599453,-0.6931471805599453,-0.6931471805599453
0.0,0.0,0.0
0.5284000999898313,0.5275465737528006,0.5283580447620926
-1.2759482215284712,-0.4901908565007544,-1.2391976294214146
0.0,0.0,0.0
0.0013887509650841864,0.6121676531475186,0.10230722258538545
0.7812771361751031,0.7742735081359894,0.8188554954298165
0.8581867161204295,0.38480188291392387,0.9098802744118716
-0.545282929277631,0.01715054470009381,-0.5029887516575285
-0.6931471805599453,-0.6931471805599453,-0.6931471805599453
0.5047659974546522,-0.13434033693276107,0.5715722813934861
0.0,0.0,0.0
0.5284000999898313,0.5275465748621471,0.5283580447621112
-0.6931471805599453,-0.6931471805599453,-0.6931471805599453
0.0,0.0,0.0
-0.3638409053245595,-0.37148559819726973,-0.33794788421629046
-0.7394896756288983,-0.13434033695870923,-0.6939914580384933
-0.35549267854487804,-0.3547134100399611,-0.32255173906803936
-1.395448173133717,-1.1242475743065383,-1.4180119188421998
-0.8581867161204954,-0.38480188291738493,-0.9098802744040747
-0.5434614570254228,-0.5628888612195425,-0.5038246031954297
0.6918516390341622,0.13033470254083385,0.7673068870667685
0.0,0.0,0.0
-0.6931471805599453,-0.6931471805599453,-0.6931471805599453
-0.7638969003936708,-0.936880403042574,-0.7807030925718493
0.0,0.0,0.0
0.1378278510702259,0.13741469513608862,0.13780747241345107
0.4696638848363307,-0.39897896316542975,0.5135125269415439
1.6037432795745168,1.492051897215452,1.674409040911467
-0.018751137983674178,0.3510998459199029,-0.0005478657288740846
1.0290373197854663,1.0307707593999569,1.0291225757681415
0.0,0.0,0.0
0.8555697910400337,0.4424343653312941,0.9209438789602644
-0.6931471805599453,-0.6931471805599453,-0.6931471805599453
-0.6931471805599453,-0.6931471805599453,-0.6931471805599453
1.2321296534111637,0.8552024541754901,1.2767377411338952
-0.6931471805599453,-0.6931471805599453,-0.6931471805599453
-0.463449342066881,-0.46376599092630094,-0.46346494014156203
-1.0805252681441544,-0.8600372935617837,-1.1085031283195987
-0.43321557158322044,-0.41037787323206915,-0.4178136095115881
0.0,0.0,0.0
-0.279660897726092,-0.29160589525732616,-0.2577681760447149
-0.6931471805599453,-0.6931471805599453,-0.6931471805599453
-1.5513338966804333,-1.0779490635004108,-1.603027454973135
0.8529507979941899,0.40844793375493244,0.9097906060295089
0.1217414888315263,-0.5845233472406312,0.0879067688639656
-0.6931471805599453,-0.6931471805599453,-0.6931471805599453
1.370133871386648,1.3770316112853425,1.3870381051529876
0.6359587828468807,0.024970623089028875,0.7596292501376355
0.0,0.0,0.0
-0.8236083578100475,-0.7987589167760974,-0.9111354639823517
0.6610773869940242,0.7515438286572478,0.6688961712144454
0.5537180470604383,0.5554706443814097,0.5538042656774761
0.0,0.0,0.0
0.0,0.0,0.0
-0.6931471805599453,-0.6931471805599453,-0.6931471805599453
0.0,0.0,0.0
0.0,0.0,0.0
0.0,0.0,0.0
-0.6931471805599453,-0.6931471805599453,-0.6931471805599453
-0.6931471805599453,-0.6931471805599453,-0.6931471805599453
0.3639356139283613,0.36736043725347367,0.4310057648256676
0.7854282766917972,1.9055998080173848,0.9436680933481904
0.0,0.0,0.0
-0.7394896756286955,-0.13434033694993772,-0.6939914579655087
0.2339126936798691,0.1472581394078164,0.3247219371680032
0.4272021145931438,0.42636703899941225,0.4271609671191305
-0.6623313155113704,-1.0779490634996558,-0.6925843553223018
0.5047659974546616,-0.13434033694955091,0.5715722814049822
-0.6931471805599453,-0.6931471805599453,-0.6931471805599453
-0.16474708057011397,-0.1656006054039746,-0.16478913579795604
0.5812885396525771,1.0632825863678859,0.6559871026960362
-0.9914077898111033,-0.9919448696473839,-0.9914342033465374
0.08064249663646873,-0.085950751715721,0.09568474063391752
-0.6931471805599453,-0.6931471805599453,-0.6931471805599453
-0.6931471805599453,-0.6931471805599453,-0.6931471805599453
-1.605272696052619,-0.4131838476465153,-1.5904117800721773
0.005896226208138615,-0.5231738402704132,0.06346795522108088
-0.6778579455315394,-0.9039441028139426,-0.6928658075315103
0.9570238244463055,0.4330587273814391,1.0059689840437596
-0.6931471805599453,-0.6931471805599453,-0.6931471805599453
0.0,0.0,0.0
-0.6931471805599453,-0.6931471805599453,-0.6931471805599453
0.1381944928970278,-0.2186810913927664,0.18020701699048094
-0.5276979813722905,-0.5285517863956606,-0.527739977549517
0.5047659974546086,-0.13434033696543907,0.571572281407095
0.8504448551937565,0.7620086703855012,0.9405231130447432
0.0,0.0,0.0
1.4244231788194346,1.4249284534126934,1.424447966897256
0.026784688044440143,0.03716744749412815,0.10067405818815713
0.03081586504862149,-0.3848018829273367,0.0005628252418693723
0.35521978635494694,0.3003072126047844,0.5277115918618247
0.13046117725010772,0.10561173619279822,0.2179882834366496
0.0,0.0,0.0
0.0,0.0,0.0
0.0,0.0,0.0
0.08026640642602444,0.03716745028774232,0.1530473538763298
-0.6931471805599453,-0.6931471805599453,-0.6931471805599453
0.0,0.0,0.0
-0.6931471805599453,-0.6931471805599453,-0.6931471805599453
0.0,0.0,0.0
-0.463449342066881,-0.4637659904625933,-0.4634649401416376
0.030815865048703737,-0.38480188297009327,0.00056282518648133
0.0,0.0,0.0
-1.2208451619322358,-1.2216989670905076,-1.220887158109595
-0.06465502805758723,-0.7638031829589693,-0.1353953142490234
-0.4364598140862271,-0.5854851119669456,-0.4196560580687973
-0.6931471805599453,-0.6931471805599453,-0.6931471805599453
0.0,0.0,0.0
-1.912756065008351,-0.6656717984504237,-1.9276936165527763
-0.6931471805599453,-0.6931471805599453,-0.6931471805599453
1.1220898845139744,0.4218887976831931,1.1736191846623436
0.3776472616016222,0.3876802370053594,0.36622384254678275
-0.3843248556583759,-0.11932257798329954,-0.3369888728449595
-0.29944123928701516,-0.3003127381181871,-0.2994841735783636
0.0,0.0,0.0
0.0,0.0,0.0
-0.10292118774005218,-0.43876925892179314,-0.13974052501832868
0.3776472616016222,0.3876802370053594,0.36622384254678275
0.0,0.0,0.0
1.0944223500659624,0.7141374811611326,1.197245259974952
0.5359383445070545,0.9987668963030031,0.6237165609728438
0.624253479904682,0.3895242454096502,0.6966906928140492
-0.6931471805599453,-0.6931471805599453,-0.6931471805599453
0.4597674524854837,0.4272733185599323,0.5731875797821728
0.0,0.0,0.0
0.0,0.0,0.0
0.0,0.0,0.0
0.0,0.0,0.0
-1.5202495420465436,-1.5188591415786208,-1.5201810296656202
0.4272021145931438,0.42636703899941225,0.4271609671191305
-0.6931471805599453,-0.6931471805599453,-0.6931471805599453
-0.6105765320994659,-0.8631564319542603,-0.6207261430610213
-0.33878091488630574,0.6496008332909085,-0.28290992990275654
0.0,0.0,0.0
-0.030815865048650075,0.38480188291769296,-0.0005628252467972531
-0.6931471805599453,-0.6931471805599453,-0.6931471805599453
0.059711457416365535,-0.13812148628298238,0.13043237139167463
0.0,0.0,0.0
0.0,0.0,0.0
0.0,0.0,0.0
0.0,0.0,0.0
-0.18327291712442845,-0.20286793369145276,-0.1717819629454048
-1.0707944421615676,-1.0808274175653048,-1.0593710231067281
1.1545896000818416,0.7763699779216867,1.1960121347953194
0.0,0.0,0.0
-0.6931471805599453,-0.6931471805599453,-0.6931471805599453
-0.9914077898111033,-0.9919448703903877,-0.9914342033465485
-0.0688937006552633,-0.30362293515029515,0.0035435122541038113
0.03081586504864496,-0.38480188292429907,0.0005628252636376943
0.823608357810053,0.7987589167527436,0.911135463996595
-1.6532539904222088,-1.1924558495592719,-1.7508450991377602
-0.6931471805599453,-0.6931471805599453,-0.6931471805599453
0.0,0.0,0.0
-0.6931471805599453,-0.6931471805599453,-0.6931471805599453
0.8236083578100312,0.7987589167703391,0.911135464012754
-0.10864007695766578,-0.23493324810387484,-0.11637635014462773
0.06398817293347783,0.06515869958219209,0.06404575175301598
-0.5109638279060877,-0.5370906358827128,-0.4234995329816744
0.0,0.0,0.0
-0.463449342066881,-0.46376599094719534,-0.4634649401414724
-0.6931471805599453,-0.6931471805599453,-0.6931471805599453
0.0,0.0,0.0
0.0,0.0,0.0
0.0,0.0,0.0
0.0,0.0,0.0
0.9601068098622636,0.49930866899932647,1.0576979185778148
0.0,0.0,0.0
-0.6778579455314786,-0.9039441028066332,-0.6928658075338299
0.0,0.0,0.0
-0.9805652911055247,-1.1051401846312183,-0.973995235549538
0.0,0.0,0.0
-0.9792355503533434,-0.8486412747354165,-0.8371866995343044
0.20399334496621843,0.20263490392089667,0.20392641729006308
-0.35342071866583774,-0.5191422198993532,-0.3383079929640705
0.1272460019206258,0.15815595864714888,0.10826212690507418
-0.6931471805599453,-0.6931471805599453,-0.6931471805599453
-0.3625273036827292,-0.38678416918562114,-0.3379221434288685
0.08824071381219263,0.036931989065960825,0.1613043515219909
0.8257610561327673,0.683601754207241,0.9001352142854084
-0.6931471805599453,-0.6931471805599453,-0.6931471805599453
-0.6931471805599453,-0.6931471805599453,-0.6931471805599453
0.0,0.0,0.0
0.5276979813722905,0.5285517849949568,0.527739977549681
-0.5284000999898313,-0.5275465751559707,-0.5283580447619893
-2.1072561182096616,-2.162297106923295,-2.179001912105438
0.0,0.0,0.0
-0.6931471805599453,-0.6931471805599453,-0.6931471805599453
-0.6931471805599453,-0.6931471805599453,-0.6931471805599453
0.0,0.0,0.0
1.6037432795745168,1.492051897215452,1.674409040911467
1.254553780677206,0.8682840742068587,1.2986626266540475
0.0,0.0,0.0
0.1304611772501042,0.10561173617221185,0.21798828342243173
1.143732063025659,0.2644201037546193,1.2336533210499872
-0.6931471805599453,-0.6931471805599453,-0.6931471805599453
-0.26594506596680156,-0.26678014156053304,-0.2659862134408148
0.03081586504864496,-0.38480188292429907,0.0005628252636376943
0.3092773979817589,-0.5169687265585057,0.28767257014508785
-0.10769505371047661,-0.1326297876858862,0.02411709733708205
-1.3056438496587182,-1.5605073290133775,-1.2410197286559757
-0.6623313155113197,-1.0779490634747855,-0.692584355302836
-0.6931471805599453,-0.6931471805599453,-0.6931471805599453
-2.035130130022591,-2.1846677635511753,-2.210249881459446
-0.6931471805599453,-0.6931471805599453,-0.6931471805599453
-0.23948666196014598,-0.25812328003132456,-0.2240593284518839
0.0,0.0,0.0
0.6288165970935073,0.0775658425767208,0.6968050319291814
-0.6931471805599453,-0.6931471805599453,-0.6931471805599453
-1.37986167620778,-1.784091068086398,-1.460801606820818
-2.138071983258297,-1.7774952205191215,-2.1795647373738967
-0.6931471805599453,-0.6931471805599453,-0.6931471805599453
0.0,0.0,0.0
0.0,0.0,0.0
0.06398817293347783,0.06515869862598045,0.0640457517530012
0.0,0.0,0.0
0.8236083578100326,0.7987589167888411,0.9111354639864643
-0.463449342066881,-0.46376599098945637,-0.46346494014157685
0.0,0.0,0.0
-2.0566215953232385,-1.9070513981553712,-2.2106546363715194
0.7838595623025973,0.055971562174006555,0.8334448111309184
0.0,0.0,0.0
0.0,0.0,0.0
0.0,0.0,0.0
0.0,0.0,0.0
0.3207338688333032,0.08372737824833681,0.3023668030141092
-0.6931471805599453,-0.6931471805599453,-0.6931471805599453
-2.0183707735888334,-1.8873255603715902,-2.1603726008650668
-0.6931471805599453,-0.6931471805599453,-0.6931471805599453
-0.49025098951882673,-0.05778157002875143,-0.4445847953681286
-0.6931471805599453,-0.6931471805599453,-0.6931471805599453
-0.6931471805599453,-0.6931471805599453,-0.6931471805599453
0.13046117725008588,0.10561173621039371,0.2179882834528087
0.0,0.0,0.0
-0.48006854335871924,-1.149363590146826,-0.5104539913085471
-0.8279217349530521,-0.7502706955928148,-0.9112252287180992
-0.6931471805599453,-0.6931471805599453,-0.6931471805599453
-0.708673810580164,-0.5191422198990602,-0.6934286327617057
0.0,0.0,0.0
-0.6931471805599453,-0.6931471805599453,-0.6931471805599453
-0.44300525924712497,-0.4900587787278665,-0.4457809237678724
-0.6931471805599453,-0.6931471805599453,-0.6931471805599453
-0.7464133107406787,-1.111589833380845,-0.7694667446062147
0.0,0.0,0.0
0.0,0.0,0.0
0.0,0.0,0.0
0.2988463922992162,0.9049129904814062,0.4973042303868361
-0.62147408864054,-0.2990035149116526,-0.6503329534096638
-0.018751137983674178,0.3510998459199029,-0.0005478657288740846
0.5039253713089228,0.551739586210754,0.5417085995925237
-0.7394896756288178,-0.1343403369650062,-0.693991458026673
0.0,0.0,0.0
0.0,0.0,0.0
0.7378744134223922,0.25930524913692027,0.7549218167029633
1.0892731010568846,0.32387359548586603,1.1483431118341747
-0.6931471805599453,-0.6931471805599453,-0.6931471805599453
-0.6931471805599453,-0.6931471805599453,-0.6931471805599453
0.5816662301705647,0.9459892265737004,0.604677608808362
0.565693479771862,1.0928860077396632,0.6336967503032278
0.06398817293347783,0.0651586973089937,0.06404575175297808
-1.3988205017866844,0.21480823687784892,-1.337289331828924
-1.3646736777985473,-1.694530885322329,-1.3744921963315822
-0.16474708057011397,-0.16560060546146207,-0.16478913579793156
0.2832423307188331,0.2378981255859014,0.3568430436039381
-0.6931471805599453,-0.6931471805599453,-0.6931471805599453
0.0,0.0,0.0
-0.6623313155111932,-1.0779490635006148,-0.6925843553274053
0.0,0.0,0.0
0.3304887347482019,-0.14374990271496738,0.3821402968634324
0.0,0.0,0.0
-0.0759435680501911,-0.07477832734956488,-0.07588624832795571
-0.26519632969965556,0.2769454351590026,-0.20454217553294193
-1.8813169264311775,-1.8059624144683633,-2.005464636063073
0.0,0.0,0.0
-0.7394896756288101,-0.1343403369557251,-0.6939914580519362
0.0,0.0,0.0
0.0,0.0,0.0
0.0,0.0,0.0
-0.6778579455315346,-0.9039441028002089,-0.6928658075545958
0.0,0.0,0.0
-0.6931471805599453,-0.6931471805599453,-0.6931471805599453
0.0,0.0,0.0
0.31669273719372626,-0.382801032392445,0.389659340346612
0.0,0.0,0.0
0.03081586504860276,-0.38480188293362133,0.000562825200390811
-0.5276979813722905,-0.5285517850665007,-0.5277399775499624
0.740878426593983,0.7465079900389042,0.7962986805215759
1.695628935178879,1.3283185451806956,1.8668690048724956
0.0,0.0,0.0
-1.3486592773284491,-1.3736346792316678,-1.40492012646474
0.0,0.0,0.0
-0.6931471805599453,-0.6931471805599453,-0.6931471805599453
0.0,0.0,0.0
1.3787617012314175,0.7928046871098398,1.5670673427873454
0.0,0.0,0.0
-0.6931471805599453,-0.6931471805599453,-0.6931471805599453
1.0483669669148923,0.9934543931647297,1.2208587724217699
0.8581867161204807,0.3848018829236504,0.9098802743989665
0.0,0.0,0.0
0.0,0.0,0.0
0.0,0.0,0.0
1.955823356097507,1.5833890238133885,2.091852979069967
0.5047659974546052,-0.13434033697020434,0.5715722814188572
0.0,0.0,0.0
-1.1296421123611202,-0.2706389855624168,-1.1128340053243255
0.0,0.0,0.0
0.0,0.0,0.0
0.0,0.0,0.0
0.5047659974545701,-0.13434033693407219,0.571572281413363
-0.6931471805599453,-0.6931471805599453,-0.6931471805599453
-0.16474708057011397,-0.1656006039842002,-0.16478913579811993
-1.3980120288860765,-0.6024267787343566,-1.595007704025297
-0.6931471805599453,-0.6931471805599453,-0.6931471805599453
0.0,0.0,0.0
-0.4364598140862271,-0.5854851119669456,-0.4196560580687973
0.0,0.0,0.0
0.6171111006436574,-0.5859979647319582,0.6298764968115003
0.0,0.0,0.0
-0.36384090532456265,-0.371485598201424,-0.33794788421244176
0.0,0.0,0.0
0.0,0.0,0.0
2.176037128265283e-14,-8.810396856556666e-12,-2.5732749265092967e-11
1.3521551532011902,0.7946508874084911,1.3950230773336114
-0.7311240757119384,-1.3223867566529366,-0.7691853715397885
-0.6931471805599453,-0.6931471805599453,-0.6931471805599453
0.0,0.0,0.0
0.0,0.0,0.0
0.1304611772500547,0.10561173617629337,0.21798828345009347
0.0,0.0,0.0
-0.03818008111823404,1.1068408912470458,0.03253262933543638
0.0947316995536297,0.4026406204206635,0.11776378414722985
0.8236083578100154,0.7987589167345005,0.911135463974114
-1.9149875865298924,-1.7679680174547971,-1.9531022501457285
0.8581867161204837,0.3848018829456501,0.9098802743989828
0.0,0.0,0.0
-0.6931471805599453,-0.6931471805599453,-0.6931471805599453
-0.6931471805599453,-0.6931471805599453,-0.6931471805599453
-0.7464133107407858,-1.1115898324612596,-0.7694667446129339
-0.6931471805599453,-0.6931471805599453,-0.6931471805599453
0.3092773979817589,-0.5169687265585057,0.28767257014508785
0.1734610441603056,0.21039594165564152,0.17029200642321077
0.0,0.0,0.0
-2.8692443370651297,-2.353805314618272,-3.0700990865772466
0.13046117725009876,0.10561173619315964,0.21798828342365215
-0.6931471805599453,-0.6931471805599453,-0.6931471805599453
-0.26594506596680156,-0.26678014156053304,-0.2659862134408148
0.13046117725011472,0.10561173617771727,0.2179882834266747
-0.6931471805599453,-0.6931471805599453,-0.6931471805599453
-0.6931471805599453,-0.6931471805599453,-0.6931471805599453
0.7812771361751031,0.7742735081359894,0.8188554954298165
-1.5513338966805048,-1.0779490635300386,-1.603027454963617
-0.16779943200105193,-0.19318595291696658,-0.0802987393499476
-0.5021874377220255,-0.5025172320402936,-0.502203682727991
0.0,0.0,0.0
-0.06465502805758723,-0.7638031829589693,-0.1353953142490234
0.858186716120594,0.3848018829406693,0.9098802743855424
-0.16474708057011397,-0.16560060640125152,-0.16478913579788362
0.0,0.0,0.0
0.0,0.0,0.0
-0.3879335808597493,-0.40263418164753456,-0.3648486685723022
0.20399334496621843,0.20263490392089667,0.20392641729006308
-0.7105601040025916,-0.23245725340566603,-0.6949775559018169
-0.8528161543417743,-0.6928733913512004,-0.8831803548585182
-1.3413681763513978,-1.2995485740289643,-1.3859559851693535
0.0,0.0,0.0
0.0,0.0,0.0
0.5916120547858714,0.5514944755051588,0.6398955153670939
-0.5276979813722905,-0.5285517856289605,-0.5277399775497812
0.5537180470604421,0.5554705292850447,0.5538042656709233
0.5047659974546177,-0.13434033696901435,0.5715722813674019
0.5965093448205635,0.7080841248003558,0.6342595755588767
0.48954681321351523,-0.11589020819977613,0.5103088941694871
1.1545896000819265,0.7763699823925291,1.1960121347928585
-0.8209321458399637,-1.291998862071653,-0.8429174850708153
0.0,0.0,0.0
0.4272021145931438,0.42636703899941225,0.4271609671191305
0.6029042452335966,0.22832951459069764,0.6511645557049813
-0.6931471805599453,-0.6931471805599453,-0.6931471805599453
-0.6931471805599453,-0.6931471805599453,-0.6931471805599453
-1.2208451619322358,-1.2216989656199502,-1.2208871581096048
-0.6931471805599453,-0.6931471805599453,-0.6931471805599453
0.0,0.0,0.0
0.8529507979941899,0.4084479337551346,0.9097906060295089
0.0,0.0,0.0
-0.6931471805599453,-0.6931471805599453,-0.6931471805599453
0.0,0.0,0.0
-0.8236083578100427,-0.798758916771317,-0.9111354640223673
-0.29944123928701516,-0.3003127381181871,-0.2994841735783636
-0.6931471805599453,-0.6931471805599453,-0.6931471805599453
0.5047659974546052,-0.13434033697020434,0.5715722814188572
0.46304295331470324,-0.2352513982611414,0.39234466330077966
0.0,0.0,0.0
-0.8236083578100531,-0.7987589167527436,-0.911135463996595
-1.2116074347864259,-0.9039441028132534,-1.2481882674126317
0.0,0.0,0.0
0.45976745248546413,0.42727331859126577,0.5731875797746051
-2.182901778359934,-1.8267707348386837,-2.2331843912878537
0.7378744134223922,0.25930524913692027,0.7549218167029633
-0.6931471805599453,-0.6931471805599453,-0.6931471805599453
-0.6931471805599453,-0.6931471805599453,-0.6931471805599453
-0.6931471805599453,-0.6931471805599453,-0.6931471805599453
0.0,0.0,0.0
-0.9914077898111033,-0.9919448722429677,-0.9914342033464637
0.0,0.0,0.0
-1.6422683045534205,-1.042144141148341,-1.7219851694787598
0.8581867161204878,0.3848018829404653,0.9098802744131895
-1.2357622975976976,-0.9234983078125524,-1.281140997453785
0.7391862118267857,0.6988649899145426,0.7907395206595457
-2.0110576209447077,-1.9690034318674172,-2.160218812203703
-0.6931471805599453,-0.6931471805599453,-0.6931471805599453
-0.9940344374579078,-0.4184426517502393,-1.0361720205372398
0.0,0.0,0.0
-0.463449342066881,-0.46376599090858606,-0.46346494014153894
-0.6931471805599453,-0.6931471805599453,-0.6931471805599453
0.5284000999898313,0.5275465737528006,0.5283580447620926
-0.6931471805599453,-0.6931471805599453,-0.6931471805599453
-0.9605919247624777,-1.3767467551578076,-0.9908713780893542
-0.6931471805599453,-0.6931471805599453,-0.6931471805599453
-0.8668638627609332,-0.979986547635528,-0.9072254838425456
0.7391862118267857,0.6988649899145426,0.7907395206595457
0.0,0.0,0.0
-0.4749897196025624,-0.3376001872701186,-0.46367372891231456
0.26340279493847596,-0.23468518479092632,0.3366422314894563
-0.6931471805599453,-0.6931471805599453,-0.6931471805599453
0.823608357810053,0.7987589167527436,0.911135463996595
-0.7854180785717336,-0.7440890620773978,-0.8619365884500366
0.0,0.0,0.0
-0.6931471805599453,-0.6931471805599453,-0.6931471805599453
-0.3638409053245727,-0.3714855982082268,-0.33794788421478367
-0.8581867161204837,-0.3848018829456502,-0.9098802743989827
-0.6931471805599453,-0.6931471805599453,-0.6931471805599453
0.5047659974545701,-0.13434033693407219,0.571572281413363
0.7430427834579842,0.44412980199826235,0.8595879359278888
0.0,0.0,0.0
-0.6931471805599453,-0.6931471805599453,-0.6931471805599453
-1.395448173133717,-1.1242475743065383,-1.4180119188421998
-0.5276979813722905,-0.5285517869779377,-0.5277399775500703
0.8236083578100347,0.7987589167583722,0.9111354640148843
-0.6931471805599453,-0.6931471805599453,-0.6931471805599453
0.0,0.0,0.0
1.5285497166082886,1.5140936344154001,1.5586955896842698
-0.6931471805599453,-0.6931471805599453,-0.6931471805599453
-0.6931471805599453,-0.6931471805599453,-0.6931471805599453
-0.009246347581566358,0.31353425981844546,0.0012252568518649925
1.2849024094664505,1.2284396249386516,1.3538533240974415
-0.5585138464208593,-0.14374990213158687,-0.5283028027556842
-0.463449342066881,-0.4637659906922239,-0.4634649401414625
-1.207933213468376,-0.9180814947195384,-1.2481243368549984
0.030815865048655293,-0.3848018829037907,0.0005628252566241452
0.0,0.0,0.0
-1.550101991593946,-1.0275227929820432,-1.5894009471333577
0.08411868218124036,0.6644185797852622,0.21714400601636016
0.7093655546863147,0.11862425866150425,0.693140053834158
-1.2116074347864259,-0.9039441028132534,-1.2481882674126317
0.0,0.0,0.0
-0.5276979813722905,-0.528551784697828,-0.5277399775498031
-1.2208451619322358,-1.2216989660928772,-1.2208871581096112
0.0721934348733148,-0.21215311833476286,0.11892643670000698
0.8236083578100347,0.7987589167583722,0.9111354640148843
-0.5724675134304257,-0.30988719414090926,-0.5758004119372906
-0.7872535363253582,-0.31353425981811367,-0.821163576329575
0.17124528870067093,0.27925925668600005,0.23866510617676015
0.08248497329779197,0.08397051362911644,0.08255809957273087
0.49758423494110143,0.9123484566809819,0.5277952195167986
-0.5734746302252876,-0.2927085870625062,-0.6161920184475749
-0.8257610561327672,-0.683601754207241,-0.9001352142854084
0.0,0.0,0.0
0.0,0.0,0.0
0.8720205773688443,0.5295596284223233,0.9557335408576112
-2.0020611378664492,-2.1996407973957934,-2.068467073129658
-0.6931471805599453,-0.6931471805599453,-0.6931471805599453
-2.011057620944658,-1.9690034317375384,-2.160218812182218
0.9016409186629378,0.998952356246148,0.8945974442515425
-0.26594506596679923,-0.26678021152790155,-0.2659862134448026
-0.8890025811691242,-2.1267432259945652e-11,-0.9104430996304108
-0.6931471805599453,-0.6931471805599453,-0.6931471805599453
0.0,0.0,0.0
-0.463449342066881,-0.46376599094719534,-0.4634649401414724
-0.17257785423128993,0.31527168044263787,-0.15049924472399775
0.0,0.0,0.0
-0.6778579455314786,-0.9039441028066332,-0.6928658075338299
0.0,0.0,0.0
-0.3794189853995883,-0.3932288087116967,-0.35700606957500713
