ho_likelihood,hol_likelihood,std_likelihood
0.8444296797336287,-0.1774326919404015,1.0472457739155472
-1.100920591345095,-1.13919761697612,-1.2600038903250417
-0.6509630781521296,-0.9476650361779164,-0.6923811750894724
1.3762085060544358,0.1807491179276172,1.604952612193467
-3.3027374563191323,-4.520642409559845,-2.7751872242674716
0.0,0.0,0.0
-1.9611888387938687,-3.5487020163606644,-1.5873580301046315
-1.3045246727897843,-1.919243178354596,-1.1714743801031406
-3.1780538303479458,-3.1780538303479453,-3.1780538303479458
1.0597206121715015,1.5147342429884245,1.5332928276157913
-6.124427176260686,-4.5244101874373905,-6.428481232389485
-0.0690812997346418,-0.3087224734732137,-0.37925189566211076
0.0,0.0,0.0
0.031048897794712968,-0.38526340090441696,0.0003976319980503422
-2.3500330488708885,-2.324198963137134,-2.0501370394602882
-1.088673905166768,-1.9911557873311283,-0.8935764124168216
0.0,0.0,0.0
-0.7195523370971919,0.2187346878498513,-0.9568139804131955
-1.791759469228055,-1.791759469228055,-1.791759469228055
-5.154389297808919,-4.910671263230383,-5.1864028454579865
-4.75885690517325,-4.845031644251614,-4.7626982049590385
-0.6931471805599453,-0.6931471805599453,-0.6931471805599453
0.0,0.0,0.0
-0.6931471805599453,-0.6931471805599453,-0.6931471805599453
-3.04685438478268,-2.2865316138788323,-2.986392647207018
-1.5510822885734104,-1.0784105814643603,-1.603211544131237
-1.791759469228055,-1.791759469228055,-1.791759469228055
-4.787491742782046,-4.787491742782046,-4.787491742782046
-1.8472941852898743,-2.1972717179463928,-1.8608763689944723
-4.787491742782046,-4.787491742782046,-4.787491742782046
-0.285059729574169,-0.29066560767203675,-0.22689392646196144
-1.791759469228055,-1.791759469228055,-1.791759469228055
-4.787491742782046,-4.787491742782046,-4.787491742782046
0.026405156537246535,-0.9118818684097966,0.2636667998532502
-3.7786996475344243,-3.1792853728592605,-4.295767280396109
-4.787491742782046,-4.787491742782046,-4.787491742782046
0.0,0.0,0.0
-2.664067891663161,-3.3501755141077334,-2.503821784167954
-2.702389105189093,-4.1266198090824915,-2.510813248270258
-3.1780538303479458,-3.1780538303479453,-3.1780538303479458
0.0,0.0,0.0
-3.398307526295687,-3.4084679772483306,-3.3532897177339556
-4.815281971237973,-4.950051027650405,-4.983578514613527
-0.6931471805599453,-0.6931471805599453,-0.6931471805599453
0.26408056421038084,-0.21873468784985128,0.3070619754547152
0.0,0.0,0.0
-3.833019768919279,-3.442558410315423,-4.085903184828742
-4.191453735010093,-4.208025199814466,-4.136854546904732
-0.6931471805599453,-0.6931471805599453,-0.6931471805599453
-1.4042188350568126,-2.059053172554482,-1.364854191283911
-0.6931471805599453,-0.6931471805599453,-0.6931471805599453
0.0,0.0,0.0
-5.3277349186700595,-4.897978598287953,-5.444737201490103
0.0,0.0,0.0
0.44281716738337107,-1.4018949503514502,0.8173095423283988
0.0,0.0,0.0
0.583654234201319,-0.29269922227348594,1.3482971473017071
-3.975648894586999,-4.108921597260782,-3.842240122543313
-5.023508834492508,-4.951611898096725,-5.1298849918352225
-0.6931471805599453,-0.6931471805599453,-0.6931471805599453
-3.2021067859972363,-3.19707312704974,-3.3484517255762785
-4.787491742782046,-4.787491742782046,-4.787491742782046
0.0,0.0,0.0
-3.1780538303479458,-3.1780538303479453,-3.1780538303479458
-1.791759469228055,-1.791759469228055,-1.791759469228055
-4.7564428448954414,-5.172755143833994,-4.787094110784883
0.0,0.0,0.0
-3.1780538303479458,-3.1780538303479453,-3.1780538303479458
-3.5770711812022817,-3.1737608996223816,-3.722013035822298
1.2770803564639481,0.3143184085481809,1.4756564768313276
-0.03104889790560398,0.3852634009316335,-0.00039763199749306337
-0.2637047318663821,-0.2677859586563427,-0.19663447802543788
-0.33369178625133256,-1.1165081958335823,-0.2630391732443815
-3.1780538303479458,-3.1780538303479453,-3.1780538303479458
-3.3276851753713976,-3.193123321759722,-3.349338644192343
0.0,0.0,0.0
-1.791759469228055,-1.791759469228055,-1.791759469228055
-1.791759469228055,-1.791759469228055,-1.791759469228055
-1.791759469228055,-1.791759469228055,-1.791759469228055
0.5275632017995768,0.529113431722492,0.5278306297996008
0.0,0.0,0.0
-2.8100302736951215,-2.8110195784433483,-2.8102013661819236
-4.787491742782046,-4.787491742782046,-4.787491742782046
-5.16707235128201,-5.281015062579005,-5.140409893270864
-6.484838812586658,-4.326341669194668,-6.97021156795998
-2.686429271760278,-3.3572174793229506,-2.540485566104699
-2.9212788947888235,-3.5111733982222524,-2.874010816749699
-1.2770803564639481,-0.3143184085481808,-1.4756564768313276
-2.6303216105466363,-2.6100426424284944,-2.6154420141680195
-3.6614217598565606,-3.3165853787867685,-3.828182112916498
-1.791759469228055,-1.791759469228055,-1.791759469228055
1.3214100177367527,-0.26128918188812883,1.7667316254611054
0.0,0.0,0.0
-1.791759469228055,-1.791759469228055,-1.791759469228055
-3.4323020615811943,-3.8349052140277187,-3.675620796507672
-3.5092183039277685,-4.067966352378878,-3.299057377146046
-4.787491742782046,-4.787491742782046,-4.787491742782046
0.0,0.0,0.0
-6.040787774521324,-5.04930182462971,-6.245935916137056
-3.0525290190505006,-3.4997470079907957,-2.768792762901755
-0.9368594000967055,-0.8390278136385187,-1.2478258980371943
-4.084406178720759,-4.986888060885119,-3.889308685970813
-4.3550097724626315,-3.102728823976598,-4.767302753244704
0.823853035346951,0.7979602685465722,0.9109511462996194
-4.659015279239616,-5.138819607961386,-4.713707289701935
-4.20078173797958,-3.447658458890723,-4.260294252160069
-0.33950808922822834,-0.7964246999707467,-0.17656578127944178
-0.6931471805599453,-0.6931471805599453,-0.6931471805599453
0.0,0.0,0.0
0.0,0.0,0.0
0.0,0.0,0.0
0.23127070737960295,-1.3402013741526886,0.5029183924188291
-0.7560796797900395,-0.7414251834979508,-0.4693931376430338
-2.662242060344358,-2.4562013699803886,-2.6769107098653815
-1.1272182010873149,-1.154348364235711,-1.1271369170618037
-3.1780538303479458,-3.1780538303479453,-3.1780538303479458
-3.1780538303479458,-3.1780538303479453,-3.1780538303479458
-4.787491742782046,-4.787491742782046,-4.787491742782046
0.0,0.0,0.0
-2.4445047624870315,-2.1336357649875666,-2.5353113609246427
-0.8874644450627461,-2.5549299136104606,-0.6285797350438083
0.0,0.0,0.0
-3.1780538303479458,-3.1780538303479453,-3.1780538303479458
-0.6931471805599453,-0.6931471805599453,-0.6931471805599453
-0.4633992666387266,-0.46397375561880805,-0.46349860177993674
-0.09964179277825633,-0.26299755863393226,-0.17623613010430836
-0.6931471805599453,-0.6931471805599453,-0.6931471805599453
-0.27046281377464226,-0.33053997261925566,0.03860677477811956
0.0,0.0,0.0
-0.6931471805599453,-0.6931471805599453,-0.6931471805599453
-5.0679032990073365,-5.093109669430527,-5.165162229405002
-1.791759469228055,-1.791759469228055,-1.791759469228055
-1.2362620003925575,-2.5712858679862993,-1.0537016380313768
0.0,0.0,0.0
0.0,0.0,0.0
0.0,0.0,0.0
-0.6931471805599453,-0.6931471805599453,-0.6931471805599453
-0.6931471805599453,-0.6931471805599453,-0.6931471805599453
-3.270810123278373,-3.401541176543373,-3.3540674631990117
-1.791759469228055,-1.791759469228055,-1.791759469228055
-4.787491742782046,-4.787491742782046,-4.787491742782046
0.0,0.0,0.0
-4.787491742782046,-4.787491742782046,-4.787491742782046
-0.6931471805599453,-0.6931471805599453,-0.6931471805599453
-0.6931471805599453,-0.6931471805599453,-0.6931471805599453
-1.1525197184031652,-1.1730301823282328,-1.0413665850519616
-0.6931471805599453,-0.6931471805599453,-0.6931471805599453
-3.5258567272962087,-3.223604967717759,-3.5572639833218256
-1.791759469228055,-1.791759469228055,-1.791759469228055
-1.791759469228055,-1.791759469228055,-1.791759469228055
-2.468910219798264,-1.8393643242507565,-2.6892044692651003
-1.5673971829130091,-0.3194460523570434,-1.7830701147395234
0.0,0.0,0.0
-0.9547201244764175,-2.6686786306356005,-0.6672594842353013
0.6717985768132265,0.7053147503082153,0.9956825636474809
-1.791759469228055,-1.791759469228055,-1.791759469228055
-0.3667647728466418,-0.9690956561670407,-0.20884929904370347
0.0,0.0,0.0
-1.791759469228055,-1.791759469228055,-1.791759469228055
-0.6777387460095613,-0.3526257680108877,-0.5930211537000858
-1.791759469228055,-1.791759469228055,-1.791759469228055
-6.011693417700332,-5.179080452518256,-6.305872329810614
0.37681589811668803,0.0330018636421253,0.4929146077603901
-0.4434551234934128,-1.3183136340346615,-0.1359828882826656
-4.4298962162151945,-4.486355313472743,-4.46708696524473
-0.7706279228309497,-1.674528715074689,-0.5008749421312432
-1.791759469228055,-1.791759469228055,-1.791759469228055
0.0,0.0,0.0
-5.670737699664976,-5.604885218545033,-6.074202102550882
-2.7730551681159366,-1.9736808138279576,-2.9547572278579337
0.857935108142691,0.3852634011195801,0.9100643635711824
-1.2835688191278005,-0.3526257680108877,-1.5124579561501843
-3.3276851753957004,-3.1931233217703054,-3.3493386441925077
-0.8760570285558105,-0.8355427850008533,-0.7771048473388773
0.0,0.0,0.0
-1.2126789876438402,-2.053569551075719,-1.069491846949079
-1.3332516128295555,-1.2637553884563346,-1.6695014849379384
-0.6931471805599453,-0.6931471805599453,-0.6931471805599453
-3.1780538303479458,-3.1780538303479453,-3.1780538303479458
-4.787491742782046,-4.787491742782046,-4.787491742782046
-1.791759469228055,-1.791759469228055,-1.791759469228055
-0.8874644450627461,-2.5549299136104606,-0.6285797350438083
-4.749161159217037,-4.835697351059337,-4.75616815593429
-4.957116195579064,-5.281679196014306,-4.948621327203784
-2.2352526845190246,-1.8643274088400195,-2.3132200799546654
-4.787491742782046,-4.787491742782046,-4.787491742782046
-3.060009892713427,-3.3105110046583914,-3.053408783135385
0.0,0.0,0.0
-1.791759469228055,-1.791759469228055,-1.791759469228055
2.635708088336964,1.4551063532075144,3.357789540987744
0.0,0.0,0.0
-2.2473365829548815,-2.4354766315130694,-1.992979626842354
-4.453322421373598,-3.3561116104665825,-4.815262592679548
-4.508441055672238,-5.085720263020151,-4.492525148001503
-2.9870030956113913,-3.0011415998404365,-2.9859588696662676
-1.07320167191181,-1.1134091019961398,-0.9256059088237427
0.0,0.0,0.0
-1.791759469228055,-1.791759469228055,-1.791759469228055
0.17982094410997565,0.21873468520162148,0.30515577069792776
-4.854088013514259,-4.640679605727267,-4.86698012586012
0.0,0.0,0.0
-0.6931471805599453,-0.6931471805599453,-0.6931471805599453
-2.1701753427035393,-2.8327274185165043,-2.1851841349720096
-2.0114723561526806,-1.9676540160071607,-2.1599030366200975
0.0,0.0,0.0
-1.791759469228055,-1.791759469228055,-1.791759469228055
-1.4647306772960824,-2.0152468154234824,-1.3711843714754954
-0.6931471805599453,-0.6931471805599453,-0.6931471805599453
0.0,0.0,0.0
-1.0988430862175977,-0.8084832474283513,-1.2804059320303198
-3.1780538303479458,-3.1780538303479453,-3.1780538303479458
-3.413317778345496,-3.446828741482503,-3.523766188768657
-3.606043180863451,-3.688395045480759,-3.556135818945068
0.3594553943086128,-0.42336101527363706,0.43010800731556387
-4.5821013283179655,-4.966140597353866,-4.5498486343310045
-0.032728471483131974,-0.9028172325959237,0.1320019491389891
-0.6931471805599453,-0.6931471805599453,-0.6931471805599453
-4.858783154275953,-3.965952624744694,-4.78839973398354
-0.7306548187678454,-2.737825814501762,-0.33743389294391296
-2.4137603737014945,-2.4438657594622617,-2.7696424439858616
-0.6931471805599453,-0.6931471805599453,-0.6931471805599453
-1.0556052375016822,-1.0742557088093403,-0.9713163909125124
-0.7293251370797268,-0.8787546190179663,-0.8043485140637463
1.4869327458622816,-0.29269922227348594,2.2394237389193137
-1.656757174894533,-1.7168343337391463,-1.347687586341771
-3.1780538303479458,-3.1780538303479453,-3.1780538303479458
-1.791759469228055,-1.791759469228055,-1.791759469228055
-3.1834083716498425,-2.0578335253057336,-3.5964226905786085
-1.791759469228055,-1.791759469228055,-1.791759469228055
0.0,0.0,0.0
-0.6931471805599453,-0.6931471805599453,-0.6931471805599453
-0.6931471805599453,-0.6931471805599453,-0.6931471805599453
-2.2181459941158757,-0.01864643807380794,-3.0200193190592888
-1.791759469228055,-1.791759469228055,-1.791759469228055
-0.6931471805599453,-0.6931471805599453,-0.6931471805599453
0.0,0.0,0.0
0.33363897631528155,0.28400127476780673,0.5339433452563713
-1.791759469228055,-1.791759469228055,-1.791759469228055
-1.791759469228055,-1.791759469228055,-1.791759469228055
-1.791759469228055,-1.791759469228055,-1.791759469228055
0.0,0.0,0.0
-4.787491742782046,-4.787491742782046,-4.787491742782046
-1.8914012620063114,-2.0547570278619873,-1.9679955993323635
-0.43652242128412483,-1.265436414826636,-0.4111734164135043
-0.2386474545922033,-0.2694392104825776,-0.1547109985044819
-1.791759469228055,-1.791759469228055,-1.791759469228055
-3.7652902954156926,-3.490049548434806,-4.1360664463282815
-4.900383365277155,-5.095295363056621,-5.0372364602902815
-4.749531002068228,-4.744647269951777,-4.737877018267275
-1.1359308907600745,-1.3731922299210908,-1.0657113163504939
-1.8271498455823112,-2.8762770023223396,-1.8524236923461073
-1.791759469228055,-1.791759469228055,-1.791759469228055
1.6854645393863599,0.008663470806005788,1.9101066819596901
-0.6931471805599453,-0.6931471805599453,-0.6931471805599453
0.0,0.0,0.0
-0.6931471805599453,-0.6931471805599453,-0.6931471805599453
-4.653010724244347,-5.127357423839698,-4.3439356145439065
-4.771085168832113,-5.189990707832282,-4.862115779377817
-3.297960833155558,-1.4028671299722602,-3.8255434271719997
-4.787491742782046,-4.787491742782046,-4.787491742782046
-0.6931471805599453,-0.6931471805599453,-0.6931471805599453
-3.1780538303479458,-3.1780538303479453,-3.1780538303479458
-4.787491742782046,-4.787491742782046,-4.787491742782046
-3.1780538303479458,-3.1780538303479453,-3.1780538303479458
-2.5142321754031203,-2.2520474960734553,-2.8362296650347076
-3.941973745389515,-3.2851181425343747,-4.1372648772012965
-0.7511812134531467,-0.3846393270682892,-0.7426280861890733
-1.791759469228055,-1.791759469228055,-1.791759469228055
-1.026786156875227,-0.9771484553277522,-1.2270905258163167
-2.1015248506449336,-2.1459703698370896,-2.2407583112778613
0.22995745345557989,0.23099992675500466,0.4448229344766232
-1.5607560108526588,-1.170237665833747,-1.6696257069239626
-3.0482486139860963,-3.4225331426201904,-3.071864488114313
-4.787491742782046,-4.787491742782046,-4.787491742782046
-3.1780538303479458,-3.1780538303479453,-3.1780538303479458
-1.1563936259603034,-2.0994581989358774,-1.0290444365907632
0.0,0.0,0.0
-0.6931471805599453,-0.6931471805599453,-0.6931471805599453
-2.6697265799917353,-2.506786203131865,-2.887385978754772
-0.6931471805599453,-0.6931471805599453,-0.6931471805599453
0.13070585478604474,0.10481308715482472,0.21780396573966768
0.3026978128649992,-0.354210900609036,0.29571748122463026
-1.791759469228055,-1.791759469228055,-1.791759469228055
-1.3097980426258127,-0.875186222764698,-1.524523653385685
-0.6931471805599453,-0.6931471805599453,-0.6931471805599453
-1.4719837154093816,-1.4728217497170006,-1.4721286360833863
-1.791759469228055,-1.791759469228055,-1.791759469228055
-2.294106974526321,-2.0077760382381404,-2.6168344183841743
-0.6931471805599453,-0.6931471805599453,-0.6931471805599453
-0.857935108142691,-0.38526340111958,-0.9100643635711823
0.3875406341712424,-0.26729370332642666,0.426905277944144
0.0,0.0,0.0
-3.1462626038431583,-3.3248150273391044,-3.1980243130228385
-4.787491742782046,-4.787491742782046,-4.787491742782046
-3.1780538303479458,-3.1780538303479453,-3.1780538303479458
-1.3883447920991894,-0.8575862769980457,-1.483123524234157
-4.75291966186112,-5.115986136965673,-4.701232827413437
-3.1780538303479458,-3.1780538303479453,-3.1780538303479458
-0.6036063546159548,-0.18074911792761705,-0.7979795019119673
-0.6722775473117254,-0.8284817647143443,-0.692764246222364
-1.791759469228055,-1.791759469228055,-1.791759469228055
0.27352431639907665,-0.2419301524666872,0.778397660730635
-4.787491742782046,-4.787491742782046,-4.787491742782046
0.0,0.0,0.0
1.6608647346177203,0.2731642956825164,2.332087555359761
-0.6931471805599453,-0.6931471805599453,-0.6931471805599453
-3.1780538303479458,-3.1780538303479453,-3.1780538303479458
0.9001192164155154,0.13074554378463202,0.9108303789412768
-0.48824944343826154,-0.2673340209188064,-0.7638669359824177
-0.6931471805599453,-0.6931471805599453,-0.6931471805599453
-0.6931471805599453,-0.6931471805599453,-0.6931471805599453
-4.787491742782046,-4.787491742782046,-4.787491742782046
-1.791759469228055,-1.791759469228055,-1.791759469228055
-0.6931471805599453,-0.6931471805599453,-0.6931471805599453
-0.6931471805599453,-0.6931471805599453,-0.6931471805599453
-2.2352526845190246,-1.8643274088400195,-2.3132200799546654
-1.791759469228055,-1.791759469228055,-1.791759469228055
-5.217047399547075,-4.744647270175184,-5.4628079099220015
0.0,0.0,0.0
0.3969764773788994,0.28659718388466254,0.8485566392474451
-0.6931471805599453,-0.6931471805599453,-0.6931471805599453
-3.680854417392476,-3.4087736161025592,-3.752277343297677
-1.0227279076316345,-0.26960462854277717,-1.0822404218121235
-2.354200794935831,-2.3800935619519614,-2.267102684048393
1.5206786887698223,-0.9733085473248064,1.8462292338785549
-2.9592011479435176,-3.4923722388961265,-2.995907053347854
-1.791759469228055,-1.791759469228055,-1.791759469228055
-4.433268549250117,-4.427376218046598,-4.563081502515523
-1.7934979292405004,-1.8428118496930472,-1.8040071490368872
0.009938383501341632,-0.8925434986630185,0.20503587625128808
-1.3751814619384224,-2.3078062790802814,-1.3261783586536935
-1.791759469228055,-1.791759469228055,-1.791759469228055
0.0,0.0,0.0
-4.426598860971391,-4.42585890515785,-4.490460591829025
-3.1780538303479458,-3.1780538303479453,-3.1780538303479458
-3.684449176340953,-3.4099721464306114,-3.909290264042609
-0.6931471805599453,-0.6931471805599453,-0.6931471805599453
-0.6931471805599453,-0.6931471805599453,-0.6931471805599453
0.0,0.0,0.0
-4.787491742782046,-4.787491742782046,-4.787491742782046
0.0,0.0,0.0
0.8143457348581334,-0.2463504240359256,0.968357947805018
-4.565990954184095,-5.27402622549708,-4.758611442751996
-4.957498606062498,-4.7432990234116525,-5.053755048565596
-0.29131777796331293,-1.3082804759216764,0.5535323466716564
-4.625194644640438,-5.194357868889899,-4.673379722789125
-3.7379663482072076,-3.3464250218224616,-3.965863258077872
-4.787491742782046,-4.787491742782046,-4.787491742782046
-1.791759469228055,-1.791759469228055,-1.791759469228055
-1.0356797894380154,-1.0503342857301041,-1.3223663315850211
-1.791759469228055,-1.791759469228055,-1.791759469228055
-4.711551063677224,-5.0175412546124845,-4.7375416436336355
-3.1780538303479458,-3.1780538303479453,-3.1780538303479458
-7.124932865221494,-6.9271944745170595,-7.536454951035739
-4.787491742782046,-4.787491742782046,-4.787491742782046
-0.12915375960122058,-2.4138684086119784,0.14934029911269286
-1.791759469228055,-1.791759469228055,-1.791759469228055
-1.791759469228055,-1.791759469228055,-1.791759469228055
-4.787491742782046,-4.787491742782046,-4.787491742782046
-1.4551883053296035,-2.1363574837783545,-1.4343372915460484
-0.6931471805599453,-0.6931471805599453,-0.6931471805599453
-1.6535147129980627,-1.929005578207803,-1.6463066842415215
-3.311075003235889,-3.1787679449884485,-3.402604640980713
-1.851149929999745,-1.932924215902298,-1.2334443869528575
-1.1423742105805987,-2.4442047123211257,-0.9471620107658032
-3.1780538303479458,-3.1780538303479453,-3.1780538303479458
0.0,0.0,0.0
-1.8746570910563196,-1.962773963851794,-1.4224925785063518
0.0,0.0,0.0
-2.8642275319768964,-1.092423290083014,-2.858122298556852
-5.24398673298625,-5.126407834991855,-5.503673030775565
-1.9429967402113575,-1.9436190220160292,-1.943104021054053
0.0,0.0,0.0
-3.8328387735668934,-3.8933149280412658,-3.598996373030718
-1.791759469228055,-1.791759469228055,-1.791759469228055
-3.1780538303479458,-3.1780538303479453,-3.1780538303479458
-0.03104889790560398,0.3852634009316335,-0.00039763199749306337
-1.791759469228055,-1.791759469228055,-1.791759469228055
0.0,0.0,0.0
1.4645494084272224,1.3425449905535753,2.0337098678243146
-4.429404731290649,-4.431722535005828,-4.474831583176965
-1.791759469228055,-1.791759469228055,-1.791759469228055
-1.791759469228055,-1.791759469228055,-1.791759469228055
-3.1780538303479458,-3.1780538303479453,-3.1780538303479458
-0.6931471805599453,-0.6931471805599453,-0.6931471805599453
-5.505942002820411,-2.3460841590295667,-6.47076695261374
-1.856738782490392,-1.8643274087679274,-1.8875575020732394
-0.6931471805599453,-0.6931471805599453,-0.6931471805599453
0.0,0.0,0.0
0.0,0.0,0.0
-2.1660339680705074,-2.1633012315713387,-2.165562444707115
-1.9715804133380306,-2.0104941544296766,-2.0969152399259827
-1.791759469228055,-1.791759469228055,-1.791759469228055
-2.0721710254533456,-2.0973773958765363,-2.1694299558510113
-1.791759469228055,-1.791759469228055,-1.791759469228055
-0.1714806647426433,-1.439959707394478,0.6715695586001298
-3.1780538303479458,-3.1780538303479453,-3.1780538303479458
-3.1780538303479458,-3.1780538303479453,-3.1780538303479458
-3.236210185525988,-3.3383393287768133,-3.25228741137426
-0.26718328817669895,0.2696046285427772,-0.41131661577929673
0.0,0.0,0.0
-1.7669280761632504,-1.834269069198247,-1.7662163693370714
-3.0215502863946386,-2.9932650681810022,-3.071257913098562
-1.791759469228055,-1.791759469228055,-1.791759469228055
-1.4027924849917088,-1.936304780589026,-1.322469871385552
-3.4453367442989737,-3.175571128780944,-3.6574992631791554
-4.429404731290649,-4.431722535005828,-4.474831583176965
-3.1780538303479458,-3.1780538303479453,-3.1780538303479458
-6.9662934579491145,-6.888349267267285,-7.233093922166222
-1.07320167191181,-1.1134091019961398,-0.9256059088237427
-1.2082247645337694,-3.781486588340014,-0.900834883717521
-0.6931471805599453,-0.6931471805599453,-0.6931471805599453
-0.6931471805599453,-0.6931471805599453,-0.6931471805599453
0.0,0.0,0.0
-1.469794876225672,-3.021871371845257,-0.9770327370429005
-3.1780538303479458,-3.1780538303479453,-3.1780538303479458
-0.6931471805599453,-0.6931471805599453,-0.6931471805599453
-3.1600231576332622,-3.6551443156217682,-3.2529046357341587
0.0,0.0,0.0
1.387691078230264,0.18203904220475278,1.6362266767428602
-0.6931471805599453,-0.6931471805599453,-0.6931471805599453
0.4428171879892516,-1.401894949260387,0.8173094529194127
-4.787491742782046,-4.787491742782046,-4.787491742782046
-4.787491742782046,-4.787491742782046,-4.787491742782046
-4.787491742782046,-4.787491742782046,-4.787491742782046
0.0,0.0,0.0
-3.792897107279584,-5.240528985801316,-3.5506376600432685
1.0578677365055225,1.0751306974220094,1.259961622073033
-1.791759469228055,-1.791759469228055,-1.791759469228055
0.0,0.0,0.0
-5.9433307867760625,-5.417168086196355,-6.078464208946541
0.0,0.0,0.0
-6.181218890663013,-5.7366976981192686,-6.607106331515516
0.0,0.0,0.0
-3.1780538303479458,-3.1780538303479453,-3.1780538303479458
-0.8238530353459901,-0.79796026771477,-0.9109511462996129
-0.7306548187678454,-2.737825814501762,-0.33743389294391296
0.2068540223970528,0.18838993035762597,0.5349897278174187
0.5158117700035879,0.7218524603675568,0.5011431204825643
-3.1780538303479458,-3.1780538303479453,-3.1780538303479458
-4.787491742782046,-4.787491742782046,-4.787491742782046
-0.6931471805599453,-0.6931471805599453,-0.6931471805599453
0.0,0.0,0.0
-3.2203744124470943,-3.264104971262352,-3.3331607518690984
-1.791759469228055,-1.791759469228055,-1.791759469228055
-2.3260248967975374,-4.377516621889268,-2.0029798240721126
-0.3809947622590719,-1.1196100128585642,-0.3046999561515888
-3.2326849931976045,-3.1737608996223816,-3.294862041320613
-3.3982646753427925,-3.3065690354632036,-3.7037362497045017
-4.5232163666111305,-5.039005697611571,-4.496757953452203
0.6440485726383173,0.2524543001780142,0.9828018901692627
-0.46485556887985435,-0.5466298547824076,0.15284997416703286
-0.6931471805599453,-0.6931471805599453,-0.6931471805599453
-0.4290666101665715,-0.9118818657615669,-0.38608528902094474
0.20744787704229567,-1.2383751057538759,0.4683714847577341
-0.01028109807626691,-0.2314691746998476,-0.06712610694982146
0.0,0.0,0.0
-0.6931471805599453,-0.6931471805599453,-0.6931471805599453
-0.6931471805599453,-0.6931471805599453,-0.6931471805599453
-1.851149929999745,-1.932924215902298,-1.2334443869528575
-1.791759469228055,-1.791759469228055,-1.791759469228055
-0.6931471805599453,-0.6931471805599453,-0.6931471805599453
-4.787491742782046,-4.787491742782046,-4.787491742782046
-2.936718508981721,-2.8807407004827486,-3.132750226863204
-1.791759469228055,-1.791759469228055,-1.791759469228055
-3.1780538303479458,-3.1780538303479453,-3.1780538303479458
-3.1780538303479458,-3.1780538303479453,-3.1780538303479458
-1.4389239897339077,-1.337894364566514,-1.9664336549006933
-0.6931471805599453,-0.6931471805599453,-0.6931471805599453
-0.6931471805599453,-0.6931471805599453,-0.6931471805599453
-0.21702029415810098,-0.23567231536523642,-0.12762216146892957
-3.1780538303479458,-3.1780538303479453,-3.1780538303479458
-5.401387688389422,-5.171136676471932,-5.693131547390578
-4.787491742782046,-4.787491742782046,-4.787491742782046
-0.5318204802077621,-0.6615226676344311,-0.194213221313255
-4.787491742782046,-4.787491742782046,-4.787491742782046
-3.7607055859718344,-3.810343286997362,-3.560401217038782
-1.791759469228055,-1.791759469228055,-1.791759469228055
-2.9868623068888835,-2.9879505249891714,-2.985635056949864
-0.6931471805599453,-0.6931471805599453,-0.6931471805599453
-1.7711676854443932,-2.064328650308225,-1.7914943987983913
-0.6931471805599453,-0.6931471805599453,-0.6931471805599453
0.6182452692202662,0.375799483064826,1.2159031624977152
-0.6931471805599453,-0.6931471805599453,-0.6931471805599453
-0.6931471805599453,-0.6931471805599453,-0.6931471805599453
0.0,0.0,0.0
0.0,0.0,0.0
-4.970349887912058,-4.749401025539723,-5.040959353316766
0.14274847936876944,-2.3776168479224027,0.4214184065087319
0.3026978128649992,-0.354210900609036,0.29571748122463026
-0.6931471805599453,-0.6931471805599453,-0.6931471805599453
-3.1358697220857135,-3.432571687956654,-3.1772878149779
-1.5647304654154788,-2.0834394718561273,-1.4681586143228726
-1.0722071184436506,-2.010494156448016,-0.8349455537683003
-3.7169447775225897,-3.35243390968732,-3.824484998549409
-3.1780538303479458,-3.1780538303479453,-3.1780538303479458
1.9932229076088122,-0.11239222051102443,2.3624972324305826
-3.1780538303479458,-3.1780538303479453,-3.1780538303479458
-4.8633891662179565,-5.137379862154854,-5.014843184245459
-1.665475194372839,-0.8084832463092497,-1.9129996480922895
-1.208749271607429,-3.855205461070764,-0.901653622566144
0.0,0.0,0.0
-1.791759469228055,-1.791759469228055,-1.791759469228055
-1.3883447920991894,-0.8575862769980457,-1.483123524234157
-4.787491742782046,-4.787491742782046,-4.787491742782046
-3.1780538303479458,-3.1780538303479453,-3.1780538303479458
-2.1736127685028723,-4.307177899771941,-1.7661190204880868
-3.309312725638698,-3.510857503484476,-3.3431257327043364
-0.6931471805599453,-0.6931471805599453,-0.6931471805599453
-2.61941163063,-1.8424238947272857,-2.9519877889880854
-1.0518093515991913,-2.7131275552854697,-0.7118911660189111
0.0,0.0,0.0
-4.793901608088916,-4.848045889627501,-4.874080418983584
-4.787491742782046,-4.787491742782046,-4.787491742782046
-3.2455536844251136,-2.37887792184468,-3.17891540367358
-3.8481323877268516,-4.284072553273729,-3.2017000495681924
-4.997107333109034,-4.783203814261299,-5.091358571193518
-3.1780538303479458,-3.1780538303479453,-3.1780538303479458
-3.966978756014235,-3.352087746323662,-4.146895202091418
-4.287439444568452,-4.463594419525855,-4.282264250086466
-3.1780538303479458,-3.1780538303479453,-3.1780538303479458
-5.191512128575256,-5.178772627337672,-5.305149238432328
-1.4719837154093816,-1.4728217497170006,-1.4721286360833863
0.0,0.0,0.0
-4.787491742782046,-4.787491742782046,-4.787491742782046
-0.6931471805599453,-0.6931471805599453,-0.6931471805599453
0.0,0.0,0.0
-4.8038042012684805,-4.880210804847334,-4.908178866378956
0.0,0.0,0.0
-5.5541255208038836,-5.112912320328256,-5.9378529059914404
-3.1780538303479458,-3.1780538303479453,-3.1780538303479458
-2.6827518018638403,-3.1614962171885286,-2.5333240286508207
-1.791759469228055,-1.791759469228055,-1.791759469228055
-1.3321342465888844,-1.3233825000172281,-1.2490037454354044
-1.791759469228055,-1.791759469228055,-1.791759469228055
-2.4084103312939225,-1.9737985114328078,-2.6231359420537945
-4.070161006314826,-3.2605193681106703,-4.27692268727787
-1.0360819491930182,-0.38890412626969,-1.226022457152879
0.8238530353459901,0.79796026771477,0.9109511462996129
-3.4813344471297043,-3.4644970924712575,-3.541439766710355
-1.4042188350568126,-2.059053172554482,-1.364854191283911
0.0,0.0,0.0
-1.791759469228055,-1.791759469228055,-1.791759469228055
-2.291961142897713,-2.368477726152493,-2.290956585789892
-0.7282842400963018,-0.859375099413115,-0.9006454023162406
-2.4072536991546674,-4.232133379618078,-2.107702438603207
-2.009973731224936,-1.8652814836180962,-2.217926643493605
-3.546941812645627,-3.702135538096296,-3.5724698101547094
-4.035988938501608,-3.56331723117117,-4.08811819391917
-4.033676434353299,-3.328337288382153,-4.188440974540412
-1.9032949919325537,-1.6010450832071301,-1.8290921932867883
-0.5684524836538919,-0.8370079419624347,-0.5084891279065759
0.4872208279165747,0.4168934017335742,0.8112085934896424
0.0,0.0,0.0
-0.6931471805599453,-0.6931471805599453,-0.6931471805599453
-0.6931471805599453,-0.6931471805599453,-0.6931471805599453
-2.641400336401756,-2.0055062390504004,-2.748984472254896
-4.787491742782046,-4.787491742782046,-4.787491742782046
-0.6931471805599453,-0.6931471805599453,-0.6931471805599453
-3.309312725638698,-3.510857503484476,-3.3431257327043364
-0.6931471805599453,-0.6931471805599453,-0.6931471805599453
-1.2221379570264723,-0.24635042403592589,-1.2792682844999348
0.0,0.0,0.0
-3.496398602777548,-2.7777565127595505,-3.5561601855231992
-6.055152080292974,-5.147239373174053,-6.247182378388727
-5.267596444947879,-4.742448688523119,-5.583633712141975
0.24122278397426017,0.31034077721630104,0.317051625435321
-4.739249075080326,-4.737855661898406,-4.7364151680209075
-2.6316933228760733,-2.646489314056505,-2.5831328646818617
0.0,0.0,0.0
-1.791759469228055,-1.791759469228055,-1.791759469228055
0.0,0.0,0.0
0.0,0.0,0.0
-1.2632243493152102,-1.2647726732590188,-1.2634921785341728
-4.787491742782046,-4.787491742782046,-4.787491742782046
-3.1780538303479458,-3.1780538303479453,-3.1780538303479458
0.0,0.0,0.0
-2.8057699578055133,-3.9587164170083255,-2.5103871883536453
-3.3478802828362015,-5.09375676258304,-2.9805708739665207
0.0,0.0,0.0
-0.6931471805599453,-0.6931471805599453,-0.6931471805599453
-1.7695826424196057,-0.36944902576963223,-1.8329433105373698
-1.970020844360708,-2.695164674128431,-1.6510534552686742
-5.331866345835032,-4.682220647996176,-5.472378308403818
-0.6931471805599453,-0.6931471805599453,-0.6931471805599453
-5.307576440401578,-4.9356779484176565,-5.499059264244971
-5.18462728323916,-4.795652880939332,-5.321037030564439
-1.791759469228055,-1.791759469228055,-1.791759469228055
-3.1780538303479458,-3.1780538303479453,-3.1780538303479458
-2.4742707475705235,-1.302335339355156,-2.6158252374487785
0.0,0.0,0.0
0.0,0.0,0.0
-3.614149752324607,-4.029845162587273,-3.261097585174235
-4.557139019746032,-4.520438686099227,-4.550052251983401
0.0,0.0,0.0
0.0,0.0,0.0
0.3918555307328276,0.21129035130768603,0.6556665015931156
0.0,0.0,0.0
-3.6362625059331934,-3.3203882501785844,-3.8059056892678695
-0.8244960332083873,-2.809558332328343,-0.4892284557668389
-3.1780538303479458,-3.1780538303479453,-3.1780538303479458
-1.791759469228055,-1.791759469228055,-1.791759469228055
-5.262522081758556,-4.744129755755273,-5.5875186187665244
-2.567907910134739,-1.4680183506833104,-2.781315940344734
-3.236210185525988,-3.3383393287768133,-3.25228741137426
-1.791759469228055,-1.791759469228055,-1.791759469228055
0.0,0.0,0.0
0.27352431639907665,-0.2419301524666872,0.778397660730635
-4.787491742782046,-4.787491742782046,-4.787491742782046
-0.6931471805599453,-0.6931471805599453,-0.6931471805599453
-0.8244960332083873,-2.809558332328343,-0.4892284557668389
0.8852042280298195,0.6125267352821891,0.9872416151769376
-0.6931471805599453,-0.6931471805599453,-0.6931471805599453
-4.784622039829717,-4.7432990234116525,-4.770305999518452
-3.5114728406493207,-2.0131126362535547,-3.999007798068343
-2.900911491416239,-3.410452012093144,-2.8351274289707415
-0.6931471805599453,-0.6931471805599453,-0.6931471805599453
-4.619384226430458,-5.401144820292159,-4.736501105672836
-5.022120524035125,-4.737484185969673,-5.130028440649554
-3.1780538303479458,-3.1780538303479453,-3.1780538303479458
0.0,0.0,0.0
-1.791759469228055,-1.791759469228055,-1.791759469228055
-0.6931471805599453,-0.6931471805599453,-0.6931471805599453
-3.0988675345373307,-3.9659526247446966,-3.0113820961487945
-6.930296055856419,-4.2044755026253,-7.9050437968618565
-3.1780538303479458,-3.1780538303479453,-3.1780538303479458
-3.1780538303479458,-3.1780538303479453,-3.1780538303479458
-5.568875857761789,-4.848045890514248,-5.806037537433134
-3.1780538303479458,-3.1780538303479453,-3.1780538303479458
-0.8404507271695291,-2.8120951423144067,-0.5304155716138619
0.1986365238740775,-0.23099992675500458,0.15346820290707275
-4.753888022545425,-4.996026434948393,-4.78687898535401
-2.986862306888918,-2.9879505250294494,-2.985635056949864
-1.791759469228055,-1.791759469228055,-1.791759469228055
-4.787491742782046,-4.787491742782046,-4.787491742782046
-4.4547792172309375,-4.463338770411861,-4.469017208580575
-0.6931471805599453,-0.6931471805599453,-0.6931471805599453
-1.791759469228055,-1.791759469228055,-1.791759469228055
1.265356997669585,-0.2623168444342432,1.9087287023669568
-0.3875406341712425,0.26729370332642666,-0.42690527794414407
-6.312691170001359,-4.869790710077362,-6.761835047957558
-6.010646716151377,-5.9517270163320966,-6.277533038136912
-1.0473293817461138,-2.5542276407243762,-0.9300428203494452
-5.435075750528876,-4.8823429172995,-5.584125262049901
-2.357192698305117,-2.6766535007580394,-2.2460507809438353
0.031048897989219417,-0.385263400823223,0.00039763199794890815
-0.21254359453763258,-0.398657835529801,0.5439471617930778
-4.789560284080575,-4.801016766198202,-4.7410275770828365
-2.093401776596148,-4.058224003056468,-1.7032490958906732
-3.1780538303479458,-3.1780538303479453,-3.1780538303479458
-5.166708526678103,-4.949854457116404,-5.311544630513536
-4.787491742782046,-4.787491742782046,-4.787491742782046
-2.6632056252518854,-4.388993091248111,-2.358408578488682
0.1711302066200078,-0.4094230087444247,0.5938671356201751
-0.4189868647752998,-1.0457230865077716,-0.1398606560036585
0.0,0.0,0.0
-0.6931471805599453,-0.6931471805599453,-0.6931471805599453
-3.352721627412368,-3.749556792499016,-2.903207041964705
-4.787491742782046,-4.787491742782046,-4.787491742782046
1.1087955715041133,0.29906391989205344,1.2450404877160077
-2.014360666595713,-3.078604105472089,-2.609474255020216
-3.3246684038909082,-4.560866098747076,-2.5108641222534915
-0.6931471805599453,-0.6931471805599453,-0.6931471805599453
-3.1780538303479458,-3.1780538303479453,-3.1780538303479458
0.0,0.0,0.0
-3.926950637265379,-4.431069150977766,-3.7876294831862825
-1.791759469228055,-1.791759469228055,-1.791759469228055
-0.9913230228518797,-0.9922982662114646,-0.9914912205676917
-1.2362620002572036,-2.5712858684307816,-1.053701637925108
-0.6931471805599453,-0.6931471805599453,-0.6931471805599453
-0.32721006080083254,-0.4492144786744796,0.24195039859625955
0.6717985768132265,0.7053147503082153,0.9956825636474809
0.0,0.0,0.0
0.0,0.0,0.0
-1.791759469228055,-1.791759469228055,-1.791759469228055
-2.216655827822409,-4.519806916514541,-1.8220985629725925
-1.7188359879337278,-2.053569551075719,-1.7540412788290745
-3.1780538303479458,-3.1780538303479453,-3.1780538303479458
-1.780865706368222,-1.8513194784383387,-1.7858096560468197
0.0,0.0,0.0
-1.791759469228055,-1.791759469228055,-1.791759469228055
-4.802250123736842,-4.740159543517122,-4.874581804462359
-4.787491742782046,-4.787491742782046,-4.787491742782046
0.0,0.0,0.0
0.06380338074715208,0.06592855710847162,0.0641700390315079
-1.5592240498420753,-2.9247570487454735,-1.3896145038098775
-0.9176763527731775,-0.9408390424626363,-1.0162148334118493
-0.9231046340155252,-0.9241471073149499,-1.1379701150365684
-5.198145075858127,-5.030328842806331,-5.34418363527608
0.0,0.0,0.0
-2.204408196258288,-1.2383751057538757,-2.133594077681076
0.49149184545525754,0.2953348393045078,0.6580966864805325
-1.791759469228055,-1.791759469228055,-1.791759469228055
-2.6496683064508413,-4.326341669194668,-2.330071077447452
-0.34290925724949334,0.30561792641336943,-0.3788571945469907
-0.42873484544549423,0.03720644679757877,-0.6772629535443537
-0.8369529010001292,-1.393667737705838,-0.4651088472021305
0.0,0.0,0.0
-3.1292600995588473,-3.490049303682541,-3.177160288422465
-1.791759469228055,-1.791759469228055,-1.791759469228055
1.0519111855092702,-0.9247760773948362,1.456243145672746
-3.1780538303479458,-3.1780538303479453,-3.1780538303479458
-0.09964179277825633,-0.26299755863393226,-0.17623613010430836
-0.6931471805599453,-0.6931471805599453,-0.6931471805599453
1.3406656814529825,-0.9650853386402977,1.6336932283149743
-3.1780538303479458,-3.1780538303479453,-3.1780538303479458
0.0,0.0,0.0
-3.1487691917349445,-3.300664877916592,-3.1626308583132343
0.0,0.0,0.0
-0.7907483441772333,-2.9310425622908785,-0.47459153556897565
-2.91397325249645,-3.3967885175679062,-2.870991916313338
0.0,0.0,0.0
-1.791759469228055,-1.791759469228055,-1.791759469228055
0.13070585478604474,0.10481308715482472,0.21780396573966768
-0.364941466720746,-0.4218499728363816,-0.33114273159427904
-0.6931471805599453,-0.6931471805599453,-0.6931471805599453
-4.4449520919487995,-4.437554951171509,-4.510448090243093
-1.1525197184031652,-1.1730301823282328,-1.0413665850519616
-1.791759469228055,-1.791759469228055,-1.791759469228055
-3.833275317282222,-2.3539537348454056,-4.5859822903563865
-2.474297722885692,-2.100481942701269,-2.864396535628066
0.0,0.0,0.0
-3.9926756122045446,-4.135734311673258,-3.8208756649310502
-4.787491742782046,-4.787491742782046,-4.787491742782046
0.0,0.0,0.0
-4.787491742782046,-4.787491742782046,-4.787491742782046
-3.989764331357973,-4.587674808125004,-3.940076756778631
-0.6931471805599453,-0.6931471805599453,-0.6931471805599453
-0.6931471805599453,-0.6931471805599453,-0.6931471805599453
-1.791759469228055,-1.791759469228055,-1.791759469228055
-1.791759469228055,-1.791759469228055,-1.791759469228055
-2.5260327294073743,-2.402293564604288,-2.5799427554100967
-4.787491742782046,-4.787491742782046,-4.787491742782046
-4.688652559175543,-5.022635485090618,-4.7353455349530496
-0.6931471805599453,-0.6931471805599453,-0.6931471805599453
-4.096804575367516,-3.4155717083197787,-4.209463235228092
-4.117211215697644,-4.109238332205346,-4.054887982817521
0.0,0.0,0.0
0.0,0.0,0.0
-4.787491742782046,-4.787491742782046,-4.787491742782046
0.0,0.0,0.0
-3.1780538303479458,-3.1780538303479453,-3.1780538303479458
-1.791759469228055,-1.791759469228055,-1.791759469228055
-1.2285548063845737,-0.949123519067228,-1.451850283968134
-0.6931471805599453,-0.6931471805599453,-0.6931471805599453
0.0,0.0,0.0
-2.8278411612267544,-2.8246087554495274,-2.827281929385028
-3.0988675345552568,-3.9659526252891673,-3.011382096148876
-2.906127339653319,-2.701239704094286,-2.9352709493235514
-4.427511505260498,-4.452588535747725,-4.4408305349107
-5.026371476017292,-4.979182277090486,-5.175440642267454
-2.7867310020736737,-2.2464610344339007,-2.908846490212149
-1.791759469228055,-1.791759469228055,-1.791759469228055
-2.9840577666878074,-3.731078538069015,-2.932265801891809
0.0,0.0,0.0
-0.5363194424950964,-0.8575862769980457,-0.5215538953785922
-0.07330937678211864,-1.6644780958717107,0.3097355339331231
-1.786812633858928,-1.8901368145420165,-1.7916932345610612
-1.2548953474048201,-0.8390278136385187,-1.7360070997933246
-1.9166979854294541,-1.9886180104673652,-2.015288517434373
-3.1780538303479458,-3.1780538303479453,-3.1780538303479458
-0.6931471805599453,-0.6931471805599453,-0.6931471805599453
-4.787491742782046,-4.787491742782046,-4.787491742782046
0.0,0.0,0.0
-0.32721006080083254,-0.4492144786744796,0.24195039859625955
1.3033967239036497,1.21527986440075,1.755561324789361
-2.8562754014863145,-4.219677423339382,-2.7678721887922086
0.3557515673473663,-0.2766471510800505,0.4257781269861187
-3.607123727648632,-3.677451165605986,-3.283135957234191
-0.6931471805599453,-0.6931471805599453,-0.6931471805599453
-0.3056065463887029,-0.9604408838863719,-0.2662419026158013
-3.2291027030104424,-3.36820663903859,-2.9758887131771234
-1.791759469228055,-1.791759469228055,-1.791759469228055
-3.1780538303479458,-3.1780538303479453,-3.1780538303479458
-0.6931471805599453,-0.6931471805599453,-0.6931471805599453
-3.0138181551968337,-3.2968976154822736,-2.99626047823842
-5.090189125697179,-4.863363085364866,-5.189489527100206
-3.1780538303479458,-3.1780538303479453,-3.1780538303479458
-0.727926083022376,-1.0672563290340242,-0.6579743945352223
0.0371272421583787,-1.1714002924597093,0.33156557196496717
-1.5541777221676218,-1.951864087542257,-1.4746484041093155
-1.1346012761507802,-1.4060914874239843,-1.0489357117085512
-0.3090009768527615,-0.9024635488180887,-0.10766912386847075
0.5285351199128723,0.5269868164576256,0.528267290693884
-4.787491742782046,-4.787491742782046,-4.787491742782046
-0.6931471805599453,-0.6931471805599453,-0.6931471805599453
-1.619624431013808,-2.001429521264033,-1.6505465509570691
-4.490404571978456,-5.006739132203046,-4.4617896996321615
-3.1780538303479458,-3.1780538303479453,-3.1780538303479458
0.21526434084789275,-0.19939631810307326,0.22696826999533296
-1.791759469228055,-1.791759469228055,-1.791759469228055
-3.1780538303479458,-3.1780538303479453,-3.1780538303479458
0.7042415176428641,-1.3823248710664084,1.2092837795419107
-0.6931471805599453,-0.6931471805599453,-0.6931471805599453
-0.6931471805599453,-0.6931471805599453,-0.6931471805599453
-0.6931471805599453,-0.6931471805599453,-0.6931471805599453
-2.7278155368561077,-3.339282239412676,-2.6309570091915253
-3.1780538303479458,-3.1780538303479453,-3.1780538303479458
-2.3542007950019554,-2.3800935626331756,-2.2671026840483326
0.0,0.0,0.0
-1.8884297377588855,-1.1378740855154166,-1.8649576117070448
-3.1780538303479458,-3.1780538303479453,-3.1780538303479458
-0.6113914540946411,-0.681718892051995,-0.2874036836802002
0.3425326088780702,0.3571871051701587,0.6292191510250759
-4.5542465136014085,-4.492345839124375,-4.55937708434385
-4.9527100197594365,-4.578984710622204,-4.7365599885025125
-0.6931471805599453,-0.6931471805599453,-0.6931471805599453
0.0,0.0,0.0
-3.3830328350239203,-3.1748076277526796,-3.482189714353346
-0.6931471805599453,-0.6931471805599453,-0.6931471805599453
-0.6931471805599453,-0.6931471805599453,-0.6931471805599453
-3.1051303490536184,-3.4398639121956096,-3.140335639948965
0.3389837259882544,-1.4680183506833104,0.6330161596206861
-2.347765296707394,-1.8611976333819487,-2.4835295747604658
-1.791759469228055,-1.791759469228055,-1.791759469228055
-3.1780538303479458,-3.1780538303479453,-3.1780538303479458
-0.6931471805599453,-0.6931471805599453,-0.6931471805599453
-1.7662151437709768,-1.9360531374809835,-1.7699487585295453
0.0,0.0,0.0
-3.0860238762273116,-3.226263235274287,-2.643511948580947
-2.2601316696666993,-1.1207086041410719,-2.167472950866295
-1.791759469228055,-1.791759469228055,-1.791759469228055
-3.1780538303479458,-3.1780538303479453,-3.1780538303479458
-1.791759469228055,-1.791759469228055,-1.791759469228055
-4.497182281811998,-4.903816509392487,-4.455010802979444
-3.2594370134754467,-3.2786938095039138,-3.3234539506351832
-2.9898163210262787,-2.9872127153501227,-3.0126046732856664
-4.572227401934153,-4.986888060885119,-4.560523472786713
0.44281716738337107,-1.4018949503514502,0.8173095423283988
0.0,0.0,0.0
0.0,0.0,0.0
-3.406645468846157,-3.1936969159359734,-3.505339750457885
-0.1028103487959955,-0.988482019864453,0.03466067813190784
0.21880022063595006,-1.5007959649895593,0.8344976117620727
-3.1780538303479458,-3.1780538303479453,-3.1780538303479458
-5.2366117230249545,-5.492895184043729,-5.499713708381049
0.0,0.0,0.0
-0.6931471805599453,-0.6931471805599453,-0.6931471805599453
-4.787491742782046,-4.787491742782046,-4.787491742782046
-3.5351225697057154,-3.1814275980109676,-3.6555285208868558
0.0,0.0,0.0
-1.0360819491930182,-0.38890412626969,-1.226022457152879
-1.791759469228055,-1.791759469228055,-1.791759469228055
-0.6931471805599453,-0.6931471805599453,-0.6931471805599453
-4.917836694699617,-4.668555971684051,-6.277079748387454
-4.787491742782046,-4.787491742782046,-4.787491742782046
-1.8248925349685738,-0.969095656167007,-1.6558504037756752
-2.6704368956202584,-1.936304780589026,-2.855784265410531
-0.6931471805599453,-0.6931471805599453,-0.6931471805599453
-2.113011782436949,-1.9600153168412136,-1.8196637482006672
-3.5747398024039794,-3.4103740591508482,-3.8023524622928817
-0.6931471805599453,-0.6931471805599453,-0.6931471805599453
-0.6931471805599453,-0.6931471805599453,-0.6931471805599453
-1.791759469228055,-1.791759469228055,-1.791759469228055
-3.312235114267914,-2.8937491434184204,-3.759967558556307
-0.6931471805599453,-0.6931471805599453,-0.6931471805599453
-4.949043300050842,-5.019889924527244,-5.053438080547103
-5.226241955219225,-4.7432054562802906,-5.501831687427693
0.5903368317639498,-0.29533483930450777,0.7278078586918532
0.0,0.0,0.0
-0.6931471805599453,-0.6931471805599453,-0.6931471805599453
-1.791759469228055,-1.791759469228055,-1.791759469228055
-3.0897452869829656,-2.7359841789973918,-2.8789405293535504
-3.1780538303479458,-3.1780538303479453,-3.1780538303479458
-1.791759469228055,-1.791759469228055,-1.791759469228055
0.0,0.0,0.0
1.3425552820588393,0.31428139745448724,1.5312494873453744
-3.9444176919185177,-4.6682521361726605,-4.192036077734354
-4.787491742782046,-4.787491742782046,-4.787491742782046
1.378030714900354,0.21227345589083282,1.4239926634703663
-1.6871055559486223,-2.3532528776858035,-1.653256350691892
-0.6931471805599453,-0.6931471805599453,-0.6931471805599453
-1.2114307416436099,-0.9042187458494161,-1.2483195219644592
0.0,0.0,0.0
-3.42272678070876,-3.2101558058245527,-3.62792402511947
-2.5142321754031203,-2.2520474960734553,-2.8362296650347076
-2.1761035694265054,-3.7958477930385843,-1.8285646600024004
0.0,0.0,0.0
-5.169198272311721,-4.942860423102996,-5.3692337042798775
-4.787491742782046,-4.787491742782046,-4.787491742782046
0.0,0.0,0.0
0.0,0.0,0.0
-0.8200044544986337,-0.6447766298606397,-0.93506960581188
-3.505912085201968,-3.176065904685165,-3.6511413774417902
-4.854243940837597,-4.272767472552048,-5.49453011738616
-1.791759469228055,-1.791759469228055,-1.791759469228055
-2.2316053362047428,-1.9158129120581588,-2.387311743227013
-0.6931471805599453,-0.6931471805599453,-0.6931471805599453
-4.787491742782046,-4.787491742782046,-4.787491742782046
-1.2071166818474548,-2.0938821825687977,-1.0751941906819324
-5.591143563750363,-5.90108265099202,-6.439700410392941
-4.780235821105687,-4.845031644251614,-4.824540135256722
-0.5903368317639498,0.2953348393045078,-0.7278078586918532
-4.081364605701746,-4.491391637617789,-3.5489253466690993
-0.7690288499542103,-1.3891309223593504,-0.6914262050162651
-0.6931471805599453,-0.6931471805599453,-0.6931471805599453
-4.787491742782046,-4.787491742782046,-4.787491742782046
0.0,0.0,0.0
-2.5084072138314357,-2.4623783708410634,-2.44437686317328
-0.6931471805599453,-0.6931471805599453,-0.6931471805599453
-4.627229887777207,-4.436333996148035,-4.718872278185844
-1.925185674696486,0.027908863902477873,-2.41400203132701
-3.666303273786207,-3.445387851266752,-3.9419207663303633
-3.0827997674611676,-3.2786938095039138,-3.070195339289325
-4.038246168922698,-3.4829781389073595,-4.209719850935735
-4.781040409918278,-4.910671263202247,-4.787405634225158
0.0,0.0,0.0
0.0,0.0,0.0
-3.13586972794013,-3.4325716859659163,-3.1772878248774727
0.0,0.0,0.0
-2.933998307230428,-1.3276993147430107,-3.2413480321822368
-4.787491742782046,-4.787491742782046,-4.787491742782046
-2.043213699381482,-0.8787546190179663,-2.270970224968828
-2.0670919661428897,-2.3929176066147892,-1.8055352895763568
0.0,0.0,0.0
-0.8756974998103241,-1.3759246944756534,-0.8148688768308365
-0.7428999744791662,-0.9663114762424617,-1.0182576054739476
1.3406656814529825,-0.9650853386402977,1.6336932283149743
-1.791759469228055,-1.791759469228055,-1.791759469228055
-1.80312960001336,-1.7629926214938072,-1.783636467118777
-0.6931471805599453,-0.6931471805599453,-0.6931471805599453
0.0,0.0,0.0
1.2786754545036,0.2953348393045078,1.4764831309936859
-3.1780538303479458,-3.1780538303479453,-3.1780538303479458
-0.2637047318663821,-0.2677859586563427,-0.19663447802543788
-3.65396742435245,-2.943285108726504,-3.459694036523193
-1.791759469228055,-1.791759469228055,-1.791759469228055
-4.787491742782046,-4.787491742782046,-4.787491742782046
-2.5025356264877354,-2.1671063806709974,-2.7443134012599444
-4.824115246939178,-4.815882162648749,-4.855386919806227
-5.180715070379745,-4.818081281973005,-5.472374526723572
-3.1780538303479458,-3.1780538303479453,-3.1780538303479458
1.3110722740691023,1.1736698054603176,1.7878438156200704
-2.8880642516394754,-1.3402013741526888,-3.16676016237994
-3.1780538303479458,-3.1780538303479453,-3.1780538303479458
1.2325774605920448,1.1778416571569408,1.5689127342457512
0.3841462037071838,-0.20931636825814337,0.5854780566914746
-3.1780538303479458,-3.1780538303479453,-3.1780538303479458
-1.8883652807344387,-4.2833442408190905,-1.3471326128804146
-1.9287958939912175,-1.8611976333819487,-1.9987821266413535
-4.817739098930644,-4.740434238442901,-4.854966207809022
-3.1729968042318206,-3.178402556774957,-3.1734510013256765
0.0,0.0,0.0
-4.4355256230065745,-4.353347296047306,-4.47427740269903
-5.628576504908184,-5.032370539189903,-5.753063182497591
-4.787491742782046,-4.787491742782046,-4.787491742782046
-0.6931471805599453,-0.6931471805599453,-0.6931471805599453
-3.19679271830531,-3.2037006357404545,-3.2308825194060495
-2.508831411599791,-4.280360674011957,-2.154095924817353
-1.791759469228055,-1.791759469228055,-1.791759469228055
-0.6931471805599453,-0.6931471805599453,-0.6931471805599453
-1.791759469228055,-1.791759469228055,-1.791759469228055
-1.791759469228055,-1.791759469228055,-1.791759469228055
-1.791759469228055,-1.791759469228055,-1.791759469228055
-1.4323040749194422,-2.215120484501692,-1.3616514619124913
-0.6931471805599453,-0.6931471805599453,-0.6931471805599453
-1.791759469228055,-1.791759469228055,-1.791759469228055
-4.084406178720759,-4.986888060885119,-3.889308685970813
0.0,0.0,0.0
-3.320167591981398,-4.129839361055042,-2.9233789426484336
-4.74953100108297,-4.744647270175184,-4.737877017224415
-4.787491742782046,-4.787491742782046,-4.787491742782046
0.0,0.0,0.0
0.20744787704229567,-1.2383751057538759,0.4683714847577341
-4.016311219963527,-3.9113077294365355,-4.661208091745683
-3.1767237289379544,-3.1830454833761412,-3.1838126576141415
-0.3056065463887029,-0.9604408838863719,-0.2662419026158013
-4.787491742782046,-4.787491742782046,-4.787491742782046
-1.3472685348005888,-2.1522737266362664,-1.220413528722138
-1.7260344942888894,-2.087094308532563,-1.7585132874832876
-0.6931471805599453,-0.6931471805599453,-0.6931471805599453
-3.847536140786202,-4.655234073862116,-3.8182770563975192
-0.6931471805599453,-0.6931471805599453,-0.6931471805599453
-0.5951875878935898,-0.7017975148156621,-0.25469959856649793
-0.6931471805599453,-0.6931471805599453,-0.6931471805599453
-3.179663788932937,-3.209912620878106,-3.1736523411936868
-3.2664898777189855,-3.1735933781696413,-3.3077176687552026
-3.246407613933536,-3.182521721257521,-3.2582865744174985
-4.787491742782046,-4.787491742782046,-4.787491742782046
-3.1780538303479458,-3.1780538303479453,-3.1780538303479458
-3.221160371669512,-3.2215280427436253,-3.2212237043063143
-3.1780538303479458,-3.1780538303479453,-3.1780538303479458
-0.6931471805599453,-0.6931471805599453,-0.6931471805599453
-4.806835714648189,-4.849643054546306,-4.922348267130293
-1.4544171785034674,-1.353674158413074,-1.5612324583743056
-2.468910224988337,-1.8393643249600895,-2.689204392363239
-4.480048885238805,-5.1029904755773305,-4.434124801880827
-2.631693322878797,-2.646489313737838,-2.5831328646818847
-2.6191298481859575,-2.5712858684307816,-2.4366108812559517
-3.043330187090259,-4.2266072342541845,-2.985065799888034
-5.0052072682131,-5.012555310047746,-5.151558215685782
0.0,0.0,0.0
-0.6931471805599453,-0.6931471805599453,-0.6931471805599453
0.0,0.0,0.0
-0.6573500219421559,-0.8325959270179903,-0.6744659075558322
0.5152197142729794,0.26203101433822795,0.8336317962365469
-4.490228670287026,-5.086814936207843,-4.437444040972345
-4.4363965365767,-3.6915969145685232,-4.786062133720201
-3.6883520518255137,-3.4325716859659163,-3.86438450276436
-4.822032452770847,-4.924995211048555,-4.9372422154305236
-4.787491742782046,-4.787491742782046,-4.787491742782046
-1.791759469228055,-1.791759469228055,-1.791759469228055
-4.787491742782046,-4.787491742782046,-4.787491742782046
-4.698126178888232,-4.910156384926621,-4.713378075394881
-1.5204695064644609,-1.5179473809282862,-1.520033183167704
-3.1780538303479458,-3.1780538303479453,-3.1780538303479458
0.0,0.0,0.0
-3.1780538303479458,-3.1780538303479453,-3.1780538303479458
-4.492886400261608,-4.958303965013248,-4.349717796782468
0.0,0.0,0.0
0.0,0.0,0.0
-1.791759469228055,-1.791759469228055,-1.791759469228055
-1.786812633861815,-1.8901368145830844,-1.791693234561116
-4.494964673127401,-5.233903207568854,-4.480301113560424
-4.425699520464759,-4.426713372347321,-4.452066767530835
-1.791759469228055,-1.791759469228055,-1.791759469228055
-5.960281505728807,-5.353469833279781,-6.256336088853332
-2.3028620511128657,-1.9427629437030736,-2.517083405678031
0.010281098076266816,0.2314691746998477,0.0671261069498214
-4.787491742782046,-4.787491742782046,-4.787491742782046
-5.1372879424365765,-5.101709394414994,-5.288242545073105
-1.791759469228055,-1.791759469228055,-1.791759469228055
0.0008271489889965014,-0.056727850948081006,0.3103330608384738
-2.4749682662866586,-3.3774501484510187,-2.2798707735367123
-1.791759469228055,-1.791759469228055,-1.791759469228055
-4.858783154275953,-3.965952624744694,-4.78839973398354
-5.311227284058092,-4.8790344921087865,-5.398059112630671
-0.020295076966760753,0.10725380036192417,0.01787767921436819
-3.6673367223716737,-3.367315157306001,-3.704230666359285
-4.787491742782046,-4.787491742782046,-4.787491742782046
-3.2157251343623043,-2.255731650330461,-3.0239507304212614
0.32702879193197265,-0.22348734619542762,0.42057509775255963
-3.8459844423925715,-3.4102298312376673,-4.022800758144182
-3.1780538303479458,-3.1780538303479453,-3.1780538303479458
0.40220494421460673,-0.18074911792761705,0.5061962036958684
0.0,0.0,0.0
-4.29024183217752,-4.2064565474968285,-4.264783248810764
-4.312959587408341,-5.025020523400594,-4.213581429033528
-3.572575009180425,-3.1834927085194353,-3.691078709734557
-3.1780538303479458,-3.1780538303479453,-3.1780538303479458
0.0,0.0,0.0
0.0,0.0,0.0
-4.389889112863019,-4.307177899771941,-4.127565475828559
0.0,0.0,0.0
-1.791759469228055,-1.791759469228055,-1.791759469228055
-1.791759469228055,-1.791759469228055,-1.791759469228055
-0.6931471805599453,-0.6931471805599453,-0.6931471805599453
-3.1780538303479458,-3.1780538303479453,-3.1780538303479458
-2.4477794076296218,-3.6563069422477095,-2.153341077823033
-0.06206922002627073,-1.6345412351747504,0.31209236298969334
-3.1780538303479458,-3.1780538303479453,-3.1780538303479458
-1.5510822885734104,-1.0784105814643603,-1.603211544131237
-0.6931471805599453,-0.6931471805599453,-0.6931471805599453
-3.1780538303479458,-3.1780538303479453,-3.1780538303479458
-2.4072536991546674,-4.232133379618078,-2.107702438603207
-1.0959663774549344,-1.5441890313760236,-0.9896047376451117
-4.787491742782046,-4.787491742782046,-4.787491742782046
-2.2352526845190246,-1.8643274088400195,-2.3132200799546654
-1.791759469228055,-1.791759469228055,-1.791759469228055
-3.9674872882834125,-4.142715112921406,-3.8524221369701657
-5.153219907903668,-5.011669083197744,-5.569661317827433
-0.6931471805599453,-0.6931471805599453,-0.6931471805599453
-0.6931471805599453,-0.6931471805599453,-0.6931471805599453
-0.6931471805599453,-0.6931471805599453,-0.6931471805599453
-1.8923962830750085,-1.837382864653059,-1.9976819969478845
-3.1780538303479458,-3.1780538303479453,-3.1780538303479458
-1.791759469228055,-1.791759469228055,-1.791759469228055
-3.0061100360091184,-3.436973738386171,-3.097488419024941
0.0,0.0,0.0
-3.4760992930018344,-3.7185450791572747,-2.8784413997243856
-0.6931471805599453,-0.6931471805599453,-0.6931471805599453
-3.7379663482072076,-3.3464250218224616,-3.965863258077872
-2.63169332286412,-2.6464893138468772,-2.583132864681833
-4.787491742782046,-4.787491742782046,-4.787491742782046
-1.791759469228055,-1.791759469228055,-1.791759469228055
-4.9472953104448765,-4.903816509392487,-5.042270266103307
0.0,0.0,0.0
-4.787491742782046,-4.787491742782046,-4.787491742782046
-1.791759469228055,-1.791759469228055,-1.791759469228055
0.0,0.0,0.0
-3.221160371669505,-3.2215280378667273,-3.221223704306314
-0.29802490069044946,-0.293604364618243,-0.2497191998397957
0.0,0.0,0.0
0.0,0.0,0.0
-0.6931471805599453,-0.6931471805599453,-0.6931471805599453
-1.856738782490392,-1.8643274087679274,-1.8875575020732394
-0.7771817808905966,-0.8160822477561634,-0.8349353494319801
-5.27261355622164,-5.1808854934103055,-5.313622704529645
-0.9001512351011552,-0.8084292446236523,-0.8412391241692019
-4.859996796093795,-4.926686312086809,-5.016760894106312
-1.791759469228055,-1.791759469228055,-1.791759469228055
-0.6931471805599453,-0.6931471805599453,-0.6931471805599453
-0.6931471805599453,-0.6931471805599453,-0.6931471805599453
-0.6931471805599453,-0.6931471805599453,-0.6931471805599453
-3.883073910237162,-3.92719714143728,-3.683241977530503
0.0,0.0,0.0
1.5212966554534126,1.4612194966087992,1.8303662440061748
-1.3630561804989503,-1.2450989426211203,-1.2337588768251324
-2.357192698305117,-2.6766535007580394,-2.2460507809438353
0.0,0.0,0.0
-2.1590785799758434,-1.968420357973562,-2.2971356087300885
-4.787491742782046,-4.787491742782046,-4.787491742782046
-0.6931471805599453,-0.6931471805599453,-0.6931471805599453
1.3500665188215362,0.185607438458021,1.577823044408883
-1.791759469228055,-1.791759469228055,-1.791759469228055
-1.1296178685282154,-1.2492560343300771,-0.5159763075289071
-0.9458122030807026,-1.2705279547729331,-0.6825887536802885
-3.5974863024856445,-3.598781908487438,-3.5977097822799164
-1.7760802614914768,-1.8424238947272857,-1.795906451945299
-2.3193226710274986,-2.3208728998414485,-2.3195900990276552
0.27064715937857786,0.9811500988494865,0.20482865607844514
-4.82773425648124,-4.351216025649111,-4.78800210198549
-0.44092272477649574,-0.8516780385925674,-0.3940445149876018
-5.671050496974673,-5.358620828621669,-5.869949584642586
-2.337009959917445,-4.108921391060699,-2.067529465958806
-4.676395894648832,-4.944043588054851,-4.687354602011016
-4.787491742782046,-4.787491742782046,-4.787491742782046
-4.865458123795282,-4.841666300269162,-4.922527556533348
-1.6513013384628803,-2.0118721238198245,-1.674085674522625
-4.750442844251364,-5.001147696256314,-4.7986159804474395
1.099466004204907,0.42915323809407085,1.8494402677842714
-3.1780538303479458,-3.1780538303479453,-3.1780538303479458
-0.6931471805599453,-0.6931471805599453,-0.6931471805599453
-0.6931471805599453,-0.6931471805599453,-0.6931471805599453
-2.810030273695089,-2.811019596795715,-2.810201366181924
-3.669049375031024,-4.3809845814856665,-4.279444434083403
-0.9550489830829847,-0.38412725753897736,-0.9074571256732581
0.8238530353459901,0.79796026771477,0.9109511462996129
-4.787491742782046,-4.787491742782046,-4.787491742782046
-0.6931471805599453,-0.6931471805599453,-0.6931471805599453
-2.508831411599791,-4.280360674011957,-2.154095924817353
-3.9698412763904396,-3.4567673571345052,-4.01296250162179
0.6728521035931846,0.8004009809218695,0.7110248597743135
-1.8175475581347313,-1.811806979729522,-1.839115224956901
-0.6931471805599453,-0.6931471805599453,-0.6931471805599453
-1.1054293785038434,-1.1735648424169767,-0.9458815671618491
-0.6931471805599453,-0.6931471805599453,-0.6931471805599453
0.0,0.0,0.0
-3.1780538303479458,-3.1780538303479453,-3.1780538303479458
-0.7338917327225326,-0.7166287718060456,-0.5317978471550223
0.0,0.0,0.0
0.0,0.0,0.0
-4.787491742782046,-4.787491742782046,-4.787491742782046
0.0,0.0,0.0
-4.872634055248235,-4.7399898972707595,-4.896921939985623
0.0,0.0,0.0
-3.1780538303479458,-3.1780538303479453,-3.1780538303479458
-0.6931471805599453,-0.6931471805599453,-0.6931471805599453
-4.787491742782046,-4.787491742782046,-4.787491742782046
1.387691078230264,0.18203904220475278,1.6362266767428602
-3.4466695099089857,-3.58690324718324,-2.932234650633608
-5.43420781898988,-4.86491660144472,-5.663384452910585
0.0,0.0,0.0
-1.791759469228055,-1.791759469228055,-1.791759469228055
-4.9970254202384785,-4.741169090687235,-5.112767352404999
-4.227675302504907,-4.970099803517702,-4.046940015502779
-1.791759469228055,-1.791759469228055,-1.791759469228055
-1.1577105622696318,-0.9334684165241356,-1.1728190533109188
-0.6931471805599453,-0.6931471805599453,-0.6931471805599453
-5.415667305415561,-4.231054756403446,-5.4058348790309685
-6.992128844365776,-4.430145877792868,-7.971531513498209
1.1013452634219758,0.3056179266484813,1.2257407359744417
-2.900911491416239,-3.410452012093144,-2.8351274289707415
-0.4883627383324842,-0.5764795960176717,-0.036198244103738335
-0.6931471805599453,-0.6931471805599453,-0.6931471805599453
-1.9999120315250496,-2.165630613451942,-1.821805761339184
-1.2169428536646074,-1.076736736862705,-1.3395330905066862
-4.941979997521218,-4.739497318756272,-4.985492389034936
-0.6931471805599453,-0.6931471805599453,-0.6931471805599453
-1.760710571433342,-2.177022870132472,-1.7913618372300049
0.0,0.0,0.0
-0.9368594000967055,-0.8390278136385187,-1.2478258980371943
0.0,0.0,0.0
-1.791759469228055,-1.791759469228055,-1.791759469228055
-2.827460003119378,-4.325225000784363,-2.820036457688008
-4.787491742782046,-4.787491742782046,-4.787491742782046
-1.1834780660479056,-2.363795809418109,-1.0194436509487887
-1.5469354432266567,-2.008959964865189,-1.5211546426664155
-2.165473008706095,-2.6368174080920497,-2.081125016139109
-5.226241955219225,-4.7432054562802906,-5.501831687427693
-1.2691494730906365,-1.2634239625139876,-1.2247394475524507
-4.654941192235324,-4.915777101999873,-4.635894444952966
-0.5080100264534931,-1.1181176002302657,-0.4898817995414101
-1.791759469228055,-1.791759469228055,-1.791759469228055
-2.7709956302243763,-3.407324273161582,-2.6873982844688347
-2.11137476314137,-1.9785370307264318,-2.1679382830290796
-3.5084733098112397,-4.358533122473092,-3.3126407512798086
0.06380338074724687,0.0659285996202874,0.06417003903150938
-2.0689106558753996,-2.091322642608465,-1.8103722546517635
-4.9872824158321265,-4.740156549803972,-5.1580550387657285
-1.791759469228055,-1.791759469228055,-1.791759469228055
1.2782734388542774,0.7195253904031674,1.4884343656360002
0.18163141932320312,-1.4096502401102529,0.5218485274419711
-1.9715804194081006,-2.0104941570779062,-2.096915156041773
-1.791759469228055,-1.791759469228055,-1.791759469228055
-3.687021950415523,-3.4375633389941123,-3.870143330030556
-3.1780538303479458,-3.1780538303479453,-3.1780538303479458
-1.791759469228055,-1.791759469228055,-1.791759469228055
-3.1780538303479458,-3.1780538303479453,-3.1780538303479458
0.504439474564772,-0.13369194335371506,0.5718092051780465
-4.787491742782046,-4.787491742782046,-4.787491742782046
-0.6931471805599453,-0.6931471805599453,-0.6931471805599453
-4.272636157120876,-3.3747545829108594,-4.464469795514636
0.5275632017994434,0.5291134306133934,0.5278306297996
-0.6931471805599453,-0.6931471805599453,-0.6931471805599453
0.0,0.0,0.0
-4.391929053929142,-5.354869910529591,-4.131182868463753
-0.6931471805599453,-0.6931471805599453,-0.6931471805599453
0.0,0.0,0.0
-1.791759469228055,-1.791759469228055,-1.791759469228055
-3.582610509462933,-3.502040620294075,-3.6190497737060396
0.10752579760937618,-0.36414653557348514,0.4304834965757119
-0.5737921108522614,-0.18560743845802094,-0.7723166060321927
-4.787491742782046,-4.787491742782046,-4.787491742782046
-3.1780538303479458,-3.1780538303479453,-3.1780538303479458
-4.787491742782046,-4.787491742782046,-4.787491742782046
-0.6931471805599453,-0.6931471805599453,-0.6931471805599453
-1.2114307416436099,-0.9042187458494161,-1.2483195219644592
-4.067939391997641,-5.006226430002006,-3.8306778273222912
-3.1780538303479458,-3.1780538303479453,-3.1780538303479458
-2.9419672274038846,-3.5688060498278658,-2.964524149715293
-1.2811953509461327,-1.2633854743992283,-1.2384062506075377
-0.857935108153662,-0.3852634008232242,-0.9100643635712248
-0.6931471805599453,-0.6931471805599453,-0.6931471805599453
-4.787491742782046,-4.787491742782046,-4.787491742782046
-1.7448245359414498,-1.5347335211003545,-1.6254437339145176
-5.6206520633903185,-4.96324511597406,-5.719528509795622
-4.698126178888232,-4.910156384926621,-4.713378075394881
-0.5812323697045365,0.23004951183043873,-0.7172098579164069
-0.6931471805599453,-0.6931471805599453,-0.6931471805599453
-3.4485806213468035,-3.2151633983504553,-3.654924576038357
-4.758293618851113,-4.8823287658323915,-4.762295328449792
-0.6931471805599453,-0.6931471805599453,-0.6931471805599453
-0.4449508119162568,-0.8325959270179903,-0.3958522093742627
-1.791759469228055,-1.791759469228055,-1.791759469228055
-4.097100084046833,-3.408791036860119,-4.273226229403936
-2.8944832121571342,-4.1082659939457935,-2.7815083686756226
-1.7373314629641041,-0.38412725753897736,-2.013669483564269
-3.2115360817727843,-3.1743166322965464,-3.2142617888558704
-1.791759469228055,-1.791759469228055,-1.791759469228055
0.0,0.0,0.0
-0.6931471805599453,-0.6931471805599453,-0.6931471805599453
-1.2948858554639038,-0.2545178576087085,-1.502532448839306
-0.6931471805599453,-0.6931471805599453,-0.6931471805599453
-2.649694577310511,-2.1770228702800067,-2.701823832798851
-4.787491742782046,-4.787491742782046,-4.787491742782046
1.0721541551351075,-1.112904438015214,1.5145266972899831
-4.46362446800517,-4.467521471457049,-4.462272936992196
-1.3046812958753569,-2.102361883425304,-1.2251394472987842
0.0,0.0,0.0
0.0,0.0,0.0
-5.067121366090285,-4.325204338016474,-5.37932241117941
-1.9459176387562165,-1.3570743307480184,-2.0068289141046107
-1.1090305559892675,-2.9235615925384826,-0.8676341612558753
-1.791759469228055,-1.791759469228055,-1.791759469228055
-3.1780538303479458,-3.1780538303479453,-3.1780538303479458
-4.61914718687883,-4.950063307414078,-4.610225611992731
0.0,0.0,0.0
-4.67744461110799,-5.576392359787758,-5.049528700334169
-3.1780538303479458,-3.1780538303479453,-3.1780538303479458
-2.025254504155936,-4.077268391496073,-1.6748485638145154
-3.1780538303479458,-3.1780538303479453,-3.1780538303479458
-4.758797412929763,-4.740568561783313,-4.802604200549532
-2.2925590697663716,-1.401894949260387,-2.3772499052908906
-0.6931471805599453,-0.6931471805599453,-0.6931471805599453
-3.1780538303479458,-3.1780538303479453,-3.1780538303479458
-0.20073416671710356,-0.233723750125019,-0.3777122677277106
-1.7934391753193135,-1.834269069198247,-1.8357374862571758
-1.791759469228055,-1.791759469228055,-1.791759469228055
-3.7585938146269235,-4.14769809255583,-3.4484679003560395
-3.1780538303479458,-3.1780538303479453,-3.1780538303479458
0.0,0.0,0.0
-4.787491742782046,-4.787491742782046,-4.787491742782046
0.12693879123089524,-0.4190361208772015,0.39255112860322683
-4.787491742782046,-4.787491742782046,-4.787491742782046
-0.4883627383324842,-0.5764795960176717,-0.036198244103738335
0.0,0.0,0.0
-0.7727839168475755,0.5014417667288448,-1.058006437167478
-3.9397173824681264,-3.238877654429004,-4.210974580723831
-4.133927341685537,-4.109184676031934,-4.074186943384125
-1.791759469228055,-1.791759469228055,-1.791759469228055
-3.288342005171487,-3.178402556774957,-3.321855176342783
-0.6931471805599453,-0.6931471805599453,-0.6931471805599453
-0.6931471805599453,-0.6931471805599453,-0.6931471805599453
-1.089353950595091,-4.333626803889097,0.07203006854395305
-0.17982095018004574,-0.21873468784985128,-0.30515568681371796
-1.791759469228055,-1.791759469228055,-1.791759469228055
0.0,0.0,0.0
-0.5275632017995633,-0.529113432915876,-0.5278306297996005
-4.787491742782046,-4.787491742782046,-4.787491742782046
-3.1780538303479458,-3.1780538303479453,-3.1780538303479458
-1.791759469228055,-1.791759469228055,-1.791759469228055
-0.6931471805599453,-0.6931471805599453,-0.6931471805599453
-4.762308078115577,-4.860352364141544,-4.786284495711895
-1.9005745876819902,-2.7526749270661064,-1.6371270006534975
-1.791759469228055,-1.791759469228055,-1.791759469228055
-0.6931471805599453,-0.6931471805599453,-0.6931471805599453
0.9157024406722444,0.9562166842272015,1.0146546218891777
-1.791759469228055,-1.791759469228055,-1.791759469228055
-4.787491742782046,-4.787491742782046,-4.787491742782046
0.0,0.0,0.0
-5.093771115789847,-4.946337321375593,-5.295049768194172
0.0,0.0,0.0
-4.674898606258783,-4.19340773866151,-4.086875801156577
-0.6931471805599453,-0.6931471805599453,-0.6931471805599453
-5.648305218668198,-5.619663899624437,-6.011778626388833
-4.468946262924105,-4.474420951695395,-4.452884727538233
-4.758797412929763,-4.740568561783313,-4.802604200549532
-3.2484151145353217,-3.3501755141077334,-3.3128825253907612
-3.1789021616325615,-3.1743166322965464,-3.197742977900567
-1.3097980426258127,-0.875186222764698,-1.524523653385685
-0.11191481085540886,-0.923196692390384,0.024062677356461705
-0.6931471805599453,-0.6931471805599453,-0.6931471805599453
-3.48409500349042,-3.5722118762858943,-3.0319304909404523
-1.263224349315169,-1.2647726537845316,-1.263492178534171
0.010281098076266816,0.2314691746998477,0.0671261069498214
-0.5812323697045365,0.23004951183043873,-0.7172098579164069
-1.791759469228055,-1.791759469228055,-1.791759469228055
-3.9598085731115464,-3.9630488355736313,-4.147525286502434
0.0,0.0,0.0
0.0,0.0,0.0
-0.43144694405107786,-1.3125559427015683,-0.024854131502371198
-4.256332655068485,-3.4225629078620714,-4.439473407496676
-1.791759469228055,-1.791759469228055,-1.791759469228055
-5.079276826226881,-4.74116909085402,-5.188275674096684
-1.791759469228055,-1.791759469228055,-1.791759469228055
-0.6931471805599453,-0.6931471805599453,-0.6931471805599453
0.5870628735123194,1.1114376704432996,1.2508657950750024
-4.787491742782046,-4.787491742782046,-4.787491742782046
-0.30895233703047326,-0.5066920954002928,0.24281321063689615
-4.843485493831867,-5.048458803499757,-5.116348546646692
-1.791759469228055,-1.791759469228055,-1.791759469228055
-1.791759469228055,-1.791759469228055,-1.791759469228055
-6.448356477399766,-5.060656038464562,-7.119579298141807
1.2758869528026444,0.2673340209188062,1.5769048493965219
-3.1780538303479458,-3.1780538303479453,-3.1780538303479458
-1.791759469228055,-1.791759469228055,-1.791759469228055
-3.1780538303479458,-3.1780538303479453,-3.1780538303479458
-3.1780538303479458,-3.1780538303479453,-3.1780538303479458
0.0,0.0,0.0
-1.7638252020566472,-3.100399299044175,-1.5815322677247086
1.285366058180887,1.6923703584842058,1.8304120305105296
0.40663922196668356,-1.5875023923055342,0.7061082415708756
-0.6931471805599453,-0.6931471805599453,-0.6931471805599453
0.0,0.0,0.0
-0.6931471805599453,-0.6931471805599453,-0.6931471805599453
-2.9870030956113913,-3.0011415998404365,-2.9859588696662676
-0.6931471805599453,-0.6931471805599453,-0.6931471805599453
-0.6931471805599453,-0.6931471805599453,-0.6931471805599453
-4.757562917181207,-4.4185189701182,-4.90023535002661
-2.7928512823337948,-1.9776727702159889,-3.0615110670461347
-3.1780538303479458,-3.1780538303479453,-3.1780538303479458
0.0,0.0,0.0
-1.791759469228055,-1.791759469228055,-1.791759469228055
0.02640517022445911,-0.9118818677799059,0.26366673489980935
0.0,0.0,0.0
-0.7406004079383888,-0.8111212279643404,-0.7850216081449155
-0.9679064338159402,-0.9937992008320711,-0.8808083229285025
-3.1780538303479458,-3.1780538303479453,-3.1780538303479458
-3.2511783293466587,-3.6172056205833902,-2.8764454042958176
-3.1780538303479458,-3.1780538303479453,-3.1780538303479458
-2.996076236153978,-4.19340773866151,-2.0523524823590957
-0.6931471805599453,-0.6931471805599453,-0.6931471805599453
-4.150733533074659,-5.490244242912607,-4.8141293966839465
-0.6931471805599453,-0.6931471805599453,-0.6931471805599453
-1.791759469228055,-1.791759469228055,-1.791759469228055
-3.1780538303479458,-3.1780538303479453,-3.1780538303479458
-0.7456438014692054,-0.1192828545132441,-0.7512345747852375
-3.247004355887181,-3.210286860901716,-3.311552922062012
-0.6931471805599453,-0.6931471805599453,-0.6931471805599453
-3.6681807004320346,-3.269053141306102,-3.849017252957384
-1.6936963972261052,-0.8153024870812714,-2.0177080201329467
-1.791759469228055,-1.791759469228055,-1.791759469228055
-0.3967406287031435,-0.8084832463092497,-0.3250607798279163
-0.8760570285558105,-0.8355427850008533,-0.7771048473388773
-4.787491742782046,-4.787491742782046,-4.787491742782046
0.5285351199128862,0.5269868154435234,0.528267290693884
-1.4377946653087255,-1.400302731628694,-1.854111496096878
-1.762767612875791,-1.8556296415152571,-1.764268983476541
0.0,0.0,0.0
-3.0988675345552568,-3.9659526252891673,-3.011382096148876
-1.7963247227462307,-1.8393643242507565,-1.851853457243344
-3.1780538303479458,-3.1780538303479453,-3.1780538303479458
-0.7566457638361898,-0.31944604949692734,-0.6942962769624551
-5.346020618957344,-5.199755971566639,-5.293958196923337
-0.6931471805599453,-0.6931471805599453,-0.6931471805599453
-3.1780538303479458,-3.1780538303479453,-3.1780538303479458
-0.5102982145087233,-0.2545178576087085,-0.6863306621622147
-1.606643245966425,-0.35467372370655226,-1.8319280931708508
0.0,0.0,0.0
-4.571844313694986,-3.862618376631774,-4.739169047489453
1.1805538598527243,0.372811659852006,1.2601258342796375
-3.1780538303479458,-3.1780538303479453,-3.1780538303479458
-4.45186490898709,-4.06714879884409,-4.393851350907319
-0.6931471805599453,-0.6931471805599453,-0.6931471805599453
-4.5542465136014085,-4.492345839124375,-4.55937708434385
1.2270513668013885,0.2314691746998477,1.4696251057114396
-2.6496683064508413,-4.326341669194668,-2.330071077447452
-4.787491742782046,-4.787491742782046,-4.787491742782046
-1.791759469228055,-1.791759469228055,-1.791759469228055
-4.787491742782046,-4.787491742782046,-4.787491742782046
0.0,0.0,0.0
-1.848910429670136,-1.1196100126787496,-1.7924884985560474
-5.794917521240162,-4.89239302615685,-5.995442380477407
-1.791759469228055,-1.791759469228055,-1.791759469228055
-4.787491742782046,-4.787491742782046,-4.787491742782046
-4.787491742782046,-4.787491742782046,-4.787491742782046
0.0,0.0,0.0
-4.588409244934362,-3.7890031343026487,-4.7782281010557215
-0.6931471805599453,-0.6931471805599453,-0.6931471805599453
-1.791759469228055,-1.791759469228055,-1.791759469228055
-1.791759469228055,-1.791759469228055,-1.791759469228055
-1.7373314629641041,-0.38412725753897736,-2.013669483564269
0.026405156537246535,-0.9118818684097966,0.2636667998532502
-0.6931471805599453,-0.6931471805599453,-0.6931471805599453
-1.791759469228055,-1.791759469228055,-1.791759469228055
0.49198869408875284,-0.7950736672089862,0.83921138962919
-0.6931471805599453,-0.6931471805599453,-0.6931471805599453
-3.1780538303479458,-3.1780538303479453,-3.1780538303479458
0.0,0.0,0.0
0.0,0.0,0.0
-1.2082247645337694,-3.781486588340014,-0.900834883717521
-3.1780538303479458,-3.1780538303479453,-3.1780538303479458
0.0,0.0,0.0
-4.133927341685537,-4.109184676031934,-4.074186943384125
-0.4945106566858678,-0.9241471073149499,-0.5396789776528725
0.0,0.0,0.0
-1.2658013190847752,-1.1578329436135069,-1.2273408984897582
-3.8451001791192407,-3.323700551493643,-3.9409475022804905
-3.0103449107882683,-3.7542648655995046,-2.7680267475317093
-0.7573309234079205,-0.9272739707480039,-0.7380220899053171
0.0,0.0,0.0
0.0,0.0,0.0
0.6257600417694834,0.47887817170570424,0.8169826569533478
-4.787491742782046,-4.787491742782046,-4.787491742782046
-1.623665554587982,-1.942762945592281,-1.5978550979162085
-0.6931471805599453,-0.6931471805599453,-0.6931471805599453
1.2462522126475357,-0.37101387207790226,1.5935142820248394
-4.787491742782046,-4.787491742782046,-4.787491742782046
-1.791759469228055,-1.791759469228055,-1.791759469228055
-1.5785497185312753,-2.1452802905353607,-1.6485078733414613
-1.4652432718976216,-3.929684724548068,-1.3345702773462327
-2.3772613785902954,-2.414329005932688,-2.1488248025383543
-4.858783154275953,-3.965952624744694,-4.78839973398354
-1.8574470159499343,-2.0816177489861216,-1.4221735256563799
-3.5285136179507752,-1.6468954589794942,-3.510852504377178
-5.7667300492089755,-5.720502723213343,-6.264344439787357
-1.791759469228055,-1.791759469228055,-1.791759469228055
-4.491348840768611,-3.49343962177087,-4.801931462208714
-4.835404958502692,-4.848045890303332,-4.8788597733625565
-3.2164361252558806,-2.2345004862930464,-3.412210891799211
0.0,0.0,0.0
-3.3642042336927993,-3.4193652327667743,-3.4247616245817434
-1.1613814113200722,-1.2954481442008927,-1.095315670337409
0.0,0.0,0.0
-0.6931471805599453,-0.6931471805599453,-0.6931471805599453
-3.2157251343623043,-2.255731650330461,-3.0239507304212614
-4.178425962569852,-4.126619809082491,-3.981074194645416
-0.5912962028772402,-0.7978069896534625,-0.5860885956601621
-1.8544343810357187,-1.4769916403770262,-1.7390795107666133
-1.4558637064887945,-0.21873468784985128,-1.753256922641326
-4.8077549866295985,-3.5140677240891165,-5.727470622019495
-4.787491742782046,-4.787491742782046,-4.787491742782046
-1.791759469228055,-1.791759469228055,-1.791759469228055
-0.46339926663871617,-0.46397374801303504,-0.463498601779936
-0.6931471805599453,-0.6931471805599453,-0.6931471805599453
-3.1780538303479458,-3.1780538303479453,-3.1780538303479458
0.19732428277228353,-0.003225672540829457,0.45111626767909263
-0.6931471805599453,-0.6931471805599453,-0.6931471805599453
0.0,0.0,0.0
-3.0373485321847626,-2.653421224298101,-3.140366308391651
0.0,0.0,0.0
-4.787491742782046,-4.787491742782046,-4.787491742782046
-3.5280241767410083,-3.038327428321782,-3.6734039394503974
-3.1780538303479458,-3.1780538303479453,-3.1780538303479458
0.0,0.0,0.0
-0.2640805703933738,0.21873468520162148,-0.3070618915390006
0.0,0.0,0.0
-0.07242387253589966,-0.18074911792761705,-0.13215240314876983
-4.787491742782046,-4.787491742782046,-4.787491742782046
0.0,0.0,0.0
-2.6803015262198318,-1.9458878094932803,-2.1613761487940506
1.4905530939221927,0.23099992675500466,1.8750380173985461
-3.154858001816814,-3.480009377511771,-3.177755621173708
0.9699658464289902,-0.3526257680108877,1.2626014249110002
-2.5054864263331154,-2.4967163669685735,-2.4074826601824926
-6.797861478252941,-5.630348952539674,-6.455099776350794
-4.787491742782046,-4.787491742782046,-4.787491742782046
0.0,0.0,0.0
-1.5369917885453668,-0.8284817635929858,-1.703484230913309
0.0,0.0,0.0
-3.1780538303479458,-3.1780538303479453,-3.1780538303479458
-1.6102243998499515,-3.8358488878604393,-1.4861597338119745
-4.756442844987333,-5.172755143686463,-4.787094110783996
-2.6600588223640957,-2.6291623488967284,-3.249596374795658
0.0,0.0,0.0
-1.7702070295547834,-1.898508597031424,-1.7775512962824032
-1.2221379570264723,-0.24635042403592589,-1.2792682844999348
-3.314705462985635,-4.048256318567795,-2.9889306907752453
0.0,0.0,0.0
-4.84575111986007,-4.781343387738094,-4.878996626095995
-0.6931471805599453,-0.6931471805599453,-0.6931471805599453
-4.756442844987333,-5.172755143686463,-4.787094110783996
0.0,0.0,0.0
-1.791759469228055,-1.791759469228055,-1.791759469228055
-4.787491742782046,-4.787491742782046,-4.787491742782046
-1.8406200801248902,-1.9158129120581588,-1.8817721517482302
0.2771423389317067,-0.2323981817451986,0.34292640137720404
-1.791759469228055,-1.791759469228055,-1.791759469228055
-4.222392721892745,-4.321059075070725,-4.220784758401951
-4.492929800813565,-4.9157771016084215,-4.445900026878645
-5.027277348625467,-4.984188273534886,-5.1003056970134955
0.04009677419314373,-0.31944604949692734,0.27858821458202127
-2.960043013898682,-3.4547698257592994,-2.9648583743828545
-6.17518282101231,-4.969530784986799,-6.423718419524906
-4.440536558151725,-3.7158226965495795,-4.494785195332522
-1.791759469228055,-1.791759469228055,-1.791759469228055
-3.243057860214357,-2.422596519877626,-3.1788822824992193
-2.22472467627206,-2.183852879729484,-2.1702126597881857
0.8281494748934675,0.768072316048854,1.1372190634462294
-1.791759469228055,-1.791759469228055,-1.791759469228055
0.0,0.0,0.0
-3.6212575222875,-3.5906346633646664,-3.6808708035717568
0.0,0.0,0.0
-1.791759469228055,-1.791759469228055,-1.791759469228055
-0.6931471805599453,-0.6931471805599453,-0.6931471805599453
0.0,0.0,0.0
1.0330616078643466,-0.26100835998355176,1.270738328117653
-1.6168732537645858,-2.313252684505111,-1.3485991145046552
0.0,0.0,0.0
-4.934516852946664,-4.85285683779928,-5.096804305529643
-3.1780538303479458,-3.1780538303479453,-3.1780538303479458
-1.791759469228055,-1.791759469228055,-1.791759469228055
-2.096864978566396,-1.8901368145050128,-2.124828683294038
-3.9664821368234784,-4.694450750847482,-3.9091987336169685
-2.4960366170112023,-1.6088757648372667,-2.6566123289383072
-3.1780538303479458,-3.1780538303479453,-3.1780538303479458
-3.8989437885680243,-3.7342588255650764,-3.755398370246269
-2.565158994875107,-2.6162490466183916,-2.5100078157656376
-1.791759469228055,-1.791759469228055,-1.791759469228055
-0.6931471805599453,-0.6931471805599453,-0.6931471805599453
-1.8923962830750085,-1.837382864653059,-1.9976819969478845
-4.107125190546881,-4.3018470074659145,-4.277799665734676
-4.492886400261608,-4.958303965013248,-4.349717796782468
-4.463405384616954,-5.200397121418768,-4.434917476109238
-4.769859961070195,-4.73771625022729,-4.73642519247314
-0.6931471805599453,-0.6931471805599453,-0.6931471805599453
-0.4224933646088155,-0.6358953744488591,0.14472168010954864
-4.787491742782046,-4.787491742782046,-4.787491742782046
0.0,0.0,0.0
0.15925120986688485,-1.473276878546366,0.5188058952760018
-0.6931471805599453,-0.6931471805599453,-0.6931471805599453
-0.6931471805599453,-0.6931471805599453,-0.6931471805599453
0.0,0.0,0.0
-3.5747398024039794,-3.4103740591508482,-3.8023524622928817
0.0,0.0,0.0
-0.9862281654157365,-1.0508935656423501,-0.5772005967733664
0.5285351199128031,0.5269867855251888,0.5282672906938828
-4.787491742782046,-4.787491742782046,-4.787491742782046
-2.292559096502799,-1.4018949503514502,-2.377249783628221
-3.259437010053857,-3.2786938105173724,-3.3234539386384414
-1.791759469228055,-1.791759469228055,-1.791759469228055
-0.6137134329352741,-1.0692906049761381,-0.6677179597493758
-1.791759469228055,-1.791759469228055,-1.791759469228055
-1.1487024764841973,-1.4848582164754696,-1.1696740420909095
-0.6931471805599453,-0.6931471805599453,-0.6931471805599453
-0.6931471805599453,-0.6931471805599453,-0.6931471805599453
0.6934933736141203,0.2187346878498513,0.9547803488398159
-2.345925879176041,-1.8529127185752412,-2.5561816529012775
-0.1615515572687953,-0.23239818174519847,-0.26594633776505705
-2.4365165254791927,-2.064328650257761,-2.4797207054604398
0.34232978446636414,0.17676615441534896,0.4134041804892359
-4.793164677893538,-4.923715817646508,-4.825184426659441
-0.6931471805599453,-0.6931471805599453,-0.6931471805599453
-3.1780538303479458,-3.1780538303479453,-3.1780538303479458
-2.9433401480286436,-3.3501755141077334,-2.8803238418711987
-4.787491742782046,-4.787491742782046,-4.787491742782046
-4.962934145202568,-4.7432990234116525,-5.093346136240232
-0.6931471805599453,-0.6931471805599453,-0.6931471805599453
-1.791759469228055,-1.791759469228055,-1.791759469228055
-3.1780538303479458,-3.1780538303479453,-3.1780538303479458
0.0,0.0,0.0
1.2758869528026444,0.2673340209188062,1.5769048493965219
-0.6931471805599453,-0.6931471805599453,-0.6931471805599453
-0.031048897989219417,0.385263400823223,-0.0003976319979488801
-4.787491742782046,-4.787491742782046,-4.787491742782046
-3.1780538303479458,-3.1780538303479453,-3.1780538303479458
-1.791759469228055,-1.791759469228055,-1.791759469228055
-1.791759469228055,-1.791759469228055,-1.791759469228055
-2.9500299442385054,-4.452920732142275,-2.6854855724657853
-0.6931471805599453,-0.6931471805599453,-0.6931471805599453
-1.3813375157517362,-1.929005578207803,-1.289022207647442
-4.787491742782046,-4.787491742782046,-4.787491742782046
-0.7398410269533677,-0.13369194335371315,-0.6937436483206236
-0.27046281377464226,-0.33053997261925566,0.03860677477811956
-4.787491742782046,-4.787491742782046,-4.787491742782046
-3.48409500349042,-3.5722118762858943,-3.0319304909404523
-4.920152566339919,-4.9368062234377925,-4.993595076966272
0.0,0.0,0.0
-1.791759469228055,-1.791759469228055,-1.791759469228055
-2.1723840997189217,-2.1735813799613486,-2.1725906108459068
-4.395584892582419,-4.8152962207137655,-4.442289670228498
-5.749493300513423,-5.280834110995953,-5.917017909157843
0.0,0.0,0.0
-4.191453735052216,-4.208025200252475,-4.136854546904695
-1.1812121464100724,-1.2825008434494318,-1.065345015914162
1.1254656999620922,0.35421090060903465,1.2903325387950304
-3.8828860981916185,-3.5027224021067362,-3.9187028581628796
-1.2195143815191796,-2.8143980482816637,-1.1598514942207887
-4.024724637531437,-3.94201271802185,-4.106299180899691
1.4172926222339994,1.3251636188497835,1.9941916129437491
-1.9342586007629397,-4.765873494512652,-1.4637812517036608
-0.7202338272263145,-0.005697557013192196,-0.5815711394374865
-0.7771817808905966,-0.8160822477561634,-0.8349353494319801
-4.787491742782046,-4.787491742782046,-4.787491742782046
-4.787491742782046,-4.787491742782046,-4.787491742782046
-3.3229423343548237,-3.4449467522284705,-2.753781874957731
0.0,0.0,0.0
0.0,0.0,0.0
-4.787491742782046,-4.787491742782046,-4.787491742782046
0.10752579760937618,-0.36414653557348514,0.4304834965757119
-1.791759469228055,-1.791759469228055,-1.791759469228055
-0.39044936769494615,-1.0473580811689813,-0.397429699335315
-1.791759469228055,-1.791759469228055,-1.791759469228055
-2.354200794935831,-2.3800935619519614,-2.267102684048393
-4.781040409899005,-4.910671263344268,-4.787405634225009
-0.9717550147294214,-1.1469828393674153,-0.856689863416175
-1.791759469228055,-1.791759469228055,-1.791759469228055
0.0,0.0,0.0
-0.6931471805599453,-0.6931471805599453,-0.6931471805599453
0.0,0.0,0.0
-4.430669845242589,-4.427372242451104,-4.498786974415947
-0.7813269199682072,-0.875186222764698,-0.8628569420736116
-0.364941466720746,-0.4218499728363816,-0.33114273159427904
-3.1780538303479458,-3.1780538303479453,-3.1780538303479458
0.0,0.0,0.0
0.04180911975037941,-1.1229534331571798,0.2638655311344904
-4.787491742782046,-4.787491742782046,-4.787491742782046
0.0,0.0,0.0
-5.3633120120533615,-4.754117413389364,-5.62381209133665
-4.453322421373598,-3.3561116104665825,-4.815262592679548
-4.787491742782046,-4.787491742782046,-4.787491742782046
-2.0516049141248547,-2.103031354846911,-1.7698253520323235
0.0,0.0,0.0
-0.501022937338184,-0.6128118033381893,-0.36168003862907766
0.13132870269787048,0.015862723609952563,0.6947749142684413
-0.6931471805599453,-0.6931471805599453,-0.6931471805599453
-1.791759469228055,-1.791759469228055,-1.791759469228055
-2.661466714445658,-1.349569770811114,-2.7400751220274433
0.3594553943086128,-0.42336101527363706,0.43010800731556387
-0.6931471805599453,-0.6931471805599453,-0.6931471805599453
0.0,0.0,0.0
-2.6495187104350597,-2.651067014904422,-2.6497865396540616
0.0,0.0,0.0
-3.1780538303479458,-3.1780538303479453,-3.1780538303479458
0.0,0.0,0.0
-0.5572812594981555,0.25451785760870843,-0.6879317636995279
-0.44092272477649574,-0.8516780385925674,-0.3940445149876018
-2.851025038415973,-3.401541176543373,-2.757478732595386
0.16044223396532128,-2.1517166178103833,0.35032391058534507
-3.1780538303479458,-3.1780538303479453,-3.1780538303479458
-0.6931471805599453,-0.6931471805599453,-0.6931471805599453
-4.787491742782046,-4.787491742782046,-4.787491742782046
-3.1780538303479458,-3.1780538303479453,-3.1780538303479458
-3.1780538303479458,-3.1780538303479453,-3.1780538303479458
-1.791759469228055,-1.791759469228055,-1.791759469228055
-4.15457851975514,-3.284880351434339,-4.483674672181585
-4.825941192693469,-4.014127702576659,-4.762000614215604
-0.6931471805599453,-0.6931471805599453,-0.6931471805599453
-4.703870253177547,-2.7554675236807227,-5.132487973751215
0.0,0.0,0.0
0.0,0.0,0.0
-5.225731104999382,-4.81076775563604,-5.716392809021257
-1.100920591345095,-1.13919761697612,-1.2600038903250417
-2.0525786943913737,-1.994854798654982,-2.3891374389736075
-3.1780538303479458,-3.1780538303479453,-3.1780538303479458
-0.6931471805599453,-0.6931471805599453,-0.6931471805599453
-3.0413457201613534,-2.991129792007052,-3.1238607064296096
-4.787491742782046,-4.787491742782046,-4.787491742782046
-3.1780538303479458,-3.1780538303479453,-3.1780538303479458
-0.5121309650403595,-0.7875999729679484,-0.47174217424655274
-3.1780538303479458,-3.1780538303479453,-3.1780538303479458
-1.7963247216325702,-1.8393643249600895,-1.8518534828031104
-4.787491742782046,-4.787491742782046,-4.787491742782046
-3.1780538303479458,-3.1780538303479453,-3.1780538303479458
-1.791759469228055,-1.791759469228055,-1.791759469228055
-1.791759469228055,-1.791759469228055,-1.791759469228055
-2.851025038415973,-3.401541176543373,-2.757478732595386
-2.1660339680703853,-2.1633011769118733,-2.1655624447071133
-4.062380214156206,-4.2371642659035285,-3.922137682967788
0.0,0.0,0.0
-5.523041513935575,-5.106673337225548,-5.57029037301786
-0.7444373909998393,-2.2898430224344226,-0.38020770527638853
-4.787491742782046,-4.787491742782046,-4.787491742782046
-2.641400336401756,-2.0055062390504004,-2.748984472254896
0.0,0.0,0.0
-4.654941186073477,-4.9157771016084215,-4.63589447164079
-0.6931471805599453,-0.6931471805599453,-0.6931471805599453
0.0,0.0,0.0
0.06380338074726562,0.06592859798448776,0.06417003903150958
0.0,0.0,0.0
-3.1780538303479458,-3.1780538303479453,-3.1780538303479458
-1.791759469228055,-1.791759469228055,-1.791759469228055
0.381555276629517,-0.2314691746998476,0.5236157342693302
0.5812323697045364,-0.23004951183043867,0.717209857916407
-4.787491742782046,-4.787491742782046,-4.787491742782046
0.7030427859308784,-1.3082804759216764,1.4988717110671237
0.0,0.0,0.0
-5.393128286218925,-4.822721666011293,-5.79708340440693
-5.731387112552129,-4.851867209502922,-6.083900949525962
-0.6931471805599453,-0.6931471805599453,-0.6931471805599453
-0.2847351600555663,-2.386634638819657,0.6228083162360659
-3.0988675345373307,-3.9659526247446966,-3.0113820961487945
-3.1780538303479458,-3.1780538303479453,-3.1780538303479458
0.6102495503356253,0.522132692650438,1.0624140445643715
-4.520701859751038,-2.9916892140137112,-5.056515543299902
-1.791759469228055,-1.791759469228055,-1.791759469228055
-2.357192698305117,-2.6766535007580394,-2.2460507809438353
-1.8321611610005284,-1.129872636994845,-2.2498297858801015
-0.01028109807626691,-0.2314691746998476,-0.06712610694982146
-4.2591403683119315,-4.966140597353866,-4.108822860864152
-4.787491742782046,-4.787491742782046,-4.787491742782046
-3.2897210154207044,-0.5142521778618735,-3.864121823454687
-0.36376628544277845,-0.37173347990992905,-0.3380007440207593
-3.9705548463838247,-4.030303897727064,-3.798656849109118
-3.1780538303479458,-3.1780538303479453,-3.1780538303479458
-1.791759469228055,-1.791759469228055,-1.791759469228055
0.85644982634294,-0.38412725753897736,1.116232678030007
-0.6931471805599453,-0.6931471805599453,-0.6931471805599453
-1.8730921814292427,-1.8578023166584432,-1.9455641593671738
-0.2560047431057835,0.749500614127844,0.1259802112286434
-1.6573086507864632,-0.9482044970859242,-1.884722016404254
-4.787491742782046,-4.787491742782046,-4.787491742782046
0.04975279391922091,0.2731642956825164,0.3251104249140022
-0.857935108153662,-0.3852634008232242,-0.9100643635712248
-1.8914012620063114,-2.0547570278619873,-1.9679955993323635
-3.3952193956632604,-3.824347728337374,-2.7729803579285304
-3.8715471872598806,-3.3967885175679062,-4.1328342440848465
-0.6931471805599453,-0.6931471805599453,-0.6931471805599453
-4.742349048836371,-4.737646368082757,-4.737376939963265
-3.2022187571666954,-3.6653468603590174,-3.3773440857001034
-2.6922909201905387,-3.3464250223192815,-2.5583170461272413
-1.791759469228055,-1.791759469228055,-1.791759469228055
-3.1780538303479458,-3.1780538303479453,-3.1780538303479458
-1.909284284430766,-1.8546090672867093,-2.124451088712407
-3.1780538303479458,-3.1780538303479453,-3.1780538303479458
-2.00427364933758,-4.237723261095352,-1.5888625785206456
0.0,0.0,0.0
0.0,0.0,0.0
-1.9287958939912175,-1.8611976333819487,-1.9987821266413535
-3.1780538303479458,-3.1780538303479453,-3.1780538303479458
-3.1780538303479458,-3.1780538303479453,-3.1780538303479458
-4.779127485502171,-5.195552376623472,-4.907866132438093
-3.1780538303479458,-3.1780538303479453,-3.1780538303479458
-0.6931471805599453,-0.6931471805599453,-0.6931471805599453
0.0,0.0,0.0
-0.5153733246886611,-0.8603084899647798,-0.49736151769217934
-0.555071945548464,-1.3218119220916507,-0.542046230707006
-0.6931471805599453,-0.6931471805599453,-0.6931471805599453
-3.13586972794013,-3.4325716859659163,-3.1772878248774727
-2.4917345908715323,-2.586699622209565,-2.367610719298094
-3.487819211764824,-3.53226473095698,-3.6270526723977516
-1.791759469228055,-1.791759469228055,-1.791759469228055
-1.791759469228055,-1.791759469228055,-1.791759469228055
-0.6931471805599453,-0.6931471805599453,-0.6931471805599453
-0.6931471805599453,-0.6931471805599453,-0.6931471805599453
-2.2559672568829257,-1.8369549096040365,-2.3937024965574834
-2.455533451285502,-3.6706500988787107,-2.3749489059922153
-0.6931471805599453,-0.6931471805599453,-0.6931471805599453
-4.787491742782046,-4.787491742782046,-4.787491742782046
0.0,0.0,0.0
0.0,0.0,0.0
0.0,0.0,0.0
-4.178425962569852,-4.126619809082491,-3.981074194645416
-0.19863652387407751,0.23099992675500466,-0.1534682029070727
-4.2846902563381715,-3.5669511013142152,-4.016299404791463
-3.0827997693343856,-3.2786938108336563,-3.070195315498878
-3.7663141618053633,-4.001492843195195,-4.020084764302745
0.48824944343826165,0.26733402091880637,0.7638669359824178
0.6036063546159548,0.1807491179276172,0.7979795019119673
-3.1780538303479458,-3.1780538303479453,-3.1780538303479458
-0.6931471805599453,-0.6931471805599453,-0.6931471805599453
-1.8423987690183612,-1.8426835167171378,-1.911224878015634
-0.6931471805599453,-0.6931471805599453,-0.6931471805599453
-1.0227279076316345,-0.26960462854277717,-1.0822404218121235
-5.334816301435085,-4.94631167538409,-5.50269688053111
-0.49434934747469617,-0.5378390768149253,-0.4283473908004421
-3.1780538303479458,-3.1780538303479453,-3.1780538303479458
-4.787491742782046,-4.787491742782046,-4.787491742782046
-0.2637047318663821,-0.2677859586563427,-0.19663447802543788
-3.1780538303479458,-3.1780538303479453,-3.1780538303479458
-2.3841653496047464,-2.499849464439772,-2.159635709562167
-3.731918893796592,-3.4199597484212108,-3.961196712075955
-1.4138049099881655,-0.8034673616109341,-1.5783635014438016
0.8238530354121149,0.797960268395984,0.9109511462995526
-1.0823822078776468,-1.0195744655592645,-0.8253584539757626
-1.791759469228055,-1.791759469228055,-1.791759469228055
-5.07951950194771,-4.739141097517134,-5.250293881914174
-2.5675683182013986,-2.647007997476641,-2.514592590805008
-4.8629212161414985,-4.417044513031373,-5.129815072106506
0.04975279391922091,0.2731642956825164,0.3251104249140022
-0.11406669897573044,-0.9549572624076093,0.02912044171903079
0.0,0.0,0.0
-0.6931471805599453,-0.6931471805599453,-0.6931471805599453
-4.787491742782046,-4.787491742782046,-4.787491742782046
-3.5747398024039794,-3.4103740591508482,-3.8023524622928817
-3.1608437575788475,-3.296897614456474,-3.1777347816196886
-0.39674063073941096,-0.8084832477776048,-0.3250607552003346
-4.867523708957615,-4.930008796183746,-5.132232717364444
-3.9387945257025576,-3.9734906265745513,-4.302569053010951
-1.791759469228055,-1.791759469228055,-1.791759469228055
-0.37969696284347215,-1.3191293694846788,-0.37730007216192096
-4.787491742782046,-4.787491742782046,-4.787491742782046
-0.6931471805599453,-0.6931471805599453,-0.6931471805599453
-1.791759469228055,-1.791759469228055,-1.791759469228055
0.0,0.0,0.0
-1.791759469228055,-1.791759469228055,-1.791759469228055
-0.6931471805599453,-0.6931471805599453,-0.6931471805599453
0.0,0.0,0.0
-6.114213938627739,-5.1144649662274935,-6.906644989970642
-5.164001394433032,-4.745681773266625,-5.3199133085621115
0.6934933569119346,0.2187346872199608,0.9547804137369005
-0.6931471805599453,-0.6931471805599453,-0.6931471805599453
-4.642853591082517,-4.4278420799077045,-4.864978075768774
0.06380338074726562,0.06592859798448776,0.06417003903150958
-2.4710851926126067,-2.4967711146693947,-2.3420337694625877
-1.791759469228055,-1.791759469228055,-1.791759469228055
-2.0620205791135975,-2.401000795095749,-1.917841106790376
0.6934933569119346,0.2187346872199608,0.9547804137369005
-3.5046161373902174,-3.6138893681152995,-3.361849649581891
-1.4997602766758922,-1.8396928629411586,-1.4759318042019418
-4.950820300621234,-4.890366271441779,-5.023106231044246
0.0,0.0,0.0
-0.6931471805599453,-0.6931471805599453,-0.6931471805599453
0.0,0.0,0.0
-5.109118848523167,-4.985003772495948,-5.6378529320207
0.0,0.0,0.0
-2.314080754709619,-3.3636612688059664,-1.9961250806735529
-1.2114307416920571,-0.9042187459372215,-1.2483195219641052
-6.040787774521324,-5.04930182462971,-6.245935916137056
0.0,0.0,0.0
-2.9883119461350662,-3.6139309081866444,-2.863140582972703
0.3425326088780702,0.3571871051701587,0.6292191510250759
1.1510396293510081,-0.4261017371127142,1.4218821068888472
-2.3260248967975374,-4.377516621889268,-2.0029798240721126
-1.0722071184436506,-2.010494156448016,-0.8349455537683003
-4.733821236072325,-3.745230274872593,-4.445261601054838
-0.6931471805599453,-0.6931471805599453,-0.6931471805599453
-1.444953231121472,-1.9736808138279576,-1.3718401365309913
-0.872968124669921,-0.9118818657615669,-0.9983029512578729
-4.876161541237599,-4.327090665622343,-4.8630518781233425
-1.5901443894368021,-3.3016077135636395,-1.0328144000877013
-2.61941163063,-1.8424238947272857,-2.9519877889880854
-0.6931471805599453,-0.6931471805599453,-0.6931471805599453
-3.3103619428603546,-3.323700551493643,-3.363062688762285
0.3875406341712424,-0.26729370332642666,0.426905277944144
-0.6931471805599453,-0.6931471805599453,-0.6931471805599453
-0.6931471805599453,-0.6931471805599453,-0.6931471805599453
-0.9176763527731775,-0.9408390424626363,-1.0162148334118493
0.0,0.0,0.0
-3.7518119533440304,-3.7371574570519415,-3.465125411197025
-0.7927889733382016,-0.9561447391938775,-0.8693833106642537
-3.207806038235267,-3.325359064916612,-3.3639467482598118
-3.1780538303479458,-3.1780538303479453,-3.1780538303479458
-1.8175475581347313,-1.811806979729522,-1.839115224956901
0.0,0.0,0.0
-4.787491742782046,-4.787491742782046,-4.787491742782046
-4.787491742782046,-4.787491742782046,-4.787491742782046
-4.787491742782046,-4.787491742782046,-4.787491742782046
0.0,0.0,0.0
-0.6931471805599453,-0.6931471805599453,-0.6931471805599453
-2.987626594969177,-2.728596436390089,-2.821417046343136
-3.1780538303479458,-3.1780538303479453,-3.1780538303479458
-5.794917521240162,-4.89239302615685,-5.995442380477407
-4.893841094683081,-5.062011624677286,-4.921657480200518
-0.6931471805599453,-0.6931471805599453,-0.6931471805599453
-0.6931471805599453,-0.6931471805599453,-0.6931471805599453
0.0,0.0,0.0
0.8238530354121149,0.797960268395984,0.9109511462995526
0.0,0.0,0.0
-0.07292348129432726,0.26181008184766397,-0.03771819039898067
-3.4505477311771493,-3.451490389282024,-3.450710294098169
-0.9430035836212075,-0.9561281284814233,-1.0474825530555467
0.2852901390933398,0.2887709196159448,0.4567304293961335
-4.5542465136014085,-4.492345839124375,-4.55937708434385
-4.787491742782046,-4.787491742782046,-4.787491742782046
-0.9961664007957172,-1.1036150639524893,-1.021351251969126
-1.7711676854334324,-2.0643286500870857,-1.7914943987981102
-2.4445047624870315,-2.1336357649875666,-2.5353113609246427
-1.791759469228055,-1.791759469228055,-1.791759469228055
-0.6931471805599453,-0.6931471805599453,-0.6931471805599453
-1.791759469228055,-1.791759469228055,-1.791759469228055
-0.6931471805599453,-0.6931471805599453,-0.6931471805599453
-0.6931471805599453,-0.6931471805599453,-0.6931471805599453
0.0,0.0,0.0
0.0,0.0,0.0
0.018793920147954276,-1.1146755972264994,0.14394199327262017
0.0,0.0,0.0
-0.6931471805599453,-0.6931471805599453,-0.6931471805599453
-3.1780538303479458,-3.1780538303479453,-3.1780538303479458
-5.683155633907012,-5.544969831430913,-6.257805713211561
0.0,0.0,0.0
-0.7813269199682072,-0.875186222764698,-0.8628569420736116
-1.191141079713247,-1.5088599680969723,-1.1537781654008403
1.2758869528026444,0.2673340209188062,1.5769048493965219
-3.049965553710237,-2.604679108439737,-3.157570999533646
-3.1780538303479458,-3.1780538303479453,-3.1780538303479458
-4.784622039829717,-4.7432990234116525,-4.770305999518452
-2.5269948278146415,-4.265423018082528,-2.167058084352083
-5.479419739625287,-4.858936635477624,-5.830826114672916
-0.23281752758664667,-2.7847153686482593,0.10860099168770813
0.5923385006599969,0.592915353077508,0.5924373297253901
0.2688395152275803,0.1993963181030732,0.4133269515957026
-3.1780538303479458,-3.1780538303479453,-3.1780538303479458
-3.1780538303479458,-3.1780538303479453,-3.1780538303479458
0.0,0.0,0.0
-4.573094793785628,-4.587948279285029,-4.634822520664957
-0.6931471805599453,-0.6931471805599453,-0.6931471805599453
-0.821014559732293,-0.86030848996478,-0.8641859317198463
1.703929483361426,-0.06955641981514993,2.3218459038281125
-0.6931471805599453,-0.6931471805599453,-0.6931471805599453
0.0,0.0,0.0
-0.22723937939734837,-0.2687857241555773,-0.1343303672625396
0.0,0.0,0.0
-3.963638707369931,-3.989531474386062,-3.8765405964824935
-2.9763171940530455,-3.3480515363272105,-3.071398808289818
-0.6931471805599453,-0.6931471805599453,-0.6931471805599453
-0.6931471805599453,-0.6931471805599453,-0.6931471805599453
-0.6931471805599453,-0.6931471805599453,-0.6931471805599453
0.03617795651978162,0.185607438458021,0.1112013335038009
-2.907168045490981,-2.824576541697055,-3.293526516049501
-1.791759469228055,-1.791759469228055,-1.791759469228055
-0.6931471805599453,-0.6931471805599453,-0.6931471805599453
-3.2776956231262018,-3.4410513889818777,-3.3542899604522542
-3.534205665262083,-3.183496952936073,-3.6549989303422143
-4.787491742782046,-4.787491742782046,-4.787491742782046
0.0,0.0,0.0
0.0,0.0,0.0
-1.7437393836916841,-1.9736808138279576,-1.766772738651952
-1.791759469228055,-1.791759469228055,-1.791759469228055
-4.787491742782046,-4.787491742782046,-4.787491742782046
-0.6931471805599453,-0.6931471805599453,-0.6931471805599453
-0.6931471805599453,-0.6931471805599453,-0.6931471805599453
2.1078851963358542,0.40044462295736705,2.4456175902510844
-1.791759469228055,-1.791759469228055,-1.791759469228055
-1.791759469228055,-1.791759469228055,-1.791759469228055
-3.155616925439384,-3.365033919657982,-2.8663824679706384
-0.36205616081345793,-2.989078397291965,0.010092307337680632
-0.3115963630448486,-0.875186222764698,-0.23151146315742546
1.0311189193347556,-0.23396857104217783,1.2697578982691557
