ho_likelihood,hol_likelihood,std_likelihood
-1.0986122886681098,-1.0986122886681096,-1.0986122886681096
-0.6931471805599453,-0.6931471805599453,-0.6931471805599453
-0.6931471805599453,-0.6931471805599453,-0.6931471805599453
0.0,0.0,0.0
-0.6931471805599453,-0.6931471805599453,-0.6931471805599453
-1.0986122886681098,-1.0986122886681096,-1.0986122886681096
-0.6931471805599453,-0.6931471805599453,-0.6931471805599453
-0.2867493646568476,-0.5521804931701582,-0.5301630005547048
-0.6931471805599453,-0.6931471805599453,-0.6931471805599453
-1.0986122886681098,-1.0986122886681096,-1.0986122886681096
0.0,0.0,0.0
-1.5664087308341872,-1.5390595484752958,-1.6590752205597952
0.0,0.0,0.0
0.0,0.0,0.0
-0.6931471805599453,-0.6931471805599453,-0.6931471805599453
-0.6931471805599453,-0.6931471805599453,-0.6931471805599453
-0.15653995654113909,0.31718163302738817,0.36898347264420156
-1.0986122886681098,-1.0986122886681096,-1.0986122886681096
0.0,0.0,0.0
-0.6931471805599453,-0.6931471805599453,-0.6931471805599453
0.0,0.0,0.0
0.0,0.0,0.0
0.0,0.0,0.0
0.13001316910534483,0.10584489392684283,0.2025480833242812
-1.0986122886681098,-1.0986122886681096,-1.0986122886681096
-1.0682233365484433,-1.4832796555924912,-1.5260163010794192
-1.0986122886681098,-1.0986122886681096,-1.0986122886681096
0.0,0.0,0.0
0.0,0.0,0.0
-1.1088449068215882,-0.9860693798884709,-0.9753894850495269
0.8586478642784635,0.38466736692438125,0.42740401241130943
0.0,0.0,0.0
-1.0986122886681098,-1.0986122886681096,-1.0986122886681096
-0.8586478585995097,-0.3846673669066934,-0.427404012224736
-0.6931471805599453,-0.6931471805599453,-0.6931471805599453
-1.0986122886681098,-1.0986122886681096,-1.0986122886681096
-0.07277959551666079,-0.12020890869839293,0.08141081547877392
-0.6931471805599453,-0.6931471805599453,-0.6931471805599453
0.0,0.0,0.0
0.0,0.0,0.0
-1.0986122886681098,-1.0986122886681096,-1.0986122886681096
0.8231603600174047,0.7989920746108601,0.8956952639344031
-0.6931471805599453,-0.6931471805599453,-0.6931471805599453
0.0,0.0,0.0
-0.6931471805599453,-0.6931471805599453,-0.6931471805599453
-1.0986122886681098,-1.0986122886681096,-1.0986122886681096
-0.8787129966981773,-0.5521804931305399,-0.5301630003875364
0.0,0.0,0.0
-0.429421485335357,-0.5568792912151975,-0.5338593379256131
-1.0629183507237867,-0.9801209200856971,-0.971132946007454
0.0,0.0,0.0
-0.8853095884422576,-0.9860693798846734,-0.9753894850558712
-0.6931471805599453,-0.6931471805599453,-0.6931471805599453
0.0,0.0,0.0
-0.6931471805599453,-0.6931471805599453,-0.6931471805599453
0.52794498923784,0.5283880846834192,0.5286064522398553
-0.9515867546253651,-0.9514858594244563,-0.9514361486643352
-1.0986122886681098,-1.0986122886681096,-1.0986122886681096
0.0,0.0,0.0
0.0,0.0,0.0
-0.6931471805599453,-0.6931471805599453,-0.6931471805599453
0.0,0.0,0.0
-1.0986122886681098,-1.0986122886681096,-1.0986122886681096
-1.0986122886681098,-1.0986122886681096,-1.0986122886681096
-1.3460473906519492,-1.2764449281165147,-1.4115659096676971
0.0,0.0,0.0
0.6458763541490419,0.18404220998900014,0.14269880698099136
-0.6931471805599453,-0.6931471805599453,-0.6931471805599453
-0.6931471805599453,-0.6931471805599453,-0.6931471805599453
0.0,0.0,0.0
-1.0986122886681098,-1.0986122886681096,-1.0986122886681096
0.0,0.0,0.0
-1.4099176054390694,-1.4153837571173125,-1.4565224797136538
-0.16499432794554658,-0.165437205256513,-0.1656551528643983
0.0,0.0,0.0
-1.0986122886681098,-1.0986122886681096,-1.0986122886681096
-0.6931471805599453,-0.6931471805599453,-0.6931471805599453
0.0,0.0,0.0
-0.6931471805599453,-0.6931471805599453,-0.6931471805599453
-1.0986122886681098,-1.0986122886681096,-1.0986122886681096
0.0,0.0,0.0
-0.429421485335357,-0.5568792912151975,-0.5338593379256131
-1.0986122886681098,-1.0986122886681096,-1.0986122886681096
0.8586478772674715,0.38466736690484254,0.4274040124559122
-1.0986122886681098,-1.0986122886681096,-1.0986122886681096
-0.6931471805599453,-0.6931471805599453,-0.6931471805599453
-0.6931471805599453,-0.6931471805599453,-0.6931471805599453
0.0,0.0,0.0
-1.0986122886681098,-1.0986122886681096,-1.0986122886681096
-0.9515867546253651,-0.9514858594244563,-0.9514361486643352
-1.0986122886681098,-1.0986122886681096,-1.0986122886681096
-0.463618162289404,-0.46345380094666877,-0.4633728130242331
0.0,0.0,0.0
-0.6931471805599453,-0.6931471805599453,-0.6931471805599453
-1.0986122886681098,-1.0986122886681096,-1.0986122886681096
0.0,0.0,0.0
0.0,0.0,0.0
0.0,0.0,0.0
-0.6931471805599453,-0.6931471805599453,-0.6931471805599453
-0.6931471805599453,-0.6931471805599453,-0.6931471805599453
-0.5704594360630436,-0.5709023134668888,-0.571120260975577
0.0,0.0,0.0
-1.0986122886681098,-1.0986122886681096,-1.0986122886681096
-0.6931471805599453,-0.6931471805599453,-0.6931471805599453
0.0,0.0,0.0
0.0,0.0,0.0
-0.6931471805599453,-0.6931471805599453,-0.6931471805599453
1.376021817642356,0.31718163302738817,0.36898347264420156
0.0,0.0,0.0
0.52794498923784,0.5283880846834192,0.5286064522398553
-0.5623471956020751,-0.5521804931701582,-0.5301630005547048
0.0,0.0,0.0
0.0,0.0,0.0
-1.0986122886681098,-1.0986122886681096,-1.0986122886681096
-1.0986122886681098,-1.0986122886681096,-1.0986122886681096
0.0,0.0,0.0
-0.11615982680985446,0.05280550510624247,0.29917575754325093
-1.0986122886681098,-1.0986122886681096,-1.0986122886681096
-0.6931471805599453,-0.6931471805599453,-0.6931471805599453
0.0,0.0,0.0
-0.6931471805599453,-0.6931471805599453,-0.6931471805599453
-0.6931471805599453,-0.6931471805599453,-0.6931471805599453
-1.0986122886681098,-1.0986122886681096,-1.0986122886681096
0.0,0.0,0.0
-1.0986122886681098,-1.0986122886681096,-1.0986122886681096
0.0,0.0,0.0
0.0,0.0,0.0
-0.6931471805599453,-0.6931471805599453,-0.6931471805599453
-1.0986122886681098,-1.0986122886681096,-1.0986122886681096
-0.6931471805599453,-0.6931471805599453,-0.6931471805599453
-0.6931471805599453,-0.6931471805599453,-0.6931471805599453
-0.6931471805599453,-0.6931471805599453,-0.6931471805599453
-1.0986122886681098,-1.0986122886681096,-1.0986122886681096
-1.2260665891381088,-1.006875761201741,-0.9929588626399526
-0.5704594360451111,-0.5709023096528749,-0.5711202609735965
-0.6931471805599453,-0.6931471805599453,-0.6931471805599453
0.0,0.0,0.0
0.0,0.0,0.0
-1.0986122886681098,-1.0986122886681096,-1.0986122886681096
-1.0986122886681098,-1.0986122886681096,-1.0986122886681096
-0.6931471805599453,-0.6931471805599453,-0.6931471805599453
-0.6931471805599453,-0.6931471805599453,-0.6931471805599453
-0.6931471805599453,-0.6931471805599453,-0.6931471805599453
0.0,0.0,0.0
0.0,0.0,0.0
0.0,0.0,0.0
-1.0986122886681098,-1.0986122886681096,-1.0986122886681096
0.33268548128665665,0.2852561997385474,0.4868759227561972
-1.0986122886681098,-1.0986122886681096,-1.0986122886681096
-0.7084570840534794,-0.5191966969129843,-0.5021077344892669
-0.16499432794554658,-0.165437205256513,-0.1656551528643983
-0.20088863357074163,-0.8228335512168145,-0.8502600558319845
-1.013339943915345,-1.006875761201741,-0.9929588626399526
0.0,0.0,0.0
-1.0986122886681098,-1.0986122886681096,-1.0986122886681096
0.0,0.0,0.0
0.0,0.0,0.0
-0.9307333157383471,-1.0098603713181344,-0.9952873779699855
-1.062918350722517,-0.9801209200848912,-0.9711329460073989
-0.6931471805599453,-0.6931471805599453,-0.6931471805599453
-0.7084570882295912,-0.5191966969058204,-0.502107734415618
-1.0986122886681098,-1.0986122886681096,-1.0986122886681096
-0.6931471805599453,-0.6931471805599453,-0.6931471805599453
-0.5704594360682513,-0.5709023115850976,-0.571120260972601
-0.1685335528015974,-0.1924232588254965,-0.09558299704804966
-1.0986122886681098,-1.0986122886681096,-1.0986122886681096
-0.6931471805599453,-0.6931471805599453,-0.6931471805599453
-0.6931471805599453,-0.6931471805599453,-0.6931471805599453
-1.226066571793438,-1.0068757612662638,-0.9929588627282915
0.0,0.0,0.0
-0.878712972149968,-0.5521804932322077,-0.5301630005278638
-1.0986122886681098,-1.0986122886681096,-1.0986122886681096
0.0,0.0,0.0
-0.6931471805599453,-0.6931471805599453,-0.6931471805599453
-0.8853095887751596,-0.9860693798794051,-0.9753894850411408
0.0,0.0,0.0
-1.0986122886681098,-1.0986122886681096,-1.0986122886681096
-0.6931471805599453,-0.6931471805599453,-0.6931471805599453
-0.6931471805599453,-0.6931471805599453,-0.6931471805599453
-0.6931471805599453,-0.6931471805599453,-0.6931471805599453
0.0,0.0,0.0
-0.695900203237611,-0.3657899528407784,-0.31433294939204626
-1.0986122886681098,-1.0986122886681096,-1.0986122886681096
-0.6931471805599453,-0.6931471805599453,-0.6931471805599453
0.0,0.0,0.0
-0.6931471805599453,-0.6931471805599453,-0.6931471805599453
0.5281528526173831,0.5277099788821408,0.52749202769563
0.0,0.0,0.0
0.0,0.0,0.0
-0.6931471805599453,-0.6931471805599453,-0.6931471805599453
-1.3460473906519492,-1.2764449281165147,-1.4115659096676971
0.0,0.0,0.0
-0.7084570840534794,-0.5191966969129843,-0.5021077344892669
-0.6931471805599453,-0.6931471805599453,-0.6931471805599453
0.0,0.0,0.0
-0.9515867545934479,-0.9514858611204055,-0.9514361486659197
0.41675958176830913,0.36653408574803814,0.5989874396232582
-1.0986122886681098,-1.0986122886681096,-1.0986122886681096
0.0,0.0,0.0
-1.0986122886681098,-1.0986122886681096,-1.0986122886681096
0.0,0.0,0.0
-1.0986122886681098,-1.0986122886681096,-1.0986122886681096
-0.6931471805599453,-0.6931471805599453,-0.6931471805599453
-0.6931471805599453,-0.6931471805599453,-0.6931471805599453
0.0,0.0,0.0
-0.6931471805599453,-0.6931471805599453,-0.6931471805599453
0.0,0.0,0.0
-0.6931471805599453,-0.6931471805599453,-0.6931471805599453
-0.6931471805599453,-0.6931471805599453,-0.6931471805599453
-0.6931471805599453,-0.6931471805599453,-0.6931471805599453
-0.6931471805599453,-0.6931471805599453,-0.6931471805599453
0.0,0.0,0.0
0.13001317874731652,0.1058448938979214,0.2025480831064997
0.0,0.0,0.0
0.0,0.0,0.0
0.0,0.0,0.0
0.0,0.0,0.0
-0.164994327865081,-0.16543719513506686,-0.16565515286365592
-2.7868929566028737,-1.8861053649548756,-1.9497018120296088
-1.0986122886681098,-1.0986122886681096,-1.0986122886681096
0.0,0.0,0.0
-1.4534123877150906,-1.4406165475606034,-1.4926878762840619
0.0,0.0,0.0
-0.6931471805599453,-0.6931471805599453,-0.6931471805599453
0.0,0.0,0.0
-0.07277959551666079,-0.12020890869839293,0.08141081547877392
0.0,0.0,0.0
-1.0986122886681098,-1.0986122886681096,-1.0986122886681096
-0.6931471805599453,-0.6931471805599453,-0.6931471805599453
0.0,0.0,0.0
-1.7954955547239622,-0.9982650603105385,-1.0509523940397378
0.0,0.0,0.0
0.0,0.0,0.0
0.0,0.0,0.0
-0.8231603550393339,-0.7989920744761636,-0.8956952639490247
0.0,0.0,0.0
0.7398484662175207,0.7505036442799693,0.8289934112632105
-0.8787130282117681,-0.5521804931663236,-0.5301630005454082
-1.0986122886681098,-1.0986122886681096,-1.0986122886681096
0.0,0.0,0.0
-1.5073868921652334,-1.311993640956408,-1.3507640762927684
-0.6931471805599453,-0.6931471805599453,-0.6931471805599453
-0.6931471805599453,-0.6931471805599453,-0.6931471805599453
0.0,0.0,0.0
-1.0986122886681098,-1.0986122886681096,-1.0986122886681096
-1.0986122886681098,-1.0986122886681096,-1.0986122886681096
-1.0986122886681098,-1.0986122886681096,-1.0986122886681096
-1.1299875416287877,-1.1372130982170594,-1.191194956093183
0.0,0.0,0.0
-0.6931471805599453,-0.6931471805599453,-0.6931471805599453
0.8231603593072618,0.7989920744578667,0.895695263666445
-1.0986122886681098,-1.0986122886681096,-1.0986122886681096
-0.6613198811347375,-1.1229508412531224,-1.1641942664738896
-0.8467649910328466,-1.0068757612268844,-0.9929588627451884
-0.5279449892323995,-0.5283880792464871,-0.528606452241992
-0.8840392504034841,-1.3119936409750441,-1.3507640762191289
-1.0986122886681098,-1.0986122886681096,-1.0986122886681096
0.0,0.0,0.0
-0.6931471805599453,-0.6931471805599453,-0.6931471805599453
0.36904848378390404,-0.31718163302527075,-0.36898347264267883
-0.662758208500899,-1.0778145474440397,-1.1205511929559553
0.0,0.0,0.0
-1.3071962353174649,-1.3069930523500235,-1.3068930734580293
0.8231603567447117,0.7989920744350176,0.8956952639037181
0.0,0.0,0.0
-0.052017733171385604,-0.0928540311896329,0.12046090504361362
-0.6931471805599453,-0.6931471805599453,-0.6931471805599453
0.0,0.0,0.0
-2.200960669072273,-1.4037301681942214,-1.4564175024748152
0.0,0.0,0.0
-1.013339960739703,-1.0068757612471904,-0.9929588627877057
-1.1299875416267284,-1.1372130982155102,-1.1911949560930357
-1.0986122886681098,-1.0986122886681096,-1.0986122886681096
-1.626557277900509,-1.6270003679145968,-1.6272187409101015
-0.6931471805599453,-0.6931471805599453,-0.6931471805599453
-0.6931471805599453,-0.6931471805599453,-0.6931471805599453
-0.6931471805599453,-0.6931471805599453,-0.6931471805599453
-1.7272601736677893,-0.9663014443134682,-1.025623585594267
0.0,0.0,0.0
-1.0986122886681098,-1.0986122886681096,-1.0986122886681096
-1.0986122886681098,-1.0986122886681096,-1.0986122886681096
-0.6931471805599453,-0.6931471805599453,-0.6931471805599453
-0.6931471805599453,-0.6931471805599453,-0.6931471805599453
-0.6931471805599453,-0.6931471805599453,-0.6931471805599453
-1.7954955314581156,-0.9982650602322947,-1.0509523943014223
-1.0986122886681098,-1.0986122886681096,-1.0986122886681096
0.0,0.0,0.0
0.0,0.0,0.0
-1.4358185215849406,-1.432940312643635,-1.5640528661726416
0.0,0.0,0.0
-0.6931471805599453,-0.6931471805599453,-0.6931471805599453
-0.6931471805599453,-0.6931471805599453,-0.6931471805599453
-1.7954955609641086,-0.998265060086057,-1.0509523943666508
0.0,0.0,0.0
0.0,0.0,0.0
0.8231603567447117,0.7989920744350176,0.8956952639037181
0.0,0.0,0.0
0.14052308468207333,-0.007665999451989755,0.2046336186013387
-0.9515867546114494,-0.9514858609618319,-0.9514361486641796
-0.2867493701464871,-0.5521804931305399,-0.5301630003875364
0.0,0.0,0.0
-1.0986122886681098,-1.0986122886681096,-1.0986122886681096
-0.9484786912222948,-0.5658678496357497,-0.5406633664496218
0.0,0.0,0.0
-0.4636181622803793,-0.4634537976958677,-0.4633728130236508
-1.0986122886681098,-1.0986122886681096,-1.0986122886681096
-1.0986122886681098,-1.0986122886681096,-1.0986122886681096
0.0,0.0,0.0
0.0,0.0,0.0
0.0,0.0,0.0
-0.4636181622869133,-0.463453801204124,-0.4633728130240339
-1.5664087256395407,-1.5390595487249112,-1.6590752208533244
-1.0986122886681098,-1.0986122886681096,-1.0986122886681096
-1.0986122886681098,-1.0986122886681096,-1.0986122886681096
-0.9916939034607692,-0.9914153337591766,-0.9912782610104979
-0.5281528526772693,-0.5277099759326696,-0.5274920276952602
-1.0986122886681098,-1.0986122886681096,-1.0986122886681096
-0.6931471805599453,-0.6931471805599453,-0.6931471805599453
0.0,0.0,0.0
-0.6931471805599453,-0.6931471805599453,-0.6931471805599453
-0.6931471805599453,-0.6931471805599453,-0.6931471805599453
0.0,0.0,0.0
-1.1299875416287877,-1.1372130982170594,-1.191194956093183
-0.9515867546235527,-0.9514858604345497,-0.9514361486639732
0.0,0.0,0.0
0.0,0.0,0.0
-0.6931471805599453,-0.6931471805599453,-0.6931471805599453
-1.1088448989883866,-0.9860693798794051,-0.9753894850411408
-1.226066571793438,-1.0068757612662638,-0.9929588627282915
-0.8853095910459909,-0.9860693798744439,-0.975389485052109
0.0,0.0,0.0
-1.0986122886681098,-1.0986122886681096,-1.0986122886681096
-0.6931471805599453,-0.6931471805599453,-0.6931471805599453
0.011294473660144756,-0.03893102236012611,0.19352233151509382
-1.0986122886681098,-1.0986122886681096,-1.0986122886681096
-1.4534123909795666,-1.440616547540273,-1.4926878762526772
0.1790676908469305,-0.028472380892144624,0.18706424059684637
-0.030388969707130262,0.38466736690484316,0.4274040124559122
0.0,0.0,0.0
-0.6931471805599453,-0.6931471805599453,-0.6931471805599453
-0.6931471805599453,-0.6931471805599453,-0.6931471805599453
-0.6931471805599453,-0.6931471805599453,-0.6931471805599453
-0.6931471805599453,-0.6931471805599453,-0.6931471805599453
0.8231603496652902,0.7989920744867881,0.8956952638842265
1.1359268137327578,0.37681339116360807,0.4809868518331385
0.0,0.0,0.0
-0.920112628922165,-0.9058657703725573,-0.8748095685228252
-1.4534123927221367,-1.440616547632843,-1.4926878762695683
-0.52794498923784,-0.5283880846834192,-0.5286064522398553
-0.6931471805599453,-0.6931471805599453,-0.6931471805599453
0.8826946671443411,0.6333729093878215,0.646840372930652
-0.6931471805599453,-0.6931471805599453,-0.6931471805599453
-0.9491391416105505,-1.1637964380242247,-1.1484756306940185
-1.2373179420244493,-1.0036414932805764,-0.9900751915243294
-1.0986122886681098,-1.0986122886681096,-1.0986122886681096
-1.013339968662962,-1.0068757612244508,-0.9929588627393362
-0.6931471805599453,-0.6931471805599453,-0.6931471805599453
0.0,0.0,0.0
-0.6931471805599453,-0.6931471805599453,-0.6931471805599453
-0.6931471805599453,-0.6931471805599453,-0.6931471805599453
-0.6931471805599453,-0.6931471805599453,-0.6931471805599453
-1.0986122886681098,-1.0986122886681096,-1.0986122886681096
-0.6931471805599453,-0.6931471805599453,-0.6931471805599453
-1.0986122886681098,-1.0986122886681096,-1.0986122886681096
-0.6931471805599453,-0.6931471805599453,-0.6931471805599453
0.0,0.0,0.0
-0.6931471805599453,-0.6931471805599453,-0.6931471805599453
0.0,0.0,0.0
-0.4636181623070021,-0.46345380005732767,-0.4633728130243118
0.0,0.0,0.0
0.0,0.0,0.0
-1.0986122886681098,-1.0986122886681096,-1.0986122886681096
-1.1088448902082872,-0.9860693798789352,-0.975389485097989
-0.8467649807593666,-1.0068757612471904,-0.9929588627877057
0.0,0.0,0.0
-0.6931471805599453,-0.6931471805599453,-0.6931471805599453
-0.6931471805599453,-0.6931471805599453,-0.6931471805599453
-0.6931471805599453,-0.6931471805599453,-0.6931471805599453
-1.0986122886681098,-1.0986122886681096,-1.0986122886681096
-1.0244783513468927,-0.8828222596256452,-0.8550148336550659
0.8586478772674715,0.38466736690484254,0.4274040124559122
-0.6931471805599453,-0.6931471805599453,-0.6931471805599453
-0.4636181622869133,-0.463453801204124,-0.4633728130240339
-1.0986122886681098,-1.0986122886681096,-1.0986122886681096
-0.4585501548801937,0.27315427170106993,0.33247641684941465
-0.6931471805599453,-0.6931471805599453,-0.6931471805599453
-1.0986122886681098,-1.0986122886681096,-1.0986122886681096
-1.0986122886681098,-1.0986122886681096,-1.0986122886681096
-1.0986122886681098,-1.0986122886681096,-1.0986122886681096
-1.6265572779059496,-1.6270003733515288,-1.627218740907965
0.0,0.0,0.0
-0.197023420940763,-0.27315426375352286,-0.33247640503432185
-0.6931471805599453,-0.6931471805599453,-0.6931471805599453
-0.6931471805599453,-0.6931471805599453,-0.6931471805599453
0.0,0.0,0.0
-1.7954956721402595,-0.9982650603669008,-1.0509523944013766
-0.6931471805599453,-0.6931471805599453,-0.6931471805599453
-0.5281528526948643,-0.5277099854248785,-0.5274920276962894
0.0,0.0,0.0
-0.6931471805599453,-0.6931471805599453,-0.6931471805599453
-1.1088449068215882,-0.9860693798884709,-0.9753894850495269
-0.8567706835984853,-1.0155840186215224,-0.9995819137306975
0.13001317447938873,0.10584489391621829,0.20254808338907931
-0.7084571088472252,-0.5191966969281936,-0.502107734411473
-1.0986122886681098,-1.0986122886681096,-1.0986122886681096
-1.0986122886681098,-1.0986122886681096,-1.0986122886681096
-1.0986122886681098,-1.0986122886681096,-1.0986122886681096
0.0,0.0,0.0
0.52794498923784,0.5283880846834192,0.5286064522398553
0.0,0.0,0.0
-0.6931471805599453,-0.6931471805599453,-0.6931471805599453
-1.0986122886681098,-1.0986122886681096,-1.0986122886681096
-0.6931471805599453,-0.6931471805599453,-0.6931471805599453
-1.2210921699379302,-1.2215352577940906,-1.2217536327928393
-1.0986122886681098,-1.0986122886681096,-1.0986122886681096
0.0,0.0,0.0
-0.4234339019341801,-0.4237758850291623,-0.42394412096891954
-1.0986122886681098,-1.0986122886681096,-1.0986122886681096
-0.19674349209451997,-0.8363783299332087,-0.8710912070598195
-1.0986122886681098,-1.0986122886681096,-1.0986122886681096
0.0,0.0,0.0
-1.2260665742936798,-1.0068757612058146,-0.9929588628129759
-1.5785530673975428,-1.5547661907414476,-1.6834408644069947
-1.0986122886681098,-1.0986122886681096,-1.0986122886681096
0.0,0.0,0.0
-1.0986122886681098,-1.0986122886681096,-1.0986122886681096
-0.2867493845147345,-0.5521804931663236,-0.5301630005454082
-0.6931471805599453,-0.6931471805599453,-0.6931471805599453
0.0,0.0,0.0
-0.27545192936084795,-0.2996202142102428,-0.20291702500166472
0.0,0.0,0.0
0.0,0.0,0.0
-1.4207213272466457,-1.475425679831718,-1.5795991405012482
-0.6931471805599453,-0.6931471805599453,-0.6931471805599453
0.5281528526229986,0.5277099790152346,0.5274920276945132
-1.0986122886681098,-1.0986122886681096,-1.0986122886681096
-1.0986122886681098,-1.0986122886681096,-1.0986122886681096
-0.6931471805599453,-0.6931471805599453,-0.6931471805599453
-0.2813635495307806,-0.32858966904725184,-0.12686996975601636
-1.5664087385495247,-1.539059548458466,-1.6590752211605433
-1.0986122886681098,-1.0986122886681096,-1.0986122886681096
-0.6931471805599453,-0.6931471805599453,-0.6931471805599453
0.0,0.0,0.0
-1.453412387210075,-1.440616547567527,-1.4926878762419478
-1.0986122886681098,-1.0986122886681096,-1.0986122886681096
-1.0986122886681098,-1.0986122886681096,-1.0986122886681096
0.0,0.0,0.0
-0.6931471805599453,-0.6931471805599453,-0.6931471805599453
0.0,0.0,0.0
-1.0986122886681098,-1.0986122886681096,-1.0986122886681096
0.0,0.0,0.0
-0.885309591045991,-0.9860693798744439,-0.975389485052109
0.0,0.0,0.0
-0.6931471805599453,-0.6931471805599453,-0.6931471805599453
0.36904848378390404,-0.31718163302527075,-0.36898347264267883
-0.9484786912222948,-0.5658678496357497,-0.5406633664496218
0.0,0.0,0.0
0.0,0.0,0.0
-1.2210921698027117,-1.2215352571415061,-1.2217536328013086
0.0,0.0,0.0
-1.0986122886681098,-1.0986122886681096,-1.0986122886681096
0.0,0.0,0.0
-0.6931471805599453,-0.6931471805599453,-0.6931471805599453
-0.6931471805599453,-0.6931471805599453,-0.6931471805599453
-0.6931471805599453,-0.6931471805599453,-0.6931471805599453
-0.6931471805599453,-0.6931471805599453,-0.6931471805599453
0.0,0.0,0.0
-0.6931471805599453,-0.6931471805599453,-0.6931471805599453
0.0,0.0,0.0
-0.7398484662205627,-0.7505036442822499,-0.8289934112634216
0.0,0.0,0.0
-0.6931471805599453,-0.6931471805599453,-0.6931471805599453
-0.6931471805599453,-0.6931471805599453,-0.6931471805599453
0.0,0.0,0.0
-0.6931471805599453,-0.6931471805599453,-0.6931471805599453
-0.4636181622803793,-0.4634537976958677,-0.4633728130236508
-0.7084570819048952,-0.5191966969497415,-0.502107734406159
-1.0986122886681098,-1.0986122886681096,-1.0986122886681096
-1.6265572779108761,-1.6270003652496703,-1.627218740909473
0.0,0.0,0.0
0.0,0.0,0.0
-1.0986122886681098,-1.0986122886681096,-1.0986122886681096
-0.9515867546276031,-0.9514858608454515,-0.9514361486640006
-0.4636181623070021,-0.46345380005732767,-0.4633728130243118
-1.1088448902082872,-0.9860693798789352,-0.975389485097989
-1.0986122886681098,-1.0986122886681096,-1.0986122886681096
0.0,0.0,0.0
-0.5583339820593205,-0.14372071037051998,-0.10120243982074821
-1.0986122886681098,-1.0986122886681096,-1.0986122886681096
0.0,0.0,0.0
-0.6931471805599453,-0.6931471805599453,-0.6931471805599453
0.0,0.0,0.0
0.0,0.0,0.0
-0.6931471805599453,-0.6931471805599453,-0.6931471805599453
0.0,0.0,0.0
-0.8787129248619532,-0.5521804931130437,-0.5301630005135742
0.0,0.0,0.0
-1.0986122886681098,-1.0986122886681096,-1.0986122886681096
-0.6931471805599453,-0.6931471805599453,-0.6931471805599453
-1.013339968662962,-1.0068757612244508,-0.9929588627393362
-0.6931471805599453,-0.6931471805599453,-0.6931471805599453
-1.6265572779179691,-1.6270003730474654,-1.6272187409033516
-1.3629382382911288,-1.1637964017544058,-1.1484756414091541
-1.0986122886681098,-1.0986122886681096,-1.0986122886681096
-0.6931471805599453,-0.6931471805599453,-0.6931471805599453
0.0,0.0,0.0
0.0,0.0,0.0
0.0,0.0,0.0
0.0,0.0,0.0
0.0,0.0,0.0
-1.347536925893729,-1.3174745677359307,-1.4779729366764727
-1.0986122886681098,-1.0986122886681096,-1.0986122886681096
-0.6931471805599453,-0.6931471805599453,-0.6931471805599453
-0.6931471805599453,-0.6931471805599453,-0.6931471805599453
-0.6931471805599453,-0.6931471805599453,-0.6931471805599453
-0.6931471805599453,-0.6931471805599453,-0.6931471805599453
-0.6931471805599453,-0.6931471805599453,-0.6931471805599453
-0.16499432788267596,-0.16543720462727593,-0.16565515286468513
0.0,0.0,0.0
0.0,0.0,0.0
0.0,0.0,0.0
0.0,0.0,0.0
-1.0986122886681098,-1.0986122886681096,-1.0986122886681096
-1.476873600683278,-1.4468625185184858,-1.5777150582052686
-0.6931471805599453,-0.6931471805599453,-0.6931471805599453
-0.7084570819048952,-0.5191966969497415,-0.502107734406159
0.0,0.0,0.0
-1.3799325503424822,-1.4037301683494965,-1.4564175024321786
0.1111475221488716,0.4083014552102334,0.44482754076728626
0.0,0.0,0.0
0.4943081178340781,0.6333728240076508,0.6468403921839346
-1.5517950719680729,-1.0778145474290843,-1.1205511929817547
-1.0986122886681098,-1.0986122886681096,-1.0986122886681096
0.3420272740704415,-0.3051178798069555,-0.3578052138414312
0.0,0.0,0.0
0.0,0.0,0.0
-1.0986122886681098,-1.0986122886681096,-1.0986122886681096
-1.0986122886681098,-1.0986122886681096,-1.0986122886681096
-1.3071962352762616,-1.3069930476600764,-1.306893073456306
0.0,0.0,0.0
-0.6931471805599453,-0.6931471805599453,-0.6931471805599453
-0.6931471805599453,-0.6931471805599453,-0.6931471805599453
-0.6931471805599453,-0.6931471805599453,-0.6931471805599453
-0.16499432795072047,-0.16543719720885547,-0.1656551528659063
0.0,0.0,0.0
-1.0986122886681098,-1.0986122886681096,-1.0986122886681096
-0.6931471805599453,-0.6931471805599453,-0.6931471805599453
-1.0986122886681098,-1.0986122886681096,-1.0986122886681096
-0.6931471805599453,-0.6931471805599453,-0.6931471805599453
-0.6931471805599453,-0.6931471805599453,-0.6931471805599453
0.0,0.0,0.0
-0.3461868355637727,-0.4257894576092714,-0.4211401799515685
-1.0986122886681098,-1.0986122886681096,-1.0986122886681096
-1.0986122886681098,-1.0986122886681096,-1.0986122886681096
-0.6931471805599453,-0.6931471805599453,-0.6931471805599453
-1.0986122886681098,-1.0986122886681096,-1.0986122886681096
-0.6931471805599453,-0.6931471805599453,-0.6931471805599453
0.13001316910534483,0.10584489392684283,0.2025480833242812
-0.6931471805599453,-0.6931471805599453,-0.6931471805599453
-0.9744674422343178,-0.9982650602413322,-1.050952394324014
-1.108844899788321,-0.9860693798846735,-0.9753894850558712
0.0,0.0,0.0
0.0,0.0,0.0
-0.6931471805599453,-0.6931471805599453,-0.6931471805599453
-1.0986122886681098,-1.0986122886681096,-1.0986122886681096
-1.0986122886681098,-1.0986122886681096,-1.0986122886681096
0.0,0.0,0.0
-0.6931471805599453,-0.6931471805599453,-0.6931471805599453
0.0,0.0,0.0
0.0,0.0,0.0
-0.6931471805599453,-0.6931471805599453,-0.6931471805599453
-0.6931471805599453,-0.6931471805599453,-0.6931471805599453
-0.8122742839561612,-1.4754256798317178,-1.5795991405012482
0.0,0.0,0.0
-0.6931471805599453,-0.6931471805599453,-0.6931471805599453
-1.0986122886681098,-1.0986122886681096,-1.0986122886681096
-0.951586754626308,-0.951485861293126,-0.951436148664678
-1.0986122886681098,-1.0986122886681096,-1.0986122886681096
-0.6931471805599453,-0.6931471805599453,-0.6931471805599453
-1.0986122886681098,-1.0986122886681096,-1.0986122886681096
-0.6931471805599453,-0.6931471805599453,-0.6931471805599453
0.0,0.0,0.0
-0.536685618412042,-0.8572983728028891,-0.8879682141290132
0.0,0.0,0.0
-0.2754519438768308,-0.2996202141528496,-0.20291702475092405
-1.6265572779179691,-1.6270003730474654,-1.6272187409033516
0.0,0.0,0.0
0.0,0.0,0.0
0.28132035199713096,0.3051178797657213,0.35780521414772715
-1.013339968662962,-1.0068757612244508,-0.9929588627393361
-0.6931471805599453,-0.6931471805599453,-0.6931471805599453
0.0,0.0,0.0
-0.6931471805599453,-0.6931471805599453,-0.6931471805599453
-0.6931471805599453,-0.6931471805599453,-0.6931471805599453
0.8231603567447117,0.7989920744350176,0.8956952639037181
-0.6931471805599453,-0.6931471805599453,-0.6931471805599453
-1.0986122886681098,-1.0986122886681096,-1.0986122886681096
-0.6931471805599453,-0.6931471805599453,-0.6931471805599453
-1.5517950719680729,-1.0778145474290843,-1.1205511929817547
-0.6931471805599453,-0.6931471805599453,-0.6931471805599453
-1.0986122886681098,-1.0986122886681096,-1.0986122886681096
0.0,0.0,0.0
-1.0986122886681098,-1.0986122886681096,-1.0986122886681096
-0.04727082641090346,-0.5091049705709452,-0.5504483735789539
0.0,0.0,0.0
-1.0986122886681098,-1.0986122886681096,-1.0986122886681096
-1.0986122886681098,-1.0986122886681096,-1.0986122886681096
-0.6931471805599453,-0.6931471805599453,-0.6931471805599453
0.0,0.0,0.0
-0.22520651936874844,-0.5470795238663895,-0.5255783677069783
-0.6931471805599453,-0.6931471805599453,-0.6931471805599453
0.0,0.0,0.0
-0.6931471805599453,-0.6931471805599453,-0.6931471805599453
-1.0986122886681098,-1.0986122886681096,-1.0986122886681096
-0.6931471805599453,-0.6931471805599453,-0.6931471805599453
-0.6931471805599453,-0.6931471805599453,-0.6931471805599453
-0.46361816230912034,-0.4634538000876699,-0.46337281302389677
-1.0371521889407656,-1.0155840186215221,-0.9995819137306975
-1.0986122886681098,-1.0986122886681096,-1.0986122886681096
0.0,0.0,0.0
0.0,0.0,0.0
-1.4099176054390694,-1.4153837571173125,-1.4565224797136538
-0.6931471805599453,-0.6931471805599453,-0.6931471805599453
0.0,0.0,0.0
-1.0986122886681098,-1.0986122886681096,-1.0986122886681096
-1.949113316597751,-1.3119936409715358,-1.350764076960703
-1.2210921697977852,-1.2215352652433644,-1.2217536327998006
-0.6931471805599453,-0.6931471805599453,-0.6931471805599453
-1.0986122886681098,-1.0986122886681096,-1.0986122886681096
-1.0986122886681098,-1.0986122886681096,-1.0986122886681096
-0.5281528526933125,-0.5277099758581015,-0.5274920276967433
0.0,0.0,0.0
-1.795495509437913,-0.9982650603256665,-1.0509523947076724
-0.6931471805599453,-0.6931471805599453,-0.6931471805599453
-1.0986122886681098,-1.0986122886681096,-1.0986122886681096
0.0,0.0,0.0
0.0,0.0,0.0
-1.0986122886681098,-1.0986122886681096,-1.0986122886681096
0.28132029059233266,0.3051178795969419,0.35780521357734446
-0.8120768349517262,-1.0036414932800113,-0.9900751915239383
-1.0986122886681098,-1.0986122886681096,-1.0986122886681096
0.0,0.0,0.0
-1.3750293623160623,-0.6529380999500399,-0.7277262256030788
-1.0133399431875816,-1.0068757612268844,-0.9929588627451884
-0.6931471805599453,-0.6931471805599453,-0.6931471805599453
0.0,0.0,0.0
0.0,0.0,0.0
-1.6265572779913777,-1.6270003753635691,-1.6272187409102188
-1.0986122886681098,-1.0986122886681096,-1.0986122886681096
-1.0986122886681098,-1.0986122886681096,-1.0986122886681096
-0.6931471805599453,-0.6931471805599453,-0.6931471805599453
-1.0986122886681098,-1.0986122886681096,-1.0986122886681096
-0.6931471805599453,-0.6931471805599453,-0.6931471805599453
0.0,0.0,0.0
0.0,0.0,0.0
-1.0986122886681098,-1.0986122886681096,-1.0986122886681096
-0.6931471805599453,-0.6931471805599453,-0.6931471805599453
-1.013339943915345,-1.006875761201741,-0.9929588626399526
-1.0986122886681098,-1.0986122886681096,-1.0986122886681096
0.0,0.0,0.0
-0.6931471805599453,-0.6931471805599453,-0.6931471805599453
-1.551795059731595,-1.07781454744404,-1.1205511929559553
-1.4534123927221367,-1.4406165476328427,-1.4926878762695683
-0.6931471805599453,-0.6931471805599453,-0.6931471805599453
0.0,0.0,0.0
0.0,0.0,0.0
-0.6931471805599453,-0.6931471805599453,-0.6931471805599453
-1.0986122886681098,-1.0986122886681096,-1.0986122886681096
-1.0986122886681098,-1.0986122886681096,-1.0986122886681096
-1.0986122886681098,-1.0986122886681096,-1.0986122886681096
-0.2754519336287757,-0.2996202141919461,-0.20291702471908502
-0.6931471805599453,-0.6931471805599453,-0.6931471805599453
-0.6931471805599453,-0.6931471805599453,-0.6931471805599453
-0.8811470494995074,-0.9285348431640442,-0.9257252288486408
-1.153560434082892,-1.0036414932800113,-0.9900751915239383
0.0,0.0,0.0
-0.6931471805599453,-0.6931471805599453,-0.6931471805599453
0.0,0.0,0.0
0.0,0.0,0.0
0.0,0.0,0.0
0.0,0.0,0.0
-1.957260155745579,-1.4832796555618315,-1.526016301114934
-1.0986122886681098,-1.0986122886681096,-1.0986122886681096
-0.6931471805599453,-0.6931471805599453,-0.6931471805599453
-0.6931471805599453,-0.6931471805599453,-0.6931471805599453
-0.6931471805599453,-0.6931471805599453,-0.6931471805599453
-1.0986122886681098,-1.0986122886681096,-1.0986122886681096
-1.0986122886681098,-1.0986122886681096,-1.0986122886681096
-1.0986122886681098,-1.0986122886681096,-1.0986122886681096
0.0,0.0,0.0
0.0,0.0,0.0
-0.6931471805599453,-0.6931471805599453,-0.6931471805599453
-1.0986122886681098,-1.0986122886681096,-1.0986122886681096
0.0,0.0,0.0
-0.6931471805599453,-0.6931471805599453,-0.6931471805599453
-1.0986122886681098,-1.0986122886681096,-1.0986122886681096
-1.013339968662962,-1.0068757612244508,-0.9929588627393362
0.0,0.0,0.0
-0.5810974536133069,-0.5470795238672816,-0.5255783677076006
-0.8787129966981773,-0.5521804931305399,-0.5301630003875364
-0.6931471805599453,-0.6931471805599453,-0.6931471805599453
-0.6931471805599453,-0.6931471805599453,-0.6931471805599453
-0.5623471956020751,-0.5521804931701582,-0.5301630005547048
-0.6931471805599453,-0.6931471805599453,-0.6931471805599453
-0.4596279167845127,-0.7893963182145128,-0.7670397803418973
0.0,0.0,0.0
0.0,0.0,0.0
-1.10793789389221,-1.059681236551214,-1.2921346420946793
-0.6931471805599453,-0.6931471805599453,-0.6931471805599453
-0.6931471805599453,-0.6931471805599453,-0.6931471805599453
-0.6931471805599453,-0.6931471805599453,-0.6931471805599453
-1.0986122886681098,-1.0986122886681096,-1.0986122886681096
0.0,0.0,0.0
-0.6931471805599453,-0.6931471805599453,-0.6931471805599453
-1.0986122886681098,-1.0986122886681096,-1.0986122886681096
0.0,0.0,0.0
-1.5758418477042864,-1.326520089947767,-1.3399875534905972
0.0,0.0,0.0
-1.2260665580304246,-1.0068757612471904,-0.9929588627877057
-1.0986122886681098,-1.0986122886681096,-1.0986122886681096
-0.4636181622869133,-0.463453801204124,-0.4633728130240339
-0.878712972149968,-0.5521804932322077,-0.5301630005278638
0.0,0.0,0.0
-0.6931471805599453,-0.6931471805599453,-0.6931471805599453
-0.9021078245263915,-0.949290641279256,-1.1321677295101116
-0.6931471805599453,-0.6931471805599453,-0.6931471805599453
-1.013339943915345,-1.006875761201741,-0.9929588626399526
-1.3796432425401457,-1.3656693858861861,-1.42159265543518
-0.6931471805599453,-0.6931471805599453,-0.6931471805599453
-1.226066571793438,-1.0068757612662638,-0.9929588627282915
-1.1299875416287877,-1.1372130982170594,-1.191194956093183
0.0,0.0,0.0
0.0,0.0,0.0
-0.6931471805599453,-0.6931471805599453,-0.6931471805599453
-0.6931471805599453,-0.6931471805599453,-0.6931471805599453
0.0,0.0,0.0
0.0,0.0,0.0
-0.6931471805599453,-0.6931471805599453,-0.6931471805599453
-1.0986122886681098,-1.0986122886681096,-1.0986122886681096
-1.2260665742936798,-1.0068757612058146,-0.9929588628129759
0.6912980221621227,0.43009394437717674,0.6300599950926568
-0.6931471805599453,-0.6931471805599453,-0.6931471805599453
-0.6931471805599453,-0.6931471805599453,-0.6931471805599453
-1.0371521889407656,-1.0155840186215224,-0.9995819137306975
-1.1088448989883866,-0.9860693798794051,-0.9753894850411408
-0.6931471805599453,-0.6931471805599453,-0.6931471805599453
-0.6931471805599453,-0.6931471805599453,-0.6931471805599453
-0.6931471805599453,-0.6931471805599453,-0.6931471805599453
-2.053935135026791,-1.2566037390197928,-1.3092413624720907
-1.0986122886681098,-1.0986122886681096,-1.0986122886681096
-0.6931471805599453,-0.6931471805599453,-0.6931471805599453
-1.0986122886681098,-1.0986122886681096,-1.0986122886681096
0.0,0.0,0.0
-1.0986122886681098,-1.0986122886681096,-1.0986122886681096
-0.6931471805599453,-0.6931471805599453,-0.6931471805599453
0.0,0.0,0.0
-0.7084570840534794,-0.5191966969129843,-0.5021077344892669
0.0,0.0,0.0
-0.6931471805599453,-0.6931471805599453,-0.6931471805599453
0.0,0.0,0.0
-1.0986122886681098,-1.0986122886681096,-1.0986122886681096
-1.1299875416287877,-1.1372130982170594,-1.191194956093183
0.0,0.0,0.0
-0.2813203311974372,-0.3051178795261117,-0.35780521380670544
-0.882694667144341,-0.6333729093878216,-0.6468403729306519
0.0,0.0,0.0
-0.6931471805599453,-0.6931471805599453,-0.6931471805599453
0.0,0.0,0.0
-0.6931471805599453,-0.6931471805599453,-0.6931471805599453
-1.0986122886681098,-1.0986122886681096,-1.0986122886681096
-0.6931471805599453,-0.6931471805599453,-0.6931471805599453
-1.0986122886681098,-1.0986122886681096,-1.0986122886681096
-1.0986122886681098,-1.0986122886681096,-1.0986122886681096
-0.9515867546114494,-0.9514858609618319,-0.9514361486641796
-0.2813202616743725,-0.30511787968138687,-0.35780521376406876
0.0,0.0,0.0
0.8231603496652902,0.7989920744867881,0.8956952638842265
-0.35328344420312047,-0.5191966969221367,-0.5021077344216573
-1.0986122886681098,-1.0986122886681096,-1.0986122886681096
0.011294473660144756,-0.03893102236012611,0.19352233151509382
0.0,0.0,0.0
0.0,0.0,0.0
0.0,0.0,0.0
-0.2867493701464871,-0.5521804931305399,-0.5301630003875364
-1.0986122886681098,-1.0986122886681096,-1.0986122886681096
-0.6931471805599453,-0.6931471805599453,-0.6931471805599453
-0.07277960292324996,-0.12020890877872334,0.08141081503385163
0.0,0.0,0.0
-1.4534123846148708,-1.4406165475825157,-1.4926878762600906
-0.6931471805599453,-0.6931471805599453,-0.6931471805599453
0.0,0.0,0.0
-0.6931471805599453,-0.6931471805599453,-0.6931471805599453
-0.6931471805599453,-0.6931471805599453,-0.6931471805599453
0.0,0.0,0.0
-0.6931471805599453,-0.6931471805599453,-0.6931471805599453
-1.0986122886681098,-1.0986122886681096,-1.0986122886681096
-0.8817647528176189,-0.8876737741075574,-0.9290304520242285
-1.0986122886681098,-1.0986122886681096,-1.0986122886681096
0.0,0.0,0.0
-0.9314048759923609,-1.010328813585216,-1.0621306532026242
-0.46361816231571845,-0.4634538007570729,-0.4633728130239416
1.0445814707977819,0.9492906412829971,1.1321677295082746
-1.4962228505831285,-1.522544953309291,-1.6297059852477906
-1.3071962353425133,-1.3069930480007308,-1.306893073453805
0.0,0.0,0.0
-0.062250334711563216,0.019688877599541615,0.2436837086137343
0.528152852670617,0.527709976612308,0.5274920276947254
-0.07277960292324996,-0.12020890877872334,0.08141081503385163
0.0,0.0,0.0
-1.0986122886681098,-1.0986122886681096,-1.0986122886681096
-0.9515867546099204,-0.9514858611198662,-0.9514361486640572
-1.0135896913130291,-0.861505494312568,-0.8199441561260377
-0.6931471805599453,-0.6931471805599453,-0.6931471805599453
-0.6931471805599453,-0.6931471805599453,-0.6931471805599453
0.823160350613752,0.7989920744736363,0.8956952639607331
-0.6931471805599453,-0.6931471805599453,-0.6931471805599453
0.0,0.0,0.0
0.3420273610007244,-0.3051178797505933,-0.3578052134797926
0.5281528526037117,0.5277099779840092,0.5274920276961772
-0.8853095905566488,-0.9860693798822289,-0.9753894850433754
-0.9515867546059094,-0.9514858589663822,-0.9514361486638221
-0.16499432781049117,-0.16543720461612907,-0.16565515287286553
0.0,0.0,0.0
-1.0986122886681098,-1.0986122886681096,-1.0986122886681096
0.0,0.0,0.0
-0.6931471805599453,-0.6931471805599453,-0.6931471805599453
0.527944989251508,0.5283880803285007,0.5286064522403271
0.0,0.0,0.0
-1.0986122886681098,-1.0986122886681096,-1.0986122886681096
-0.6931471805599453,-0.6931471805599453,-0.6931471805599453
0.0,0.0,0.0
0.0,0.0,0.0
0.5281528526173831,0.5277099788821408,0.52749202769563
-1.0986122886681098,-1.0986122886681096,-1.0986122886681096
0.0,0.0,0.0
-0.5623472355951076,-0.5521804931663236,-0.5301630005454082
-1.0986122886681098,-1.0986122886681096,-1.0986122886681096
0.0,0.0,0.0
-1.0986122886681098,-1.0986122886681096,-1.0986122886681096
0.0,0.0,0.0
0.0,0.0,0.0
-1.3071962353167528,-1.3069930479614105,-1.3068930734582376
-0.645876354149042,-0.1840422099890001,-0.1426988069809913
0.823160355039334,0.7989920744761636,0.8956952639490247
0.0,0.0,0.0
0.0,0.0,0.0
-1.0986122886681098,-1.0986122886681096,-1.0986122886681096
-1.0986122886681098,-1.0986122886681096,-1.0986122886681096
-0.6931471805599453,-0.6931471805599453,-0.6931471805599453
-0.6931471805599453,-0.6931471805599453,-0.6931471805599453
0.0,0.0,0.0
-0.6931471805599453,-0.6931471805599453,-0.6931471805599453
-1.5664087203171857,-1.5390595486461425,-1.6590752206460069
-0.6931471805599453,-0.6931471805599453,-0.6931471805599453
0.0,0.0,0.0
0.0,0.0,0.0
-0.6931471805599453,-0.6931471805599453,-0.6931471805599453
0.0,0.0,0.0
-0.6931471805599453,-0.6931471805599453,-0.6931471805599453
0.0,0.0,0.0
0.0,0.0,0.0
0.0,0.0,0.0
-0.9314048759923609,-1.010328813585216,-1.0621306532026242
-1.0986122886681098,-1.0986122886681096,-1.0986122886681096
0.0,0.0,0.0
-1.0986122886681098,-1.0986122886681096,-1.0986122886681096
0.0,0.0,0.0
-0.3571567397969612,-0.4583594045985481,-0.4478974573506695
0.0,0.0,0.0
0.0,0.0,0.0
0.0,0.0,0.0
-1.0986122886681098,-1.0986122886681096,-1.0986122886681096
0.0,0.0,0.0
-0.6931471805599453,-0.6931471805599453,-0.6931471805599453
-0.6931471805599453,-0.6931471805599453,-0.6931471805599453
0.0,0.0,0.0
-0.6931471805599453,-0.6931471805599453,-0.6931471805599453
-1.2034353939927347,-0.9880695104160854,-0.9624767636577177
-1.5664087308341872,-1.5390595484752958,-1.6590752205597952
-1.3322122170482644,-1.2975192969028733,-1.4479653507364914
0.0,0.0,0.0
0.0,0.0,0.0
-0.6931471805599453,-0.6931471805599453,-0.6931471805599453
0.0,0.0,0.0
1.1023484230432572,0.3051178795969419,0.35780521357734446
-1.0986122886681098,-1.0986122886681096,-1.0986122886681096
0.0,0.0,0.0
-0.6931471805599453,-0.6931471805599453,-0.6931471805599453
-1.2210921698027117,-1.2215352571415061,-1.2217536328013086
0.9021078245263916,0.9492906412792561,1.1321677295101116
-1.519638892665864,-1.5198034121958042,-1.5198847132520938
-0.6931471805599453,-0.6931471805599453,-0.6931471805599453
-1.0986122886681098,-1.0986122886681096,-1.0986122886681096
-0.6931471805599453,-0.6931471805599453,-0.6931471805599453
-0.6931471805599453,-0.6931471805599453,-0.6931471805599453
-0.6931471805599453,-0.6931471805599453,-0.6931471805599453
-1.6150437050767181,-1.5862616182480442,-1.7299814964906703
-1.0986122886681098,-1.0986122886681096,-1.0986122886681096
-0.9916939034120735,-0.991415334482683,-0.9912782610106542
-1.0986122886681098,-1.0986122886681096,-1.0986122886681096
-1.0986122886681098,-1.0986122886681096,-1.0986122886681096
-0.6931471805599453,-0.6931471805599453,-0.6931471805599453
0.0,0.0,0.0
0.0,0.0,0.0
-0.6931471805599453,-0.6931471805599453,-0.6931471805599453
0.0,0.0,0.0
-1.616229892848708,-1.5862616358230235,-1.7299814823484645
-1.0986122886681098,-1.0986122886681096,-1.0986122886681096
0.0,0.0,0.0
-1.0986122886681098,-1.0986122886681096,-1.0986122886681096
-1.0986122886681098,-1.0986122886681096,-1.0986122886681096
-1.0986122886681098,-1.0986122886681096,-1.0986122886681096
-0.6931471805599453,-0.6931471805599453,-0.6931471805599453
-0.6931471805599453,-0.6931471805599453,-0.6931471805599453
0.0,0.0,0.0
-0.9593474644230117,-0.9285348610713032,-0.9257252248533515
-2.200960711711367,-1.4037301682650516,-1.4564175022454542
-0.6730624938384169,-0.7235528788742736,-0.7340107213440726
-0.6931471805599453,-0.6931471805599453,-0.6931471805599453
-0.6931471805599453,-0.6931471805599453,-0.6931471805599453
-1.0986122886681098,-1.0986122886681096,-1.0986122886681096
0.0,0.0,0.0
0.0,0.0,0.0
0.0,0.0,0.0
-1.7954955314581156,-0.9982650602322947,-1.0509523943014223
-0.5623471956020751,-0.5521804931701582,-0.5301630005547048
-0.6931471805599453,-0.6931471805599453,-0.6931471805599453
-1.0986122886681098,-1.0986122886681096,-1.0986122886681096
-0.6931471805599453,-0.6931471805599453,-0.6931471805599453
-1.0986122886681098,-1.0986122886681096,-1.0986122886681096
0.0,0.0,0.0
-0.6391168467262153,-0.5096920501261203,-0.4952660804384501
-1.0986122886681098,-1.0986122886681096,-1.0986122886681096
0.0,0.0,0.0
-0.6931471805599453,-0.6931471805599453,-0.6931471805599453
0.0,0.0,0.0
-1.0371521889407656,-1.0155840186215224,-0.9995819137306975
-1.0986122886681098,-1.0986122886681096,-1.0986122886681096
-1.0986122886681098,-1.0986122886681096,-1.0986122886681096
-1.6265572779108761,-1.6270003652496703,-1.627218740909473
0.0,0.0,0.0
0.0,0.0,0.0
-1.0986122886681098,-1.0986122886681096,-1.0986122886681096
-0.5704594359732452,-0.5709023032432311,-0.5711202609718202
0.0,0.0,0.0
0.13001317945745938,0.10584489405091482,0.2025480833744578
-0.10360419333560426,0.012075273529115804,0.08000396196571297
-1.0025358302436271,-0.925032716836978,-0.8896556139130108
-1.0986122886681098,-1.0986122886681096,-1.0986122886681096
-1.0986122886681098,-1.0986122886681096,-1.0986122886681096
0.0,0.0,0.0
-1.0986122886681098,-1.0986122886681096,-1.0986122886681096
0.0,0.0,0.0
-0.6931471805599453,-0.6931471805599453,-0.6931471805599453
0.0,0.0,0.0
-1.0986122886681098,-1.0986122886681096,-1.0986122886681096
0.0,0.0,0.0
0.0,0.0,0.0
-0.4596279167845127,-0.7893963182145128,-0.7670397803418973
0.0,0.0,0.0
0.0,0.0,0.0
0.0,0.0,0.0
-1.5664087308341872,-1.5390595484752958,-1.6590752205597952
0.0,0.0,0.0
-0.2754519438768308,-0.2996202141528496,-0.20291702475092405
0.0,0.0,0.0
0.0,0.0,0.0
-1.0986122886681098,-1.0986122886681096,-1.0986122886681096
0.0,0.0,0.0
-0.6931471805599453,-0.6931471805599453,-0.6931471805599453
0.0,0.0,0.0
-1.3322122297748369,-1.2975192967961287,-1.4479653509199706
-1.0986122886681098,-1.0986122886681096,-1.0986122886681096
0.0,0.0,0.0
0.0,0.0,0.0
0.0,0.0,0.0
0.0,0.0,0.0
-1.0986122886681098,-1.0986122886681096,-1.0986122886681096
-1.0133399496142723,-1.0068757612662638,-0.9929588627282915
0.0,0.0,0.0
1.0258326799042479,0.9784033799991996,1.18002310317695
-1.5773709652562529,-1.5225449533114,-1.6297059852466738
0.0,0.0,0.0
-0.6931471805599453,-0.6931471805599453,-0.6931471805599453
-0.6931471805599453,-0.6931471805599453,-0.6931471805599453
-1.0986122886681098,-1.0986122886681096,-1.0986122886681096
0.0,0.0,0.0
0.0,0.0,0.0
-0.6931471805599453,-0.6931471805599453,-0.6931471805599453
0.0,0.0,0.0
-0.6931471805599453,-0.6931471805599453,-0.6931471805599453
0.0,0.0,0.0
-1.0986122886681098,-1.0986122886681096,-1.0986122886681096
-1.0986122886681098,-1.0986122886681096,-1.0986122886681096
-1.0986122886681098,-1.0986122886681096,-1.0986122886681096
0.0,0.0,0.0
-0.6931471805599453,-0.6931471805599453,-0.6931471805599453
0.0,0.0,0.0
-1.5773709652562529,-1.5225449533114,-1.6297059852466738
0.0,0.0,0.0
0.0,0.0,0.0
-1.0986122886681098,-1.0986122886681096,-1.0986122886681096
-1.0986122886681098,-1.0986122886681096,-1.0986122886681096
-0.6931471805599453,-0.6931471805599453,-0.6931471805599453
-1.551795059731595,-1.07781454744404,-1.1205511929559553
0.0,0.0,0.0
-1.0986122886681098,-1.0986122886681096,-1.0986122886681096
0.0,0.0,0.0
0.0,0.0,0.0
-0.0727796268215077,-0.12020890836961694,0.08141081464803288
-0.5279449892336993,-0.5283880764754891,-0.5286064522383493
0.5281528526037117,0.5277099779840092,0.5274920276961772
-0.562347196744569,-0.5521804931305399,-0.5301630003875364
-0.3511197836259421,-0.9982650603256665,-1.0509523947076724
0.0,0.0,0.0
-0.6931471805599453,-0.6931471805599453,-0.6931471805599453
-0.6931471805599453,-0.6931471805599453,-0.6931471805599453
0.8586478914081276,0.38466736686913905,0.42740401242180925
-0.8853095924113601,-0.9860693799019804,-0.9753894850462165
-0.06144933312049518,-0.09970355000377641,0.027388077701235133
-0.6931471805599453,-0.6931471805599453,-0.6931471805599453
-1.0986122886681098,-1.0986122886681096,-1.0986122886681096
-0.6931471805599453,-0.6931471805599453,-0.6931471805599453
0.0,0.0,0.0
-0.9515867546222522,-0.9514858604159246,-0.9514361486642279
-1.0986122886681098,-1.0986122886681096,-1.0986122886681096
-0.6931471805599453,-0.6931471805599453,-0.6931471805599453
0.0,0.0,0.0
0.0,0.0,0.0
-1.389097727075231,-0.8572983727282657,-0.8879682144289491
-0.6931471805599453,-0.6931471805599453,-0.6931471805599453
-0.6931471805599453,-0.6931471805599453,-0.6931471805599453
-0.6931471805599453,-0.6931471805599453,-0.6931471805599453
-0.6931471805599453,-0.6931471805599453,-0.6931471805599453
0.0,0.0,0.0
-0.13130130817992278,0.11151309520377317,0.09492759560649758
-0.7084570819048952,-0.5191966969497415,-0.502107734406159
-0.6931471805599453,-0.6931471805599453,-0.6931471805599453
-0.4636181622803793,-0.4634537976958677,-0.4633728130236508
-0.6931471805599453,-0.6931471805599453,-0.6931471805599453
-1.0986122886681098,-1.0986122886681096,-1.0986122886681096
-1.0986122886681098,-1.0986122886681096,-1.0986122886681096
0.0,0.0,0.0
-1.0986122886681098,-1.0986122886681096,-1.0986122886681096
0.0,0.0,0.0
-1.0986122886681098,-1.0986122886681096,-1.0986122886681096
-0.8567706835984853,-1.0155840186215221,-0.9995819137306975
-1.307196235281913,-1.3069930493486426,-1.3068930734577269
-1.0986122886681098,-1.0986122886681096,-1.0986122886681096
-0.11114752214887152,-0.4083014552102335,-0.4448275407672862
-0.6931471805599453,-0.6931471805599453,-0.6931471805599453
0.5279449892323994,0.5283880792464871,0.528606452241992
-0.16499432793694668,-0.1654372015447107,-0.1656551528654321
-1.307196235306339,-1.3069930483073913,-1.3068930734573119
0.0,0.0,0.0
-0.6931471805599453,-0.6931471805599453,-0.6931471805599453
-0.35328344420312047,-0.5191966969221367,-0.5021077344216573
0.6462886000478753,0.5962274686121157,0.8287618071595527
0.0,0.0,0.0
-1.5664087385495247,-1.539059548458466,-1.6590752211605433
-0.4851871528741283,-0.4791657823084966,-0.46546683502366604
0.0,0.0,0.0
-0.23825769543241554,-0.31718163302527075,-0.36898347264267883
0.5279449892280134,0.5283880784418508,0.5286064522413254
-1.025832693151449,-0.9784033799697167,-1.1800231041468836
-1.0986122886681098,-1.0986122886681096,-1.0986122886681096
-0.6931471805599453,-0.6931471805599453,-0.6931471805599453
-2.2009606628321268,-1.403730168418703,-1.4564175021479022
0.0,0.0,0.0
-1.1023484915803143,-0.3051178798069555,-0.3578052138414312
0.11114752215297846,0.40830145521346417,0.44482754076751324
-0.6931471805599453,-0.6931471805599453,-0.6931471805599453
-0.9252595320004721,-0.9129065722790835,-0.9651958485645435
0.0,0.0,0.0
-0.6931471805599453,-0.6931471805599453,-0.6931471805599453
-0.6931471805599453,-0.6931471805599453,-0.6931471805599453
-1.0986122886681098,-1.0986122886681096,-1.0986122886681096
-1.0986122886681098,-1.0986122886681096,-1.0986122886681096
-1.2006752883421308,-0.0795494871034178,-0.06959879827408214
-1.0986122886681098,-1.0986122886681096,-1.0986122886681096
0.0,0.0,0.0
0.0,0.0,0.0
0.0,0.0,0.0
-1.0986122886681098,-1.0986122886681096,-1.0986122886681096
0.0,0.0,0.0
-1.0986122886681098,-1.0986122886681096,-1.0986122886681096
0.0,0.0,0.0
0.0,0.0,0.0
0.0,0.0,0.0
-0.6931471805599453,-0.6931471805599453,-0.6931471805599453
-0.6931471805599453,-0.6931471805599453,-0.6931471805599453
-0.6931471805599453,-0.6931471805599453,-0.6931471805599453
-0.6931471805599453,-0.6931471805599453,-0.6931471805599453
-1.0986122886681098,-1.0986122886681096,-1.0986122886681096
0.0,0.0,0.0
0.0,0.0,0.0
-0.6931471805599453,-0.6931471805599453,-0.6931471805599453
-1.0133399431875816,-1.0068757612268844,-0.9929588627451884
-1.0986122886681098,-1.0986122886681096,-1.0986122886681096
-1.0133399532654437,-1.0068757612058146,-0.9929588628129759
-1.0986122886681098,-1.0986122886681096,-1.0986122886681096
-1.588516496980712,-1.612110927988778,-1.6646982872213807
0.5281528526143987,0.5277099753034323,0.527492027695547
0.0,0.0,0.0
-1.0133400054915114,-1.0068757611906374,-0.9929588627192961
-0.275451931923398,-0.29962021423309193,-0.2029170247643915
-0.429421485335357,-0.5568792912151975,-0.5338593379256131
-0.6931471805599453,-0.6931471805599453,-0.6931471805599453
-1.0986122886681098,-1.0986122886681096,-1.0986122886681096
-0.6931471805599453,-0.6931471805599453,-0.6931471805599453
-1.0986122886681098,-1.0986122886681096,-1.0986122886681096
-1.0986122886681098,-1.0986122886681096,-1.0986122886681096
-0.6931471805599453,-0.6931471805599453,-0.6931471805599453
-0.9515867546276031,-0.9514858608454515,-0.9514361486640006
-0.9634304888510811,-0.8198818236889438,-0.807201402913207
0.5387370704563186,-0.18404230660459067,-0.14269877768548525
-1.3071962353093918,-1.3069930479956173,-1.3068930734575572
-0.6931471805599453,-0.6931471805599453,-0.6931471805599453
0.0,0.0,0.0
0.0,0.0,0.0
-0.8853095884422576,-0.9860693798846734,-0.9753894850558712
-1.0986122886681098,-1.0986122886681096,-1.0986122886681096
-1.0986122886681098,-1.0986122886681096,-1.0986122886681096
0.0,0.0,0.0
-0.22520651936874844,-0.5470795238663895,-0.5255783677069783
0.0,0.0,0.0
-0.5391196712133721,-1.2336527228363936,-1.2835304425901177
0.0,0.0,0.0
-1.307196235281913,-1.3069930493486424,-1.3068930734577269
0.0,0.0,0.0
0.0,0.0,0.0
0.0,0.0,0.0
-0.6931471805599453,-0.6931471805599453,-0.6931471805599453
0.0,0.0,0.0
0.0,0.0,0.0
0.0,0.0,0.0
-0.6931471805599453,-0.6931471805599453,-0.6931471805599453
-0.6931471805599453,-0.6931471805599453,-0.6931471805599453
-0.6931471805599453,-0.6931471805599453,-0.6931471805599453
-0.6931471805599453,-0.6931471805599453,-0.6931471805599453
-0.8853095887751596,-0.9860693798794051,-0.9753894850411408
-0.6931471805599453,-0.6931471805599453,-0.6931471805599453
-0.6931471805599453,-0.6931471805599453,-0.6931471805599453
-0.6931471805599453,-0.6931471805599453,-0.6931471805599453
-1.347536925893729,-1.3174745677359307,-1.4779729366764727
0.0,0.0,0.0
-1.5664087385495247,-1.539059548458466,-1.6590752211605433
-0.6931471805599453,-0.6931471805599453,-0.6931471805599453
-1.957260155745579,-1.4832796555618315,-1.526016301114934
0.0,0.0,0.0
-1.0986122886681098,-1.0986122886681096,-1.0986122886681096
0.0,0.0,0.0
-0.6931471805599453,-0.6931471805599453,-0.6931471805599453
0.0,0.0,0.0
-1.0986122886681098,-1.0986122886681096,-1.0986122886681096
-1.0986122886681098,-1.0986122886681096,-1.0986122886681096
-1.0986122886681098,-1.0986122886681096,-1.0986122886681096
-1.0986122886681098,-1.0986122886681096,-1.0986122886681096
0.0,0.0,0.0
-0.6931471805599453,-0.6931471805599453,-0.6931471805599453
0.18612547432826354,0.8328278549757817,0.8852972414370239
0.0,0.0,0.0
0.0,0.0,0.0
0.0,0.0,0.0
0.0,0.0,0.0
0.0,0.0,0.0
-1.0986122886681098,-1.0986122886681096,-1.0986122886681096
-1.0986122886681098,-1.0986122886681096,-1.0986122886681096
-1.0986122886681098,-1.0986122886681096,-1.0986122886681096
1.0258326791356227,0.9784033801516215,1.1800231035559998
-1.5664087303865302,-1.5390595485623035,-1.6590752207945674
-0.6931471805599453,-0.6931471805599453,-0.6931471805599453
0.0,0.0,0.0
-1.0986122886681098,-1.0986122886681096,-1.0986122886681096
-1.024478349740053,-0.8828222595897457,-0.8550148334825459
-0.6931471805599453,-0.6931471805599453,-0.6931471805599453
0.281320127259171,0.3051178798069555,0.3578052138414312
0.0,0.0,0.0
-0.5704594360682513,-0.5709023115850976,-0.571120260972601
-0.6931471805599453,-0.6931471805599453,-0.6931471805599453
-0.5623472355951076,-0.5521804931663236,-0.5301630005454082
-0.6931471805599453,-0.6931471805599453,-0.6931471805599453
-1.10793789389221,-1.059681236551214,-1.2921346420946793
0.0,0.0,0.0
0.0,0.0,0.0
-1.5517950391594548,-1.0778145474666387,-1.1205511927846814
-1.5517950476374145,-1.0778145474536671,-1.1205511930067698
0.0,0.0,0.0
-1.0986122886681098,-1.0986122886681096,-1.0986122886681096
0.0,0.0,0.0
-1.0986122886681098,-1.0986122886681096,-1.0986122886681096
-0.6931471805599453,-0.6931471805599453,-0.6931471805599453
-1.0258326709850623,-0.9784033804364812,-1.1800231036508657
-1.3322122400919871,-1.2975192966639217,-1.4479653513719686
-0.6931471805599453,-0.6931471805599453,-0.6931471805599453
-0.6931471805599453,-0.6931471805599453,-0.6931471805599453
0.0,0.0,0.0
-1.0986122886681098,-1.0986122886681096,-1.0986122886681096
-0.6931471805599453,-0.6931471805599453,-0.6931471805599453
0.0,0.0,0.0
0.0,0.0,0.0
0.0,0.0,0.0
-0.6931471805599453,-0.6931471805599453,-0.6931471805599453
-1.0986122886681098,-1.0986122886681096,-1.0986122886681096
-0.6931471805599453,-0.6931471805599453,-0.6931471805599453
0.0,0.0,0.0
1.1023483288779676,0.3051178797657213,0.35780521414772715
-0.6931471805599453,-0.6931471805599453,-0.6931471805599453
-1.062918350722517,-0.9801209200848912,-0.9711329460073989
0.0,0.0,0.0
-1.0986122886681098,-1.0986122886681096,-1.0986122886681096
-1.0986122886681098,-1.0986122886681096,-1.0986122886681096
-0.6931471805599453,-0.6931471805599453,-0.6931471805599453
0.0,0.0,0.0
-0.7790433826960146,-0.7792830693402687,-0.7794010457686039
-1.0986122886681098,-1.0986122886681096,-1.0986122886681096
-0.6931471805599453,-0.6931471805599453,-0.6931471805599453
-0.6931471805599453,-0.6931471805599453,-0.6931471805599453
-0.878712972149968,-0.5521804932322077,-0.5301630005278638
-0.6931471805599453,-0.6931471805599453,-0.6931471805599453
0.0,0.0,0.0
0.0,0.0,0.0
-0.8787129966981773,-0.5521804931305399,-0.5301630003875364
-0.6931471805599453,-0.6931471805599453,-0.6931471805599453
-0.6931471805599453,-0.6931471805599453,-0.6931471805599453
-1.0986122886681098,-1.0986122886681096,-1.0986122886681096
-1.0986122886681098,-1.0986122886681096,-1.0986122886681096
0.0,0.0,0.0
0.8586478585995097,0.38466736690669345,0.4274040122247361
-0.5704594360451111,-0.5709023096528749,-0.5711202609735965
-0.6931471805599453,-0.6931471805599453,-0.6931471805599453
-1.0986122886681098,-1.0986122886681096,-1.0986122886681096
-1.0986122886681098,-1.0986122886681096,-1.0986122886681096
-0.4636181623120727,-0.46345379844211926,-0.4633728130244867
-0.7295638048842057,-1.4157939216933804,-1.4675957613107884
-0.6931471805599453,-0.6931471805599453,-0.6931471805599453
0.5281528526143987,0.5277099753034323,0.527492027695547
-0.6931471805599453,-0.6931471805599453,-0.6931471805599453
-1.5785530673975428,-1.5547661907414476,-1.6834408644069947
-0.6931471805599453,-0.6931471805599453,-0.6931471805599453
-1.0986122886681098,-1.0986122886681096,-1.0986122886681096
-0.23975800011003473,-0.1811288456120608,-0.07543768204672101
-1.187137922880439,-1.1704053316998535,-1.238095329935203
0.0,0.0,0.0
-0.9916939034607692,-0.9914153337591766,-0.9912782610104979
-0.7295638048842057,-1.4157939216933804,-1.4675957613107884
-0.35328344420312047,-0.5191966969221367,-0.5021077344216573
-0.6931471805599453,-0.6931471805599453,-0.6931471805599453
0.0,0.0,0.0
0.0,0.0,0.0
-1.0986122886681098,-1.0986122886681096,-1.0986122886681096
0.0,0.0,0.0
-1.0986122886681098,-1.0986122886681096,-1.0986122886681096
0.0,0.0,0.0
-1.0986122886681098,-1.0986122886681096,-1.0986122886681096
0.0,0.0,0.0
-0.6931471805599453,-0.6931471805599453,-0.6931471805599453
-1.0986122886681098,-1.0986122886681096,-1.0986122886681096
-0.46361816231409125,-0.4634538004586389,-0.4633728130236944
-1.0986122886681098,-1.0986122886681096,-1.0986122886681096
0.0,0.0,0.0
0.0,0.0,0.0
0.0,0.0,0.0
0.0,0.0,0.0
-1.013339960739703,-1.0068757612471904,-0.9929588627877057
-1.0133400054915114,-1.0068757611906374,-0.9929588627192961
-1.0986122886681098,-1.0986122886681096,-1.0986122886681096
-1.0986122886681098,-1.0986122886681096,-1.0986122886681096
-0.6931471805599453,-0.6931471805599453,-0.6931471805599453
-1.0986122886681098,-1.0986122886681096,-1.0986122886681096
0.0,0.0,0.0
0.030388954158304247,-0.38466736689372144,-0.42740401244682436
-1.0986122886681098,-1.0986122886681096,-1.0986122886681096
-0.6931471805599453,-0.6931471805599453,-0.6931471805599453
0.0,0.0,0.0
0.0,0.0,0.0
0.0,0.0,0.0
-1.0986122886681098,-1.0986122886681096,-1.0986122886681096
-1.0986122886681098,-1.0986122886681096,-1.0986122886681096
-0.7565850145976682,-1.4037301684750652,-1.456417502509541
-0.9593474644230117,-0.9285348610713032,-0.9257252248533515
1.025832693151449,0.9784033799697166,1.1800231041468836
-0.6931471805599453,-0.6931471805599453,-0.6931471805599453
-0.6931471805599453,-0.6931471805599453,-0.6931471805599453
-0.3532834503258403,-0.5191966969129843,-0.5021077344892669
-0.6931471805599453,-0.6931471805599453,-0.6931471805599453
-0.7084570882295912,-0.5191966969058204,-0.502107734415618
0.8231603567447117,0.7989920744350176,0.8956952639037181
0.0,0.0,0.0
0.0,0.0,0.0
0.0,0.0,0.0
-0.6931471805599453,-0.6931471805599453,-0.6931471805599453
-1.0986122886681098,-1.0986122886681096,-1.0986122886681096
-1.0986122886681098,-1.0986122886681096,-1.0986122886681096
-1.3071962352762616,-1.3069930476600764,-1.306893073456306
-0.6931471805599453,-0.6931471805599453,-0.6931471805599453
0.0,0.0,0.0
0.0,0.0,0.0
-0.6931471805599453,-0.6931471805599453,-0.6931471805599453
-1.0986122886681098,-1.0986122886681096,-1.0986122886681096
0.0,0.0,0.0
0.0,0.0,0.0
-1.0986122886681098,-1.0986122886681096,-1.0986122886681096
-0.9515867546226279,-0.9514858594936811,-0.9514361486653853
0.33268548128665665,0.2852561997385474,0.4868759227561972
-0.6931471805599453,-0.6931471805599453,-0.6931471805599453
-0.6931471805599453,-0.6931471805599453,-0.6931471805599453
0.0,0.0,0.0
0.0,0.0,0.0
-1.0986122886681098,-1.0986122886681096,-1.0986122886681096
-0.6931471805599453,-0.6931471805599453,-0.6931471805599453
-1.0986122886681098,-1.0986122886681096,-1.0986122886681096
-0.5281528526050661,-0.5277099752012209,-0.5274920276925328
0.0,0.0,0.0
-1.0986122886681098,-1.0986122886681096,-1.0986122886681096
-1.4534123923440159,-1.4406165475523018,-1.4926878761220668
0.0,0.0,0.0
-0.6931471805599453,-0.6931471805599453,-0.6931471805599453
0.0,0.0,0.0
-1.10793789389221,-1.059681236551214,-1.2921346420946793
0.0,0.0,0.0
0.0,0.0,0.0
-1.0986122886681098,-1.0986122886681096,-1.0986122886681096
-0.6931471805599453,-0.6931471805599453,-0.6931471805599453
-0.6931471805599453,-0.6931471805599453,-0.6931471805599453
0.0,0.0,0.0
-0.6931471805599453,-0.6931471805599453,-0.6931471805599453
-2.200960669072273,-1.4037301681942214,-1.4564175024748152
-0.6931471805599453,-0.6931471805599453,-0.6931471805599453
-1.0986122886681098,-1.0986122886681096,-1.0986122886681096
-1.3160811191069015,-0.9872260997737118,-1.041993234436444
-0.6931471805599453,-0.6931471805599453,-0.6931471805599453
-1.5773709652562529,-1.5225449533114,-1.6297059852466738
0.1300131700538067,0.10584489391369094,0.20254808340078775
-8.69350972769401e-09,1.5769607841651385e-11,2.9428792731711217e-10
-0.6931471805599453,-0.6931471805599453,-0.6931471805599453
-0.6931471805599453,-0.6931471805599453,-0.6931471805599453
-0.6931471805599453,-0.6931471805599453,-0.6931471805599453
-1.0371521889407656,-1.0155840186215224,-0.9995819137306975
-0.6931471805599453,-0.6931471805599453,-0.6931471805599453
-0.9307333157383471,-1.0098603713181344,-0.9952873779699855
-1.0986122886681098,-1.0986122886681096,-1.0986122886681096
0.0,0.0,0.0
-0.6931471805599453,-0.6931471805599453,-0.6931471805599453
-1.1023483508981702,-0.3051178796723493,-0.3578052137414769
-0.9314048759923609,-1.010328813585216,-1.0621306532026242
1.3511053340192924,1.3273801529571108,1.4243017161585112
-0.6931471805599453,-0.6931471805599453,-0.6931471805599453
-1.0986122886681098,-1.0986122886681096,-1.0986122886681096
0.5281528526092248,0.5277099833510899,0.527492027694039
-2.200960669072273,-1.4037301681942214,-1.4564175024748152
0.0,0.0,0.0
-0.6931471805599453,-0.6931471805599453,-0.6931471805599453
-0.8811470494995074,-0.9285348431640442,-0.9257252288486408
-0.6931471805599453,-0.6931471805599453,-0.6931471805599453
0.0,0.0,0.0
-0.7295638048842057,-1.4157939216933804,-1.4675957613107884
-1.0986122886681098,-1.0986122886681096,-1.0986122886681096
-0.6931471805599453,-0.6931471805599453,-0.6931471805599453
-0.5810974536133069,-0.5470795238672816,-0.5255783677076006
0.0,0.0,0.0
-1.0986122886681098,-1.0986122886681096,-1.0986122886681096
0.0,0.0,0.0
-0.6931471805599453,-0.6931471805599453,-0.6931471805599453
-0.6931471805599453,-0.6931471805599453,-0.6931471805599453
-1.0986122886681098,-1.0986122886681096,-1.0986122886681096
-0.6931471805599453,-0.6931471805599453,-0.6931471805599453
-0.6931471805599453,-0.6931471805599453,-0.6931471805599453
0.0,0.0,0.0
-0.6931471805599453,-0.6931471805599453,-0.6931471805599453
-0.5623471956020751,-0.5521804931701582,-0.5301630005547048
0.07424592451137972,0.02691751888264463,0.2285869548920078
0.0,0.0,0.0
0.0,0.0,0.0
0.0,0.0,0.0
-0.8787129857950873,-0.5521804931701582,-0.5301630005547048
-0.6931471805599453,-0.6931471805599453,-0.6931471805599453
0.0,0.0,0.0
0.0,0.0,0.0
-1.0986122886681098,-1.0986122886681096,-1.0986122886681096
-0.6931471805599453,-0.6931471805599453,-0.6931471805599453
-1.0986122886681098,-1.0986122886681096,-1.0986122886681096
-1.0986122886681098,-1.0986122886681096,-1.0986122886681096
-0.672997073397564,-0.8862004012459072,-0.8576873027599083
-1.0986122886681098,-1.0986122886681096,-1.0986122886681096
0.0,0.0,0.0
-0.6391168467242759,-0.5096920501248301,-0.4952660804383614
0.0,0.0,0.0
-0.6931471805599453,-0.6931471805599453,-0.6931471805599453
-0.6931471805599453,-0.6931471805599453,-0.6931471805599453
-1.0986122886681098,-1.0986122886681096,-1.0986122886681096
-1.4534123900715255,-1.4406165475619337,-1.4926878762776168
0.3326854904251169,0.2852561998765358,0.48687592309092037
-0.7744771311630574,-0.5470795238663895,-0.5255783677069783
-0.6931471805599453,-0.6931471805599453,-0.6931471805599453
0.0,0.0,0.0
0.0,0.0,0.0
-0.6931471805599453,-0.6931471805599453,-0.6931471805599453
-1.187137917960901,-1.1704053317355625,-1.2380953299213628
-0.46361816231571845,-0.4634538007570729,-0.4633728130239416
-0.423433902000554,-0.4237758814193152,-0.42394412096946
-1.0986122886681098,-1.0986122886681096,-1.0986122886681096
-1.0986122886681098,-1.0986122886681096,-1.0986122886681096
-1.0986122886681098,-1.0986122886681096,-1.0986122886681096
-0.6931471805599453,-0.6931471805599453,-0.6931471805599453
0.0,0.0,0.0
-1.3071962353167528,-1.3069930479614105,-1.3068930734582376
0.0,0.0,0.0
0.04670128565757534,0.05735646372002393,0.13584623070326518
-1.604120561238116,-1.5929721003158483,-1.637775522216006
-0.5704594360630436,-0.5709023134668888,-0.571120260975577
-1.0986122886681098,-1.0986122886681096,-1.0986122886681096
-0.16499432788932838,-0.16543720394763725,-0.16565515286521998
-0.6931471805599453,-0.6931471805599453,-0.6931471805599453
-0.6931471805599453,-0.6931471805599453,-0.6931471805599453
-1.0986122886681098,-1.0986122886681096,-1.0986122886681096
-1.0986122886681098,-1.0986122886681096,-1.0986122886681096
0.28132035199713096,0.3051178797657213,0.35780521414772715
0.7398484662175207,0.7505036442799693,0.8289934112632105
-0.6931471805599453,-0.6931471805599453,-0.6931471805599453
-0.6931471805599453,-0.6931471805599453,-0.6931471805599453
-0.8567706835984853,-1.0155840186215224,-0.9995819137306975
0.8231603593072618,0.7989920744578667,0.895695263666445
0.0,0.0,0.0
0.0,0.0,0.0
0.0,0.0,0.0
0.0,0.0,0.0
-1.2260666114042085,-1.0068757612244508,-0.9929588627393362
-0.7879601806280633,-1.4423309779676525,-1.5490001695729754
1.1359268137327578,0.37681339116360807,0.4809868518331385
-0.6391168467262153,-0.5096920501261203,-0.4952660804384501
-0.6931471805599453,-0.6931471805599453,-0.6931471805599453
-0.6931471805599453,-0.6931471805599453,-0.6931471805599453
-0.6931471805599453,-0.6931471805599453,-0.6931471805599453
0.0,0.0,0.0
0.0,0.0,0.0
-0.6931471805599453,-0.6931471805599453,-0.6931471805599453
-0.6931471805599453,-0.6931471805599453,-0.6931471805599453
0.0,0.0,0.0
0.0,0.0,0.0
0.0,0.0,0.0
-1.0986122886681098,-1.0986122886681096,-1.0986122886681096
-1.0986122886681098,-1.0986122886681096,-1.0986122886681096
0.0,0.0,0.0
0.0,0.0,0.0
-0.6931471805599453,-0.6931471805599453,-0.6931471805599453
0.0,0.0,0.0
-0.03038899273781045,0.3846673668691394,0.42740401242180925
-1.0986122886681098,-1.0986122886681096,-1.0986122886681096
0.0,0.0,0.0
0.0,0.0,0.0
-0.6931471805599453,-0.6931471805599453,-0.6931471805599453
-0.562347196744569,-0.5521804931305399,-0.5301630003875364
-1.0986122886681098,-1.0986122886681096,-1.0986122886681096
0.0,0.0,0.0
-1.0986122886681098,-1.0986122886681096,-1.0986122886681096
-0.45273593451906785,-0.9145700786791096,-0.9559134816871184
0.0,0.0,0.0
0.0,0.0,0.0
-0.6931471805599453,-0.6931471805599453,-0.6931471805599453
-0.16499432781049117,-0.16543720461612907,-0.16565515287286553
0.5281528525998583,0.527709977083012,0.5274920276955087
0.0,0.0,0.0
