ho_likelihood,hol_likelihood,std_likelihood
-0.14152220545323813,-0.5701143636651854,-0.6291220903781787
-1.045857743947278,-2.0093617580058942,-2.2500948370284735
1.3490791852218438,1.4818739627473343,1.6646111924485685
0.4328781114383248,-0.034127506998642566,0.1796964946562806
-0.5390692721223015,-1.2397542963128925,-1.6362947089311475
-1.8685690955308132,-1.0149162310194593,-1.094964987579859
0.20962763016280817,-0.28846757908362913,-0.19821567780861615
0.27653208334288865,0.22693437476482292,0.12155216398616694
-1.0988339518430605,-0.4894081353624023,-0.6098205145975943
1.1617416231544635,0.7066755901656329,0.9142772653884051
1.0982758069651324,0.5912257061998425,0.8747530564307798
-1.0950971499832842,-1.3963482005433172,-1.4741303095505611
0.19484992251203728,1.4893499514047732,2.1234715666325354
-2.2679290774198027,-2.470708580009401,-2.918488966387703
-1.868275103215494,-1.5711934087228272,-1.6514735018034916
0.9436307068367293,2.8469429169975906,3.3807529718954528
-0.13279348626821527,1.0048537610725552,1.1480062054626574
-1.0793666811894274,-0.042975314295455404,-0.04255800259383517
-0.5566976018611324,-0.8711616230746682,-0.9509171073830013
-1.071889042788519,-0.6426233081757692,-0.5765082151806654
-2.3222020819219003,-1.3139728695489727,-1.535382155810636
-1.1035071738021924,-0.9979113352074673,-0.6119699723736767
1.4229418893720347,1.7348440464882224,2.3768939159284614
-2.044859162458745,-2.4674542816764333,-2.697935743315749
-0.9661266260104766,-0.8091990045378327,-0.8895153413886373
-0.6841827559004038,-0.8854066817967717,-0.8590013383886435
2.0425810526674293,1.779404294424803,2.2184872978824517
-0.774314340523513,0.2835067406124846,0.8940091607778271
0.8653957807651311,0.16976126302566247,0.3346857098199664
-1.8377701885918678,-2.2680229077178327,-2.5383276362906138
-1.0582037640226047,-1.6077029268063292,-1.9735901895632337
-1.5275544122104008,-2.565478257506341,-3.2658681676057895
-2.2931665740597653,-1.6470281295163298,-1.8479894964036312
-2.1824598813616922,-1.495829278189857,-1.1649386950056062
0.7521442780449384,0.7011334634563589,0.6810758238841216
-1.4822733701240367,-1.4316711619215448,-1.5717292856145382
-0.8813265508890207,-0.18427825999335087,-0.03778358647942315
-0.4707487650348476,-1.3372865850041542,-1.3074944131926658
-1.2494407253585607,-0.9255704819904677,-0.8186697630397259
-1.2993074851007729,-1.386403857508307,-1.3649327322351648
-0.2166056339489744,-0.6995282066033277,-0.30601516215859664
-0.4977203905108701,0.27377847093503543,0.49562816957225575
0.6349453673020212,-0.3429555644273029,-0.6188717122236339
-1.308678500664968,-2.0274014181504976,-2.248726328045751
-0.629971164952494,-1.2567856644727995,-1.7307575829226498
-0.8650905603043185,-0.35356814868298,0.01614213329791733
0.958768806779178,1.4364107465953972,1.8546478629474108
-0.31720557575476604,0.02633851435409153,0.3711664607827487
1.1465182319820333,1.3311475210472214,1.5293750495937355
-0.23380191266000144,-0.36897663459869495,0.08379449335355942
-0.8109494275375645,-0.8196134367102467,-0.6599422493396102
-1.9638496566558914,-0.7405501154087064,-0.7197180248782364
-1.8187667992362682,0.10595728535999575,0.14972853116357818
-1.6252265704376927,-0.8847503204503744,-0.9401710010545586
0.07469413206289229,-1.1582970916949167,-1.3964397920162628
-0.8099372759734004,-0.5662305879615092,-0.6952007580579808
-1.4270678572087954,-1.3045781840381037,-1.4829424577089039
1.8132509797132967,1.6291354674910972,1.9831541875095602
-2.505149180486181,-2.3791169428141883,-2.481933845919532
-0.7286130215843484,-1.0365013254737883,-0.9491240570644801
-1.167773593100094,-0.28117014296193676,-0.10511821507304672
0.9804070225706322,1.6476962935741277,1.9914589675295924
0.7827154327329443,2.0376324782375232,2.015447953757766
-2.209215539206005,-1.107104988307951,-2.1395481196163204
-2.2384565241721153,-2.4715642135191347,-2.811946217531761
-2.486094546956513,-1.7939336477215986,-1.8752942523525549
1.118974652613904,1.0946165390280749,1.5645908927680856
1.1799908218394732,1.3301233720814796,1.6770918266223156
-1.7371212770744464,-0.9167045042830589,-0.971868080384449
-1.399475339175821,-1.5194255675280617,-1.45258154157186
-0.14991715045725074,-1.1810826733010265,-0.7829029258441413
-1.2608571176266574,0.379356133259502,1.1268426974246244
-1.9972710768259538,-0.06450139096886603,0.30844840911851
-0.9298879943365432,-0.41595092683700124,-0.2055608299485204
-3.2219687731528386,-3.018734302825085,-3.443837213621814
-1.567043741288319,-1.6321658795747715,-1.2360493201066636
-0.42438459945458773,-1.6843839142807762,-1.975124985601509
0.5974493722436156,0.4736919722636322,0.9849870299241351
-0.32411863884726577,0.20295505592194932,0.26281674775478325
0.1346184003215497,-0.3253864255510269,0.001294186016941552
0.3221701433400784,-0.6678911488049304,-0.47303700464254617
2.0256328153242933,2.3451453943874623,2.787613438734118
-0.36810320857294526,-0.36627266333287495,-0.19855688777167416
4.867644534100755,3.4036482416847034,3.684889688102561
-1.5815765561176256,-0.5169371875347142,-0.4780538343973871
-0.8430535451251229,-0.21003209142237564,0.18090830593525226
-0.5490666391595533,-0.036208920101991934,0.24993307505348175
-0.03675519839114277,-0.2773207669435837,-0.2617992251556129
-1.2287370999615974,-0.6309669280489337,-0.5277310355830676
0.7522223121492619,1.3130912262959726,1.7415690719348744
0.031033151756755174,0.4414114090146731,0.7294719980551776
1.7519849843916284,2.591942713145749,3.2184715531638264
-0.528475651067425,-0.6010192302892219,-0.32547402591374935
0.547530700241563,0.08268057891494096,0.15745147372915017
-1.7004713940217713,-1.1334051086593182,-1.0887168797531817
-2.6511045385882603,-2.7686792164213783,-2.929574274349401
-1.396262721892365,-0.28651487283709365,0.24826820449052683
1.7264885875540783,1.953220302526019,2.5143307671936794
-1.3619483105970462,-1.9857832253293006,-2.399188194056217
-0.4752464748693709,-0.5523675017052754,-0.5707464606384988
-0.519673375959045,0.5396405954982492,0.742827664518475
1.252285949664605,1.6736732641865455,1.7588061785589866
2.8594925162149303,2.888780689458231,3.4722225899972496
-0.7568031711768987,-1.3855679345322505,-1.456601902804134
0.7863759492647612,-0.0038828008666858685,0.058766303428509525
1.3593328253907913,1.0974065399481876,1.1525327865497828
-3.1331215377689308,-2.664262488658874,-3.0661556978094344
-2.087036730333564,-0.8334332910847079,-1.0086301136522489
1.4190216182436703,2.6018608325702806,2.9831753682501394
-0.5106993480786837,0.022856388127731445,0.10977437570494145
-1.0844520768094377,-1.7613632743664906,-1.697485052047574
-0.04400401622867826,1.1057894831603892,1.4457503754767589
-0.9860283615579636,-1.1024400495823528,-1.0317846039693916
0.5841824149246818,-0.2780718844097419,-0.2703827862202387
0.12130909469848707,-0.19162011746099641,-0.12358696229028672
-0.964498462752662,-0.8586681237076804,-0.7319419214301905
-1.1978316230558894,-0.7548250346526878,-0.5024812542723112
0.667596934755111,-0.7062545257789854,-1.182287770945756
1.239502060445102,1.2439934473138465,1.1887553073994312
-2.5538290373362664,-1.302811115735733,-1.4916884380735145
0.7133132882624668,1.1967606028632671,1.5947750251063995
-0.558648008847897,-0.4878290229485372,-0.2888365119512362
-2.176269969705733,-2.755720476877647,-3.115817637380234
-0.37327448413470676,-1.000159316251019,-0.9080940024326458
0.3536042029568144,-0.5022169941093336,-0.6596895678162962
-2.1989108035409206,-3.0968472212889915,-3.68098728721705
-1.9109430881242055,-1.36997083715234,-1.5019986053015784
0.7425185708708549,-0.44975594623898285,-0.32368184706829894
-2.213150038369241,-2.4910824722292353,-3.1518834292204367
-0.5988323334123442,-0.7160560697408508,-0.4774604669058447
-1.188561756502215,-0.6633925495845059,-0.5722210783814676
-2.4450667987299624,-1.7414531970140237,-1.905125288836351
-0.719742199350936,-0.3776578400330993,-0.559845869826276
-1.318844004140266,-1.8761159087505093,-1.949488247079146
-1.4126804003008455,0.48667356982534987,0.9775629784774326
-2.1381825352485486,-1.1933559777581955,-1.4123605181586751
0.0868616458836017,0.3557574894725852,0.5634380108940311
-0.3002283042834047,0.0825768883903568,-0.1907398891566828
1.6083894010537594,1.5720953134188067,2.4173066838723143
-0.7525693436497335,-0.01351384403785822,0.5100659500524926
-2.3984622122209722,-1.1666344507774984,-1.0048345027829302
-1.475462530004074,-1.6258843491690191,-1.775649462475873
0.10265018280586498,0.29005102828754376,0.39350039117736485
2.608160989438694,2.110338557375208,2.5572660094328907
1.2231048628202061,1.5026213093615008,1.7157880034025723
1.0838764565753307,0.98839089003075,1.1467506336321882
0.2848553663864591,-0.2600989549471054,-0.1000652499642873
-1.2449889171580244,-1.2964530457538745,-1.2635735905306842
-0.9301335773592351,1.2322134226607269,1.3796118816730158
1.3207370673709404,1.1457472777708617,1.2190689277580895
0.43673390307466525,0.9732413000320689,1.452940732811709
0.3396243511053955,-0.6732750949575587,-0.5857012542769389
1.2765401098038542,0.6085962843851073,0.47045644198255326
-2.0274525742441476,-2.2854611892594283,-2.4966164279320506
0.03385282938119779,0.5523551236548355,0.7651329790622453
-0.772231500423888,-0.20605810105079686,-0.10832130453131225
-2.4262521387605926,-2.1789920586911244,-2.735841969751481
-1.1799397864819152,-0.4953840044714295,-0.32474974480832025
0.6957866830526039,0.8418539161285221,0.777373238428691
2.088808665922113,2.1655967039376836,2.4283409769654334
-1.071429488140448,-0.49643176956525775,-0.11588236275088813
-0.1367198690245616,0.41532940887676045,0.6780982735290689
0.8964273198836138,1.5889476280996169,2.0309080127051664
-0.09100525517362708,-0.6277536811886578,-0.4492404309032887
-1.5344094395662504,-1.3862900695746596,-1.3403227182857895
-2.2495253470779253,-2.585939511514665,-2.772879689634704
-3.15430188729161,-2.0696885692544,-2.199636557708294
-0.1826996737406627,1.4249380739153394,1.849420599613585
-0.8956404155062191,-0.773787993645476,-0.8570056324717419
-0.15866550328273382,-0.48722798582685267,-0.4541541485040935
-0.8108104526684324,-0.8427447092443067,-0.6934931467363957
-0.27064984770143585,-0.4563581608892279,-0.4356207304499049
-0.8185078523452327,-0.4640895441433562,-0.34342370382783677
-2.0479076076401608,-1.190135219399559,-1.211761948224336
-0.7872104651510536,-0.887822105087015,-0.9363862772062895
2.952960729656975,2.1577626621574475,2.6726223912062435
0.09999728436392545,0.9802931239057824,1.2063073731410703
1.7727778658313849,1.980611103687942,2.3836674169589127
1.116258332135631,1.2502597438059713,1.5218271797424903
-1.817223904687517,-1.3505209816866797,-1.2294918157270978
-2.5646963989343465,-2.9057795041537564,-2.914111309514127
0.8103019506447434,0.3813490119629796,0.42367133709353805
-1.141008505828501,-0.691390497795391,-0.9049376469019442
-0.09217941013678926,0.9047486751730375,0.8886131269623471
0.7194842714247007,-0.004600731663667078,0.19047104606194196
-1.4707646606649407,-1.9415540573187131,-2.2424795503543615
0.6134568013360177,1.221533969039998,1.3363723275201747
2.5776559953463614,2.254108056758385,2.5376463051469513
-0.616337814570682,0.8697623797501657,0.9773858799927402
0.48371763232714726,-0.02167011658603943,0.018618202729965748
0.8001439694557315,1.653554349711394,2.20771568762313
0.25027768849018456,0.2609655369445293,0.5785210252326458
-1.5150498277217574,-0.7745487918179552,-0.5408152322895456
0.018841562321145852,-1.0457165967357875,-1.111171325476437
-0.6963802285701427,0.15546146237394462,0.2687254415820353
-1.4399916921363953,-0.7090325507492689,-0.6289691467811496
-0.5532774815989472,-0.9215462199595231,-1.2759044617513393
-2.475874109178318,-2.311773058050851,-2.7564503549570394
0.5370043930707508,1.8820772978340494,2.2886472672735367
-0.3448793877187591,-0.3597840039893128,-0.31591028643177904
1.8273666571857539,2.469078573417004,2.8021817046231616
-2.3228895787970294,-2.5903067110854416,-2.6759120435660915
-0.7750521354312319,-0.10876758234784852,-0.19693440863438413
-1.7461856391099453,-1.684484739217341,-1.8251968189086671
-2.1723401493058727,-1.858015415214846,-1.780921898704413
-1.1533059625145998,-0.8275682999792127,-0.7378300235978189
-1.6657212192032689,-0.8041145585908385,-0.3515093913980054
1.7771559002018178,0.46227030984151624,0.5877781981335344
-1.7612525047203793,-0.6619708219252048,-1.1884187199423986
-0.8801551792673868,-0.15490561509115,0.12246002864701379
-0.5735212738582562,-0.84258541191768,-0.7099896608508875
0.25369348277478243,0.5587414133591854,0.5887640841940522
-0.29104943719876375,-0.29770977413169897,-0.30769134109565993
0.3991932257940288,0.33478970395001584,0.4620454473820426
-2.425848659734844,-1.9116436060213893,-2.0092749182802545
-1.3744938303737573,-1.7598219636696943,-1.8728399162655003
-1.6825272952052823,-1.7674266038228441,-1.7696334971034162
-0.15761324296283927,-0.5282983112600805,-0.38943692304092997
-1.1444941541159828,0.41525016327027653,0.8936533284045156
-1.801422637826462,-2.352872200726503,-2.6358103488718636
-0.11758063137838748,0.12194714056821775,0.1717309829766157
-0.01786144856718009,-0.02751671549124126,0.0339155534451961
0.4840958623792201,0.4448942795264939,0.8761223195844366
0.19893755694851584,-0.07629744041649851,0.12220660500531579
0.38271955426378196,1.6253167794574757,2.4166462394825903
-2.0262947138819167,-1.3213998066975723,-1.4045351576532108
-1.9698782779216557,-1.6058687691704288,-1.534327712343377
-3.0385392518064758,-1.9900756149011463,-2.13053330669954
1.791010453385825,2.017140088337992,2.547786219594095
0.16707467604234563,-0.6943615632279638,-0.6509720191150529
-2.204692041799212,-2.0246880718642633,-2.408468626358438
-0.3694258765240855,-0.8619771578830322,-1.0266469677892065
1.008218463335833,1.5067491978554448,1.668894367530937
-0.4862617675256272,-0.31866520752085886,-0.2691355695842806
-1.5081806450361828,-1.0108840333429396,-0.9094304338494934
-1.7615681486531367,-1.9209637176066798,-2.2649707250765316
-1.0892919180476586,0.1146430751762533,0.5821490585548391
0.3007005935977524,0.5068074918210631,0.8522835126671325
-0.3863129212908128,-1.188804961054319,-1.4560732834205365
0.7167874762198536,1.439561856337036,1.6067752108614393
-0.22408463234808107,-0.11472375314516484,-0.2075431512717316
-0.8862316657224096,0.5391357539762596,0.5657888060303964
-0.45650696587595596,0.6050073628373436,0.7451132121254548
1.6622048512265748,2.775661236832366,3.4800138106616956
-0.5008697860487781,-1.8643794307581558,-1.949128330363284
2.4503099529330594,1.7297269661026937,2.546727571222451
-1.4217567306108265,-0.5461767145123378,-0.5479932237745396
1.0661254970965022,1.7665673150781116,2.21099282252269
-1.5161667898496942,-0.8453831783367731,-0.5448857920896102
-0.01846103650013353,0.34380534779123023,0.6003419295255382
3.5288300551671887,2.2745369708381995,2.702105203698001
-0.30582333054961436,-0.8622831853336133,-0.954115869335501
1.3290792931058875,1.6060587500704646,1.7286603950094614
-2.9543433884310155,-0.58133184435087,-0.7871489009541942
-2.896497939678983,-2.8480659574970404,-2.999029959391762
-1.0285147976677251,-1.0873336292082108,-1.1945291215973206
1.8367684982587393,1.6399693029034939,1.853933839130181
-0.45073270187229786,0.4280930604499441,0.5522776779486979
-2.6533417133893065,-1.4154393888034014,-1.6702159036912485
1.3217914456168791,1.1230839645878279,1.2338716163126981
-2.555644195095873,-0.9921288640773482,-1.0455087706910964
-0.1697347290367673,0.24025354659164203,0.3384869897580126
0.20536735844614057,0.18429466072050574,0.20416666025402416
-2.161940449997627,-0.9621920331863762,-1.2680947115478851
-0.20988278531959245,0.014606077476541714,0.2096568595245214
-0.919590353615655,-1.01141382411608,-1.1319606862632097
-0.42663607372803913,-0.6103335391111679,-0.9821386872538285
-0.23624076428654783,-0.03791697299108245,0.14748063414371648
1.8848028290407748,-0.520909139847977,-0.7909733122608834
-0.7214502771518013,-0.19444061310255523,-0.10897455074046994
-0.6603586472279805,-1.4227396616852597,-1.7148539351451582
-1.9002054915361175,-1.4077839785487187,-1.563754692931167
-1.0653779211179983,-1.0016940626678374,-0.8305657197454152
-0.9526065667133348,-0.5942445783186979,-0.7742850779015373
-1.368204468657614,-0.7302125975329771,-0.797432645159065
-0.20273875810639397,-0.5218102762087385,-0.7635223079546003
0.6661074926326246,0.3438686393420766,0.5922789491760335
-1.2497972027645796,-0.9606878691096066,-1.276503182100595
-0.3107959288278125,-0.4980116206912805,-0.476066847388658
0.5485570262375935,0.0026789278979512513,-0.1122416252297671
-1.7275216168830059,-1.1636163493241662,-1.0248082771443858
1.317080063044841,0.39228168104037187,0.23233217574944923
-1.1072852584550987,-0.7109042239049997,-0.5833606088643036
0.3100125974883149,0.5249342387043702,0.6779132759966461
-1.2608789556116113,-1.8424126909771357,-2.2994541219222753
0.8708375244152702,-0.1323025410255341,-0.02994946646866553
-1.1025817869426553,-1.397012974947745,-1.2398536382814556
-1.1416193271438198,-0.9412874412330546,-0.8942164066997023
1.4976641824401395,0.7266994782090322,0.7088046578631699
-0.8706075579919912,-0.6991300965536055,-0.8132132418151042
-2.0185948619301946,-0.7722539106910001,-0.8440602056468237
-1.1799624021083897,-1.31380313757341,-1.33905253277299
0.14931484191458708,0.9329945991575606,1.2020693537623461
-0.7959359951052863,-1.3174052881591334,-1.298158302984047
-1.1789701639243886,-1.9757214003120565,-2.3868820476638515
-0.4149349239147709,-1.2135092698039547,-1.372807651470589
-3.5839383932085216,-2.5902889028780307,-2.850983012845226
0.2717779808722934,0.5087575897903519,0.641720565682593
-0.40603025387900027,-1.0468055872373445,-1.2037941470110234
-1.883668878113718,-0.9157904896287514,-0.9055170868996134
-0.22940843354137888,-0.062003579233403674,0.22330624668692658
-3.0757633693919573,-1.7032112336057927,-1.9621880254946762
-1.3865158739553953,-1.9783004055731965,-2.3054738926753497
-1.6346921954193834,0.05399019908533933,-0.054345485794099216
0.7890031483476935,0.8069755993851895,1.1254095088171678
-0.504806206713853,0.16702795262208153,0.18424361960591296
-0.16857481186348464,-0.7486315199913893,-1.1905964877089505
-0.33823448212272095,0.6899804560183223,0.893228513144748
-2.035971381493692,-0.9208050001193764,-0.8702722949191003
-0.6028209195303162,-0.38389317713521337,-0.38215212562644846
-0.13407265195833218,0.6374613577156915,0.9425295320205094
-1.7543951871282135,-0.6726397109333574,-0.29733018656100335
1.2694992522520767,1.1508339407879795,1.264815717901369
-1.0339804818724263,-0.2887533975954772,0.15927342690362364
1.5998647809496014,1.7245405820669695,2.0294439476417865
0.14135733925099897,0.2908725022275759,0.491842161466641
-1.999954609394163,-0.9800292024864827,-0.8223398850499188
0.09903042855410499,0.43909168226086737,0.7052318961487505
-1.4647445818711191,-1.3650653844976728,-1.4906026297261672
0.9672785672409764,-0.2900047310714956,-0.4103224926685707
0.4789146940586567,0.1884714047964692,0.5168838342436508
-0.05672508701061859,0.3151473732404571,0.8018161841393371
-0.49741281212152294,-0.06388179023497197,0.080005543441345
-1.0123592468312503,-1.267159756659106,-1.1047571097526876
-1.3107215297775876,-0.8436484254025723,-0.9632431783721688
-1.8728261372650548,-1.322458227574467,-1.2979535137505998
-0.4704158979402526,0.3471875009995896,0.5789478659827872
-2.2821913630441353,-1.5129182125469605,-1.8106865871715851
-0.8323643034461183,0.2826615456010149,0.28897824669897865
1.0049988662458422,0.7529075805653695,0.8967583593603751
0.8890487073175533,1.2653980741564939,1.2869956417441457
1.1004606367386236,0.6331305718192155,0.7681908161991815
0.41056836624463167,1.4393541705734363,1.744567113595862
1.5398557465304592,2.5219343279240767,2.973622082559264
-1.637557622714713,-1.8693218181455102,-2.0140302480025487
-0.5042359186384758,-0.2178899411106202,-0.3067032779194449
-0.952621409601301,0.32534475596412754,0.6016506524325729
0.6364890020164382,1.9541950554946537,2.254618926144658
1.9904603781942465,2.069957410874954,2.5854451227061963
-1.3035807900158711,-1.173301533935235,-1.234572985520932
-0.4372691447398476,0.12182207505266397,0.5113402213463413
-1.9738108877667937,-2.2572753779528094,-2.4636154813481332
-0.8144531744816061,-0.7843546077802492,-0.8720754232613646
-0.45495920436239945,0.4257488979523585,0.44420224073774683
-0.935042715115786,0.27641284195757754,0.09656085814729692
0.4744640910645921,0.181619642399507,0.2387142167835926
-2.4330824820737798,-1.5858225510096025,-2.003920473493277
-2.1812296845185437,-0.6427970423789557,-0.792121298950046
-0.30738831340464573,-0.6409838569513041,-0.4091138660250006
-0.13187131199410096,0.30588837280789705,0.5283371792755305
-2.5249193048600156,-1.980854093317623,-1.8339314622828495
0.36782518164082856,0.3348536048479671,0.5238809133379461
0.10427297249756139,-0.0676699665629393,0.4876124550579479
3.8330930960186556,2.7951399283508676,3.347979360012683
0.5360756433628987,-0.8220377176910936,-1.0949889523837293
-1.6512913390202115,-2.313619878721654,-2.7332055751529754
-2.593897573749674,-0.8572122144873614,-0.6633736328714004
0.9154448898613892,1.6496512156040966,2.294776680397683
-0.5318916781090446,-0.5968463591490444,-0.2387221777181043
-0.8707861700377777,-0.12712855523124036,-0.10467456539076303
-2.2476052581788046,-2.3229060014775755,-2.754349115746345
-4.037364978337738,-2.958894767545959,-3.3960365248698836
-1.0963042044425226,-1.432870426114589,-1.5674871688777499
-0.0733885875417807,0.6288059036462463,1.232885905324646
-1.0758991733199461,-0.7429989748192908,-1.0455116707977206
-0.5317471434167047,-0.4293807466918057,-0.23627104774287166
1.122397127303892,1.0823529020325715,1.0713301261487431
-1.7033348552412604,-1.2817980316038762,-1.3684487460149068
0.48804862902046586,0.9320557482308554,1.3849809452268986
-2.685372864809811,-2.061439178104713,-2.6706610324452433
-0.6867890211287294,-0.04917836014976147,0.4990246558615013
-1.5326887526964506,-2.0097316995600156,-1.9149627007589325
0.11150183272202835,-0.675940296554749,-0.7981666926926683
-1.0220330974478895,-1.11291037384478,-1.0932946919588042
1.097174160641088,0.9765422651482946,1.5325717790208866
-0.2632756539394217,-0.9766400594707606,-0.9882451924306214
-2.4355868490924415,-3.1978514720624323,-3.6739963605228474
-2.454756166967656,-2.211710211073874,-2.4159284989650303
-2.6227829062695838,-1.7978946536339915,-1.6896518807448886
-4.746797359458852,-3.7349084926268796,-4.331084688061155
-1.397466700387261,-1.9019099194505968,-2.3005916442795975
0.24260190413994728,1.6928413723507798,2.10352890906302
0.4271119156810597,1.4168731870037155,1.7960473490306024
0.7230081846908727,-0.27491307910357465,-0.25554232514884856
-2.3042357613110886,-1.772270765407991,-1.9665828588891607
-0.8779067677347717,-0.5322945529650599,-0.24088139638186096
-1.7536940445724285,-0.7248531211135602,-0.5832496564662782
-0.5204078992053306,-0.8730960122339232,-0.7031870246971855
1.2548736044887816,1.6107846754058839,1.6983248374717017
-1.7010745756268384,-1.2492114151126479,-1.259263368125789
-0.9810736437639106,-1.7116013420013279,-1.8571065216610751
-2.3113591324353275,-2.2091767067782655,-2.4886425124620777
-0.44378445510748604,0.4580013621770349,0.8646385739923058
-2.1804214866209017,-0.9500614421369973,-0.8636537179576634
0.4270061591714558,0.39980935584033034,0.7884028741535752
-2.0798680907703564,-3.0643042470429913,-3.4179108694896225
0.11572792715733984,0.4496166032931227,0.5200664602792199
-1.7293375644453042,-1.2336560656400615,-1.377541763940774
-0.9237981632887223,0.10565209603760158,0.793547804710009
-0.6618029105279892,0.5181278854436905,0.6708397379192398
-2.4001292571610713,-2.204246097953225,-2.6056379925773574
0.6115717473214196,0.5535426989047205,0.5142144423948587
-0.749927656030039,-0.15525728650916332,-0.4988799376005459
-1.5465202360927273,-1.157353978536676,-1.2270343403722912
3.464208981670215,2.41445462626685,3.048824831724635
-2.537011897756953,-1.9005314408245566,-1.9148307535609175
-1.3630022795003702,-1.24228128297057,-1.1792924880160007
-2.0335047466634184,-0.837000567667496,-1.196772111800833
-1.058812865956842,-0.8290864493520451,-0.7068366866747272
0.07874424698258481,-0.4500748629749741,-0.33297283951849993
-0.7655415003901113,-1.2181840392777663,-1.2879254570999938
-1.809077134983548,-1.0789732865592863,-1.2082972999754433
-0.09271714216325386,0.4268887438689469,0.7071283656348497
-0.11848051896326652,0.5144333813211907,0.773165392978268
0.3023332469361382,1.453752407920769,2.2531630632455735
-0.4942970522782993,0.2597150760357654,0.6196575297531841
-0.5372896069604536,-0.1762335450417922,0.033368738907275874
-2.103279062358922,-1.776220073812213,-2.2338453306169197
0.8674470744793187,0.0559332538655778,-0.015310632169191226
-0.6928378942198051,0.22847690970051673,0.039557263494315126
-0.2251705512763159,-0.08301760621204818,-0.5386508045092796
-0.8086754523842852,-0.9992590327631704,-1.0127183285044976
0.2644325176055902,0.47529075441761237,0.8613804564722707
-0.6229627073974454,-0.46217838734435496,-0.35761190385707886
-3.2442653176285754,-1.4050359986308667,-1.1359520402682204
-1.030555012632483,-1.3436576289914821,-1.4577501741039802
-1.315000567865989,-1.8740959531793704,-2.1168480248131964
0.7812802276851162,0.38664131832240856,0.5811027963136711
-0.17387557181931557,0.4812097555864088,0.6715865685882516
-1.3643897857291203,-2.2071443453279564,-2.5251651909482633
0.3590055704732268,0.3473766494420118,0.4516923008277712
1.2843578853781918,0.20018784200492093,0.07870120313102434
-0.32746803274684,-0.5210535387096829,-0.4557678176062975
2.7440582706778973,2.1784094614110225,2.5513305346309263
-1.8689669815562928,-2.050280449134923,-2.4006673910658023
-1.6396492638190534,-1.0104640143196688,-1.102624124608627
-0.02818377208614843,0.3527183254235662,0.49628536153499914
0.036525741794838584,-0.11646347715715254,0.1600586605836664
0.6123859773750416,1.741143053682626,2.055933000620162
-1.6722194946761046,-1.5700319469643595,-1.6950416294348072
-1.5003954475440286,-1.203608558869596,-1.3330885437198081
2.2018160606756263,2.0833917224062897,2.4387008808091477
-0.03398488020112268,0.8636525281389619,0.8299837382783707
-1.7350685258266596,-1.5454930326850642,-1.4773653222623693
-0.10638912139338268,-0.014729579805646088,-0.030597601602038612
-2.487917373775269,-1.9318199080936445,-2.1501097294360347
-1.010924219787351,-1.5896088718871235,-1.9090572551542782
-2.0842448367408624,-1.4083414183255274,-1.4746303340609526
-2.360988201073211,-2.6163523998233527,-3.342340394760337
0.668838344850159,0.8674079310001118,0.9111079762482966
-0.38928926756846804,-0.3499727289160785,-0.2784256678069674
1.6728804360819474,1.069253162915824,0.8870003675457752
-0.15941168065352454,2.192104321622331,2.7609645123637434
-0.7174014662955255,-0.1524256560689838,-0.29042299197348465
1.137748605212118,-0.6022180862832839,-0.7316108402702642
-0.6141541277097432,-0.3532768060877107,-0.5204731868806426
0.27609090630725247,0.45070850681848984,0.5439690724502886
-1.5441153233621685,-1.3394517189345017,-1.2794951653431583
0.16747080704187187,0.39970033633021546,0.25056060367865574
-0.4827332268378714,-1.5425126237314986,-1.920446626452187
-0.12413540706806893,1.238244251773243,1.9134356938054409
-1.0972160415927623,-1.6983630075430962,-1.9445104720267254
-2.7479694757026567,-1.651985071292455,-2.55998285483145
-1.2164848400482382,-1.8289324075629185,-1.8805605423979834
0.9490506014895463,0.35324281897694926,0.5147679151077108
-2.1811337629370584,-3.099321060740699,-3.4368168967588684
-1.276726976127079,0.6700485063909923,0.9161261868438836
-1.8638140175832634,-0.44409159115092395,-0.49965607416224245
-0.5370294062037282,-1.0848912754396605,-0.7933272478790478
-1.361567832395528,-0.9274493773339496,-1.2156492310788247
0.9890402100321519,1.1828724459800113,1.5276868217322324
-1.4408743156205295,-0.49301411145560875,-0.07669045089448595
-0.6193065174684106,0.39423303398423515,0.3369682356365748
0.1799979561176562,0.10894539968371493,0.41516023978235317
-0.7450604946631036,-2.095752239179585,-2.5105524119891975
-1.646594667277533,-0.9142584390541626,-0.7909555481112797
1.3145000410425536,0.30697882648123215,0.22325333890887264
0.6467206135726841,0.7695918677824467,0.9677730508844342
-0.8732296356057044,-0.08333269944290578,-0.19920676728565265
0.022910594508785506,0.5906032814981738,0.9220208420400785
0.2300115062370477,0.8945948524310758,1.0698024133311814
-0.09773102380941501,-0.4863310914256158,-0.5368695673370504
-0.8689088406391529,-1.9447184760268488,-2.123388031273557
-0.5750242913501594,-0.5230463850894331,-0.7737398007487996
-2.753376918033375,-2.4331354684988695,-2.778529703427329
0.7050684156275482,1.3118175715267786,1.4010653301351905
-0.05134813914480733,-0.1119162532080896,0.16429807062619978
-0.8640140263403704,-0.21092560208554578,-0.1968347080485347
-0.7302952525065215,-1.1669438342244127,-1.58062024616578
-1.5920529510160424,-1.535285568145709,-1.8802056794863522
-1.80999874974427,-1.1304644632120093,-1.1244891457606419
-0.8738542624124066,-0.18450414637370585,0.031128599023672106
-1.7694585459702017,-2.0275760564634795,-2.1102276451560855
-0.808766793421917,-0.7744779491455875,-0.7723756796026132
-0.1571478198162885,-0.703323053626431,-0.6807051350473204
-0.20667288264452804,-0.06833156892364116,-0.2342875642701681
-2.1112258128463437,-1.3665373979778315,-1.3313182018431466
-0.7026273709726076,-1.2518591790238962,-1.200348539890922
-0.8345138021446181,-1.2914264446616825,-1.0539906872985907
-1.0043190734980871,-2.233216994411084,-2.634563109407252
0.4237443201361944,0.8543174890948142,1.1348687387457361
-0.588001146200743,-0.6984668254566118,-0.7486617838961789
-1.5137093767331902,-1.5788039489007781,-1.9930663857061655
0.3788891952724444,0.16938583394150292,0.5878472990125869
-0.787625800522921,-0.669273281849682,-0.7550109550927311
-0.9505473058298121,-1.6113771375187442,-1.9733474705104803
-0.2809364564387548,-0.11180541837998666,0.7198415388875471
-2.4342789827421214,-1.0930377565416574,-1.0556859419713096
1.6452806868197452,1.63114482616868,2.2213034164473022
-2.257577846315355,-2.105474846986717,-2.35069595449203
0.2489995027322598,-0.39037662910772647,-0.41884264721992115
-1.8507504242877078,-1.2193906183515126,-0.9270146660795129
-1.7307739946061371,-1.8334099579425764,-1.9726212880827076
1.7386979150280173,0.7967542779988414,0.9965467098469896
-0.19727516889927654,0.5184907818006836,0.47082031712474687
1.3318083338240378,1.321591198612509,1.4230088326792638
-2.115877238989412,-2.920420376182463,-3.4316083951638783
-0.3209189213161034,-1.3412134048870845,-1.6218112396177051
1.6565025582837263,0.7493414052182855,0.7515941798288026
1.176960566171432,0.46457932482486214,0.6115713034209319
-0.6126576666905456,-0.5715012314600276,-0.761206348711101
-2.0761263704915978,-1.5130493682970438,-1.8199780888775503
1.8402645024108195,2.2539513923819516,2.7126192313745268
-2.9425984824934286,-1.536390598177334,-2.2223475179261354
-1.0114308068951727,-1.3027448929270828,-1.8065484009578185
-0.25269323391736065,-0.5019745959196004,-0.4087489199624812
-1.1276474750456023,-0.6758396409635672,-0.506243912884625
-0.5729639381513006,-0.39873523578235703,-0.5749799524883611
-0.9002447516328191,-1.4515737368763721,-1.5601848304484656
-1.6538456682349272,-2.332150542271183,-2.867583376703411
1.5320162875836574,1.116259572944614,1.4246112807996505
-2.0232779911810077,-1.051577279269772,-1.1281966245216795
-0.22248798425338767,-1.1967433658421802,-1.2845104926052928
-0.8934201863945478,-0.9024472080427269,-1.1594968833724568
-1.4814702185787632,-2.7537918622241,-3.042477330277784
-1.3113227159267136,-0.2910213550405088,-0.14205254224396752
-1.5945374567417707,-1.2130323810141659,-1.425458083411986
0.1409492271577353,0.8659073880694154,0.9837172852626422
0.49415570993710295,-0.2537055994082766,-0.23624932512239957
-1.9863196747082943,-2.885814472193007,-3.113590470738034
0.7313387958908038,1.3221876483485415,1.8101377016042977
-1.190318202519207,-0.7999623747912679,-0.767334660221672
-1.322531113586787,-0.9520105855980555,-0.8402294981020898
0.022077195073439537,-0.07975256901892268,0.10001656175794113
0.3868683093167428,0.42475187838178113,0.4065259568119012
0.4858924935860715,-0.011848064361737925,0.44131319951024245
-2.218249335062044,-1.4089771630234529,-1.2831842940380755
-0.563160838472696,0.4681631062232166,0.9902321925349153
-1.9645638594164827,-2.084997577636788,-2.298350446357343
-2.5451223237590095,-1.995088990822842,-1.7960358400855259
-2.7439014780476443,-2.514901494398121,-2.9113241768031446
1.238017805015015,2.161080820302707,2.715208978027239
-1.6266845871667854,-1.8024100847579185,-1.9654753763533912
-1.3392741490500515,-2.155662132561648,-2.601873089128288
1.4896832958375197,1.7897260339119252,1.87022791780824
-1.0234174548049075,-0.17381809192315273,0.3389634814120023
-1.686421153476435,-1.7251360793424229,-1.525001879129391
-0.7160736438951162,-1.503270166305066,-1.7394388422926854
-2.0863669212313347,-1.174063391251189,-1.0598739276332776
-1.2851956050505342,0.47439628961197783,0.7047827186975736
-1.1773376419968555,-0.19399609340173876,0.13665743025480706
-1.248756111718396,-1.0545254402823923,-1.1834040605214027
-1.8432299371141445,-0.9155308513994223,-1.0035363943376752
-1.7468892425697338,-0.77832651346823,-0.5204730084946276
-0.3664356887270753,-0.14467951723518058,0.12761245303303964
-1.8022456114903525,-0.672741935560856,-0.31921770894290113
-1.7432639730935757,-0.5989893538944098,-0.27820449780309003
-2.195837004800109,-0.9780547457802977,-0.7086609465799207
0.346828997950348,0.285570244589271,0.6801827849320848
-0.6816412652468353,0.14264803862963774,0.24970120199441923
0.6755502687519158,0.2875223241815753,0.3335405214285681
-1.9172327655253258,-1.8641294622271143,-1.928202926151944
-2.502269242519229,-1.8098213016254787,-1.9789324631269563
0.8858784773036266,0.3847930398745477,0.6913940674815222
1.4189478483117197,0.944013293190074,1.304393596170191
2.2170796115869176,2.6336473552096176,3.1356029312802836
-1.004509545471094,0.3031645300510512,0.34658644207758393
0.7139509706313508,-0.0132311028488615,0.06933030164443235
-1.1097560707198741,-0.23181533791636805,-0.01854001800442277
1.0994739327239882,0.7209587825834035,1.108666584545999
-1.3994879301116305,-2.3943690462515432,-2.725987776061588
-0.9291556959477854,-0.696853605865834,-0.47412032532132425
-3.315863296678873,-2.0634663675988105,-2.1705271224337186
-0.6623017335587863,-0.5392021874676426,-0.22679942699066016
-2.323599053077752,-2.2564088895582772,-2.5025447390150033
-1.6571505852419874,-1.9965521769179633,-2.0415692832030143
-2.7238536024384357,-0.4618734212174391,-0.14717313310233815
-1.895223003736013,-2.726436099263043,-3.038037607187271
-2.2571228888173094,-2.072695499015911,-2.1533010424972954
-1.814139022190539,-1.453007249480353,-1.5859498642784133
-2.1667300257542474,-2.62790493144408,-2.9793785569512443
-0.6244767735540947,-0.2121033388054666,-0.0879016791409716
-0.928208352170904,-1.1903819875804609,-1.174607694525743
1.2866808562520495,1.5764983099933443,2.0069702967473315
-1.527134293027534,-2.238333371833401,-2.3814278444539134
1.4683768905446328,2.0489438329268452,2.6204068758617183
-1.725618522033573,-1.4178711957882093,-1.4816369980374893
0.16379959410889192,0.3951603451546873,0.6703154732616532
-0.8157338553523638,0.15630512140848155,0.4550737841796666
-0.3837986689430183,0.3248798382924384,0.563502996597563
0.36467574567047023,1.0844275841482471,1.039604784509931
-0.43367203880832045,-0.5725725842793563,-0.5385285535598571
1.5408178550068239,1.468141604900541,1.8033169138016876
-1.876166015518736,-3.2807599983609843,-3.9129479871075197
-2.098749755735257,-1.602305314648296,-1.715196078987703
1.8543282726367043,1.1492604384966034,1.4053035476611861
-0.6902352643736973,-0.2485712708152095,-0.09337478377554821
-2.5597168233939747,-3.2518224357240637,-3.676553488846513
-0.5174625386608196,-1.6816117162054178,-2.21428923973271
-1.2961853836553259,-0.3085779634972782,-0.17593280033807698
-0.06596528971436734,-0.07535573476979901,-0.257865156619798
-0.13807509292339218,-0.6194645568439517,-0.8646061644593397
-0.40604615056086757,-0.388743939940467,-0.06844350960528639
-0.7942060188953927,-0.48144713101865433,-0.7442704434714815
-0.9561825163433941,-0.8949018897004358,-0.7604366267436892
2.1801248950477214,1.95944768306429,2.431850211180547
-0.0857049690239099,-0.9890143275386503,-0.9484752149433354
-0.5326633673008502,-0.9630218942175898,-0.28559288563639934
1.6192340611950657,0.6358031912560023,1.0719765159223364
0.08077551500883767,0.17253200564095297,0.17671226474365118
-2.828250111918411,-1.3819833786504774,-1.5901428126672386
0.610212582951435,0.09397514131166713,0.31591545498563783
-0.6949352750529455,-0.6744872084200252,-0.45423847358690156
0.01868033223955941,-1.3057628344455683,-1.7307290135047229
0.5792126139392446,0.6858082013199421,0.5615752187489577
-0.2169663504321809,-0.26302049639517483,-0.09221227484367582
-2.4145020373373844,-2.8590852294939686,-3.2338434227063444
-0.45174922784855687,-1.1624878175235924,-1.198105465336001
-2.225594261587263,-2.117154579304091,-2.5133878169177364
-0.2897201164580959,-0.6814533999959486,-0.5873496576734093
-1.0212176884969326,-1.938526558260283,-2.2016546614644072
0.7144637709383876,-0.5331150396658738,-0.40051199655984276
1.8317650849239053,0.8419364199407106,1.4369285940502048
0.051427027456107915,1.3890633929560336,1.7927746564620926
0.8412199976967536,0.3438360459538988,0.3255104821587235
-2.0643045681521905,-1.0496909665145906,-0.6833131894478156
2.1858371476867218,1.7364225551290886,1.6522638543342252
-1.206408451848867,0.4867499710157909,0.3988602089288579
0.736335398943007,0.31962066040548914,0.5680547210331449
-1.8039207327090012,-2.399859424045766,-2.559346722053868
0.27569837944529335,0.8348605954314703,1.4641990614517864
-2.9869475746308,-1.9133103296062426,-2.225851331421781
-2.2317196212804,-2.1113810327015226,-2.2407860383849605
0.3749608260265372,0.3227163728512633,0.3985100224798424
1.0212462849998505,0.2479849900060337,-0.05147955492218693
1.4377733006211173,0.10842378024653164,0.33110943232796064
-1.4204086054150422,-0.6945147042592029,-0.6648147433080831
-2.554810055105368,-2.7230241818363803,-2.9780212878024055
-2.3452181269931396,-3.3752035109444845,-3.8533752475587173
0.02115262578439087,-0.44606052570144755,-0.7519728257439653
0.4305651623575075,-0.20450330921755222,-0.24439063908719028
0.1407403199198449,-0.6092553924723169,-1.0107005685897554
-1.6690983183001065,-1.5739340068514402,-1.5825733896064065
-0.1311061246287549,-1.2237836104467361,-1.6632414451958117
-2.2884210926373116,-2.230314182116876,-2.4646213073128798
0.7047044563971606,0.7558699281233036,0.9949686088223937
-0.8604361775825798,-1.142414463932106,-1.1367139619877697
-2.2440365497244663,-2.177017349251816,-2.4419478106883195
-1.5697352491333794,-0.7907015112239362,-0.9861712415237885
2.272318101013967,3.0763240303904076,3.722094884390602
0.2930722994451384,1.2581495749156555,1.948515644974647
-0.02553654657743829,-0.6641783289941904,-0.8031583599736714
-0.7666990581297914,-1.7098018624024838,-1.7394799927562545
0.13087947001420094,-0.25294076292214596,-0.12485546042833878
-1.8649219846867693,-0.607461534354268,-0.4806421165686076
-2.0595362591932984,-1.174645139862904,-1.0652567904915708
-0.958419203503378,0.21620268582864746,0.22528852259706916
-1.9674430818333268,-2.2692329570168956,-2.3045375693031454
-0.2737134609619166,0.19472717766733708,0.4387735837876335
-1.344342760467287,-1.318478309990599,-1.3241395236161104
0.18398303591583923,0.386627973746952,0.23712488615425642
0.7878159498415949,1.2912572857178555,1.8382556958576473
2.92605065256433,2.302780409036156,2.3142812486826996
-0.16712116755354353,-0.7717844033975148,-0.8796634262331151
-0.6542346552659211,-0.5784381191776149,-0.658361004885863
1.1594747029595425,0.8484616099891094,1.3146216798835264
0.3124397216213766,2.0864202992491876,2.475735932114204
2.828324214645145,2.827086048611,3.305899102087346
1.0361370940354309,1.3872243017073038,1.7040834801829639
2.2538840715407025,2.550177987616858,2.9630266113630874
-0.04961118923329491,-0.2327775965282278,-0.3062288870493258
-0.22875046716239514,-0.33807637262900536,-0.11501884191061784
-2.228905212457554,-1.0269384958588708,-1.0717473174665426
-1.9044553858066524,-2.3282882462673045,-2.4066727104829346
1.5465557850380447,1.1847807990878376,1.1260310568001068
-1.3521107820517764,-1.3867172054662313,-1.262678434935865
-1.1506468347029026,-1.0285145774928266,-1.1093694707383916
-2.3821321944931584,-2.4019883762220213,-2.864524399792552
1.3637994183114521,2.2920372216141907,2.8817987285305815
-1.7297471575652477,-0.6006441572615242,-0.4595067737920559
-0.7480807046436156,-0.9175829039414829,-1.0974288857006054
0.8025339583195029,0.7145099512351274,1.0545554609952024
-0.70385018226818,-0.11051930025397541,0.1246405359675784
0.023337002853229864,-0.14485699130417065,-0.19311787587984783
1.0621111012391506,1.6138708181350807,1.9462482726995503
-2.7479852475269335,-3.1283155881548352,-3.6445126238570755
-0.3462234247208768,-0.9789775576656077,-0.9373852303568371
0.761348273543122,-0.6214700900078646,-0.8829859160439616
-2.359821935848381,-1.2163277032205768,-1.1899270220726508
0.4959774814382607,0.2527863268722892,0.1902246370972062
-1.2102919804037013,-1.9776653544294536,-2.4246691976950214
0.19478197454596474,-0.4861265498250591,-0.42371503623272005
-0.8913010246494512,-1.426631697754091,-1.6392821017513879
0.9011289176600242,1.421685307419714,2.017337150857897
0.07131010087614872,0.10152104639988957,0.038775834564656775
-1.5485463435974383,-1.2476930199218608,-1.2784076697179547
-2.968534979383925,-2.483747736213437,-2.740839700215524
-0.9445281491375336,0.0061392675278760505,0.6874046547062257
1.26021554806734,3.189956682827489,3.996933264438034
0.23681655909090643,0.5944935573363,0.9097277290948941
-1.614269325649772,-1.6440276593381384,-1.9597077653361732
-1.0896848228062597,-0.5739655569747337,-0.5171849944404783
-1.8585875697567056,-1.6458434445273598,-1.8168051859315468
1.0866734155128892,1.444997909457465,2.1135153161206826
-0.358980770307033,0.4548227772813728,0.44730437553528213
-0.802588853666475,-0.556219139912826,-0.3378743536729931
-0.9972445859282482,-0.5859166172546965,-0.6227856592567645
-2.661150578281033,-2.7596009282627296,-3.2783168470979387
-1.2129853592620234,-1.7669539534808858,-2.0629738823457746
1.6592042434523648,3.0764200599407148,3.6521279735593715
-0.62976544963824,-0.5504915227873433,-0.4065360654629002
0.011010228348106653,0.20462331463952063,0.35967665472851557
-1.4741516197903928,-1.541788604454435,-1.4727710230122435
-1.401290873509836,-1.0336971943186595,-0.7299927486373036
-2.2823726118440244,-1.7922140849976311,-2.1905922851580764
-1.4648572688417687,-2.7577601764826465,-3.620206017600681
-2.5816373080460897,-1.1401514616018469,-1.0655635824766818
-0.42063513691025545,-0.2960387098865216,-0.3183352430742405
-0.748822094532794,0.2483945591426091,0.22624539779632777
-2.0016144707635513,-2.0013226003549716,-2.2314570474169986
0.2452048679114417,0.28470024551795475,0.23654305867873918
-0.06565983085291625,-0.19789569836552323,-0.16613246339755444
-1.0936883777783641,-0.8039022550010693,-0.1263218917740257
0.8017414928828366,0.252111930269979,0.5298123713094701
-1.6543757698886994,-1.0476297450272447,-1.2026972970170906
-1.380582413764627,-0.9878701541551737,-0.9216670986305778
-1.134748903014171,-1.5296847032408958,-1.3852988805363629
-0.009208348428447453,-0.5891468200708033,-0.35638609721691744
1.2976670117320086,0.22880606653145621,0.331534418632277
-0.9083211810328282,-1.4222568922596637,-1.458152095015084
1.356318557899238,1.241972037165044,1.3522369900992233
-1.3365504292462842,-1.3252070174235335,-1.6155526052115639
-0.6080199960942165,-1.0116138629365214,-1.172963101321556
-0.3342003675961051,-0.2172523014450097,-0.5146545395647689
0.41234053480839516,1.0278229573311615,1.177115012332527
-1.3154125111966541,-1.4821533067594406,-1.5954223248801669
0.6637478114833403,1.2018785618002914,1.6038572600265844
-1.0803735532426244,-0.8587448436281178,-0.7331339655327814
-2.8348743516622714,-1.3198647421061225,-1.4038379676622061
-0.6990016337705868,-0.7186157121604099,-1.1184648344137722
0.6065925746533589,0.9513380853037094,1.2724869274105959
-2.480540582900813,-2.3588376116929584,-2.65071391450406
-1.4966561949232158,-1.7029035278171591,-1.8927248746112282
-0.5640613611097,-0.7101349083326717,-0.7583270689351651
0.5624579281473618,0.5923970653142849,0.9345636543737463
-2.0879680900495914,-2.30902430241698,-2.453493791957774
-0.2464964906362997,-1.1490365698697427,-1.3298363921703968
0.3749536082350459,0.7595050315014625,1.3816339820126933
-0.15224304481899859,-0.32258340779429673,-0.346878379631279
-2.322927076364085,-1.8379193851129452,-1.6517994710360429
0.0871999292575035,0.955714001645604,1.19298708086605
0.8729539235478722,1.1661810341195153,1.7702025769649425
0.22248875521393732,0.840718356493859,0.9756544679181768
0.5251650728830067,0.08227540050553439,0.42941696283604
1.0463521406002794,0.6656903709283992,0.955188353860916
-1.9340962648935842,-0.21152930881727663,-0.19063847568390585
-0.617167646835688,-0.2873459734277688,-0.10718863457270537
-0.13252331171503134,0.5962803934551507,1.032906130282876
-2.0720450512478488,-1.860741617776387,-1.7877423961168797
-0.694062080958076,-1.4185763502142235,-1.3800457662082917
-1.5069664777690954,-1.4453263760100328,-1.6303996632992
-1.718143838396847,-1.3867208825419763,-1.2649284064671962
-0.5468036991129149,0.5295532657396453,0.7220523182226412
-1.0682440339488002,-0.7640794450324013,-0.7505044873599014
-0.26775527560457696,-0.4681896764882557,-0.1940612229061002
-0.7885055560415374,-1.658165198994884,-1.883281161922515
-0.11164048148100607,-0.047038757439698146,-0.052253021898607775
0.7433547476663375,0.6337352070051622,1.1513691999777644
-0.4362576591422995,0.8435533153917749,1.0846701321481909
1.3425926316709489,1.1950088615418397,1.4139396890415579
0.6319772711534577,0.5302814543720604,0.7468935461302065
0.8345513776776255,-0.7332174812454365,-0.814055246195862
-1.0959190418922033,-0.7418169286884146,-0.6486299714987718
-0.6772321803475319,-0.687346652547303,-0.8791301016886778
-1.6693134168977952,-0.6938872068585853,-0.8076692552550077
0.7686802680046559,1.3569401548569544,1.9143139365856128
-0.9559633977023821,-1.9487611616008214,-2.6644702068419868
-1.6768535022885702,-1.7248992810223123,-2.1905848942776416
-0.8430292656278381,-0.8283747415641638,-0.7044043883694918
-1.4849687473434618,-1.1444546560615652,-1.3927523741910175
-2.7867130379585947,-3.050703521503687,-3.553198826092118
-0.550653481704711,-0.539095608736276,-0.5714064795148557
0.911050237997616,0.5564984401161791,0.8719597524433659
-0.8333103690727434,-0.8981090145001215,-1.0257910792703462
-1.9782888560483354,-1.552129957972402,-1.655297612178713
-2.0220228442276174,-0.6804016516942315,-0.8422280852843085
1.0205780902780828,0.9519486624872395,1.1157881230870872
-1.3699965585473164,-0.31282323972697346,-0.27682961939257084
-0.7813882998849934,-1.66165174453054,-1.8972359367423535
-0.5109635924879021,-0.8320486075914798,-0.5057836568409069
-1.6310997764354334,-1.275533809951092,-1.2945257194822999
-1.5067154743372349,-1.2852264135198943,-1.2907084870070968
-0.09663703977408561,0.2795387916716173,0.6244380098437604
-0.5154309025122056,-0.6036963063255604,-0.4175324843317524
0.5842077815429673,0.4432251821049936,0.6695006651481745
-0.008563688814098094,-1.165792624582943,-1.2579189982532866
-0.36041681069369097,-0.1786240123821197,-0.2848214963649099
-0.6311496040420123,0.6218111052286844,0.9197987623105636
-1.4201091401960286,-1.4585812892833423,-1.5522330468370527
-0.736477362443486,0.13661738097083825,0.17113392876327377
-0.3368469084860625,-0.9972983154227301,-0.8629406260526288
0.13056690693529588,0.18258032045854744,0.7649696190234427
-1.5020486646861202,-0.254022887245602,-0.162287689798529
-1.070400393409094,-1.1754536944029397,-1.6982808468922128
-0.3290215820030067,-0.07601584848339904,-0.010751867230796294
-0.9595939335538795,-1.1215588498885247,-1.4718563419835058
-1.006929922065945,-1.480662581606439,-1.3968374036295135
-2.0800544398517413,-2.6461548646974444,-2.9018301359844014
0.7432524898338452,0.41292318550373547,0.3304131606285583
0.46948094808822854,1.6224910627347073,2.084539450756482
-0.163536829907177,-0.1467712350645295,0.3492447856133804
0.2359750783634249,0.46959722069818016,1.2014903710503086
-0.8175543983133324,-1.3514699794373708,-1.7273129536376899
-2.2582997990876326,-2.3219638068645003,-2.430985750970734
-1.566818463932939,-1.5744312148295487,-1.610837036665528
0.2634622100704582,0.5281488383730882,1.3222604732573455
-0.8548665853306066,-1.2485003323641337,-1.180874339994725
-0.38463581871278274,-1.0048122697946247,-1.0428841064284193
0.5606831580535336,1.2865711918425111,1.8772271541553511
-1.590037350432893,-1.9335641510500872,-2.3142539156179964
-1.1178719826316337,0.5641751201887881,0.4848244180351469
0.11450617393965794,0.440439777765378,0.8908229773243327
-0.8133218874707263,-0.32472931006763966,0.05970927562610794
-1.3835910469990953,-0.25695403527340405,-0.10251178515378148
-0.5536118854594426,-0.43093419822498313,-0.34760976000621413
0.372320534417562,1.3118233742387235,1.5979162647672511
-1.5272882111915487,-0.947848357850104,-0.42323613340764277
-2.3724628945143063,-1.911097615116371,-2.1923177685146396
-0.5526731496811979,0.16783403994994842,0.26793795235167805
-1.0214028001842428,-1.129181778696444,-1.068358518740434
-2.8475974566562097,-2.2554059267077036,-2.5459628196171438
-0.08075728054493339,-0.21014026342774111,-0.12882709218784177
0.41460925731421683,0.15468580474847826,0.31944590316670557
-3.0854868729725653,-2.290806693761511,-2.5194550229128594
0.473166947493983,-0.2299581659692851,-0.38422813238123965
-1.8448572825824534,-1.4753566188773182,-1.2141499359513812
-0.8021330667595897,-0.11983104881333173,0.37281593922023276
-1.2919365419789781,0.06585673207540993,0.21444331559284346
-0.25115016655177064,-0.9400898284108896,-0.2777480890378191
-0.06105388970127248,-0.22373841476844744,0.11245985403164768
-1.5222281883158078,-1.4085610719409323,-1.4054949625196635
-1.3688162917026652,-1.201977842367766,-1.5098120806211415
-2.8124861690950764,-2.1531700241061085,-2.402436328561845
-0.5163085264864778,-0.4422666201449869,-0.6258492326126213
0.49988087407083687,0.7321740329107671,0.9669108585949456
-1.3774793369785086,-0.28626400107740074,0.12482915340454456
1.2978043482723831,1.3206530979734852,1.5477932138410535
-2.1625627767225852,-0.7576194677084805,-0.5942380398182654
-0.8877857898765232,-0.20425684293920562,-0.1019625314677592
-1.2151680102667914,-1.2603682997710801,-1.5693884290146662
-2.904510735615373,-1.2145157122195325,-1.328381374135906
-0.45620257033487693,-0.9225163608447544,-0.8218353823155197
-1.3755044368274265,-1.553227021121737,-1.8276220817700957
0.9414942067555909,0.6773401137574195,1.0833438590720064
0.6297450237220267,0.7085428320114088,1.3003777928448037
-3.779867734501048,-2.947579862011166,-3.6608681884299195
-3.1059847709246715,-2.8726079024783884,-3.2914406057984436
-3.0603472402756986,-1.610659726625051,-1.4286616107752084
1.054365887835303,0.17582891563113634,0.544259069948244
-0.8132854678803348,-1.3615310877858462,-1.5773096806200009
0.4123493844233417,0.03521938588080779,0.2838440644717705
-0.25213637003948636,-1.042667341319689,-0.832297844810316
-1.0436242637455655,0.06250061165373637,0.33466376497802985
-3.0283657649146516,-1.751552752994008,-1.5875126781476614
-1.3777348842578105,-1.0460720216973354,-1.2013240450263174
1.3525545638287082,1.416817038694047,1.4231766257582994
-2.0487180630617727,-1.871652124835028,-2.0230811293527107
-0.6266088655951162,-0.31482084635305907,0.1433375807338387
-1.1152849348035592,-0.36835748068722823,-0.24784939335756973
-1.0493317613772857,-0.2748513857250537,-0.07235583616203616
3.7615549983657197,3.329440403785286,3.7219701236317184
0.1256945401735705,-0.36011157061241417,-0.21014201184019254
-3.31320618708855,-2.43787644939937,-2.6585708488461193
-1.3013575845593965,-1.4256379100386378,-1.109499152090573
-1.521327947346794,-0.24303998107252558,0.315560257523324
-0.35289064297003286,-0.3581230312087884,-0.7329362709339096
0.3813795458627843,0.7085186211462107,1.2216009165743822
1.413243805025661,0.9642368128865784,1.5896588715193989
0.5253550254498541,-0.6726348230830044,-0.6681864193442411
-3.5012910732052687,-1.2706958269698603,-1.2155773900035913
-1.400773486824824,-1.7435978245235413,-2.156387386360085
0.8086367216103558,1.7376804381659146,1.9977559745572453
-0.8661964234729626,-1.2856260507462565,-1.2536674854525314
0.19441341858866068,0.5839456839062923,0.994228803818768
-0.5726117740433765,-0.6699121359931796,-0.7096516437288298
-2.234807669348399,-1.3474164872636614,-1.5180793508019241
-2.1819895869955257,-1.4193195876104405,-1.070138408565288
-0.5034497426216595,-0.029549430504706316,-0.14990390517753352
0.3355045645261516,1.50715056477333,1.8465956021199215
0.10297364603462193,0.10393255886979612,0.4239282899980249
-2.090461581471099,-1.5027415075508082,-1.7368007296718202
-0.46427462231328603,-0.6290127260696988,-0.510187066592352
2.5657147297003213,1.246345021687534,1.3268387094141334
-0.18954213042715817,0.0595334477784071,0.38506096336872575
-1.0799755740816288,-0.7466123447600849,-0.7341338897840478
0.2633662287668377,1.5582185535813198,2.2870913810678153
-0.048448993647157636,-0.9925132034513743,-1.0997679767502768
-0.5750706085652675,-0.8378625052265731,-0.9721328125863139
-3.1318725218125283,-3.499860670020126,-3.7876885734790524
-0.6112573804789819,-0.8280561994303223,-0.7040533743988461
-0.24763600763597413,0.8970930526103794,1.045193461177508
-0.016316810853125363,-0.18241590302436916,-0.093287561672168
1.0836509679734962,1.2785019407941576,1.766509955486576
0.35762226520481905,0.8112426840631911,1.0548202549126464
0.9115787072832044,1.5249215196629504,2.0186307415464233
-0.4606884676505152,1.052706604249728,1.4526698970672356
0.9553412385928123,1.5272532883355863,2.2657389766858067
-1.7027169069297599,-2.2324359967781016,-2.646033410634562
-0.560870797594376,-0.14403977383289396,0.03355744963370715
-0.35272913014118296,-1.0959807817587037,-1.2932004225999378
-0.40472514229541023,-1.0998681210106729,-1.4709038812090272
-0.7244976757277195,-0.699055131241003,-0.4782325915985391
0.7698650702670918,0.23852144048405702,0.29468033952488015
-1.1158573377400163,-0.8050092315833274,-0.7235681451984962
-1.5356399893823263,-0.7069623408432069,-0.428053448543328
-1.5699561611360011,-0.7783961991783618,-0.6417567884409213
-2.7851284457231236,-1.3989900769343766,-1.840633032653589
1.8121694014050622,1.261503612614394,1.3002828059132574
-0.27005381773322196,-0.853578890781176,-0.9616979969716367
-1.2842535855752057,-1.4950646444244782,-1.4785830092358228
-0.9042575599293621,0.5503415782866228,0.9502207980688759
0.5574477857317383,0.4700598227128111,0.9205178309923331
-3.0925039028474495,-2.2865389234179254,-2.330398834011962
-0.45204265069972016,-0.9326505014459179,-0.9318716178710325
-1.1849873834849125,-1.5003017034546962,-1.477934770685634
-1.3176181857034983,0.09367209209277641,0.4272827369840922
-0.5906626725967027,-0.5954947366320957,-0.6061044750007396
-0.2736787274191363,0.40421712454970693,0.9785445325989027
1.4715772476879607,1.5834442704734504,1.7235055626181006
0.3577976051310448,-0.31970990930029175,-0.39395384401712163
-0.9943355331847761,-0.8453775288227067,-0.8586101889430692
0.5410886742040131,-0.2342413031387708,0.1371023454122075
-1.3797744105624272,-0.7978978437731694,-0.8318054389481685
-0.7649618887912856,-1.6630195571350626,-2.009003339696404
0.38430512915043674,0.8231254267686605,0.6781212913729308
-1.0945715775437102,-2.278508725229335,-2.9638563185625584
-1.4846601975159748,-2.416023298236405,-2.9076702942755106
0.077960371529322,0.3552117486187504,0.2538974977154464
-0.35758100181787544,-0.6487435745505472,-0.6891462502049717
0.1947454548329542,0.34105417841734165,0.2758317201947297
0.600503737733983,1.4008007502311641,1.8667704022758485
1.5139540436007282,1.2590684217461416,1.2872896773219777
0.12178931881688344,0.006054615629432077,-0.07072195144970345
-0.7530355935326323,-0.25125465442692047,-0.1874723791239685
-0.37707498626553454,-1.3609818170799801,-1.8525692184356786
-0.6533588070264517,-1.523915193200386,-1.8630802049507464
-0.6419422815310861,-0.05712107072303677,0.07166227083079227
0.9316155662769953,1.454984741174291,1.728341724765732
-1.8060614739680507,-1.2397205430850293,-1.3477386786631225
-1.4276795873804289,-0.45814065676120486,0.0469846615473063
-1.662017275308353,-2.1028860472977784,-2.4155002768524545
0.7103624895528964,0.05164281419758371,-0.17734024872292573
0.09772734877706078,0.7579706873384334,0.9395353619815484
0.7593225860957374,0.8358575144806483,1.3736727879968107
-2.5896360773772824,-1.69135048042099,-2.11090767916573
-1.7828580275339139,-2.891159932775062,-3.550574752038461
-1.1847737303175825,-1.940621208028476,-1.8006058290829372
1.3133010868071362,2.5239747018927696,3.087251446652207
-0.5481737806267505,-1.2247502180393148,-1.3482771651267116
1.3579564469294312,1.2499836388576426,1.6856796310968203
-0.01716308915854581,0.43152301756814665,0.4537716648686245
-2.0086033333421867,-1.712675215699888,-1.9924120330815478
-0.00035091984476694367,-0.017293153605242223,0.03878606179232768
-1.4456982445383941,-0.4382278221253438,-0.34152843397197696
0.5727915994080827,0.4946230446404938,0.43549695759868534
-2.0470067184318124,-1.4829996406610606,-1.6931563750688226
0.17271061876035426,-0.8235085246494539,-0.8414273636513497
-0.879095852202168,0.23783768934045993,0.4253242752162275
1.2999564928035707,1.138867340730505,1.1149747154404541
-0.054654219815555585,0.15146221268576648,0.3560635202753241
1.2653398822906545,1.4007687832696496,1.8407431612253597
-0.4704331024712654,0.1987780722294351,0.6424565861919274
-0.4256242965206845,0.20899160010433465,0.46376588139398234
-0.04961846544047574,-0.8013144955777892,-0.9229460799149782
-0.9423900638769968,-0.4868888920977738,-0.4672815044267485
0.20332678207089497,0.05146432693741353,-0.1607437661981302
-1.1518497445700366,-1.019031338843166,-1.3004338079466897
1.1866848350803583,0.5507072809422601,0.5397990748489807
-1.2295145218731016,-0.9452993204126038,-0.7337239930004912
-0.34055381237098653,-0.4354738755733056,-0.4939255777765184
-0.27107374391518957,-0.15586629224137075,-0.12313288088692806
-1.2489867382277198,-0.6632244822862344,-0.5143850887526941
-0.6986111519597521,-0.2161100520024399,0.1651960506859105
0.13511249621138602,0.8118175183005719,1.5107786921171378
-1.2527427651089371,-1.2804777346909564,-1.3360639393448104
-1.8273691201241338,-1.9312159787421157,-2.082752713369916
-0.49427237306274413,-0.526660766319058,-0.31510852569352565
-1.7767900529228127,-1.7185295886825036,-1.9815025158124768
-2.500959396387469,-2.281539406336186,-2.6791923829856814
1.0180064226847962,0.00312081790865363,0.18231057547276597
1.4840227691856434,1.1337511068437276,1.1142510842076057
-1.1041446257562713,-1.4302124193403858,-1.649830424553305
-0.48902354568276774,0.4605348198518076,0.8495651644272385
-1.327825911232269,-0.6547727074990348,-0.16503932593790666
-0.6688455447133783,-0.5711744954460526,-0.06872199502499399
-1.5121665285032257,-0.17673004698349304,0.5920026360057254
1.6092319627590526,1.8632306478509828,2.577655524244003
-2.0781349909120705,-1.6293791109419309,-1.7479370756827908
-0.552078010919844,-1.1650409466886125,-1.2485676251216695
-1.2606441247051718,-0.6531812576626294,-0.6655077204857042
4.218828533238123,4.170138621481994,4.720652659222111
-1.4878912886556173,-0.3626302339427495,0.09593448110713967
-0.8907326607523754,-1.7183808890551517,-1.9590898856434058
-0.38430695606339904,-1.5412194971561675,-1.7316981899203154
-0.09904264458054328,0.5629509446644589,0.8515760630937973
-0.4133062596996706,0.4009382072255145,0.9749822776261999
-1.098054142089488,-0.798129500797522,-0.5945713829382611
1.5644391888681088,1.444282543002425,1.5010760780739019
-0.3271565307153577,-0.4903325904167974,-0.14002662195860657
-0.865215662382873,-0.026906759035356522,0.23519706643254115
1.4307149125353418,1.4539006295245427,2.0574074738044206
-1.5285962428749065,-1.4408313546150355,-1.590089937500477
-1.6737532976883314,-0.6229296959205032,-0.5992973954309545
0.022915813644405487,1.6951609033350066,2.0098046506653655
0.5098509089136274,0.522486478516509,0.8344698619924993
0.9506936649386892,0.46990180436495244,1.0596569084653638
-0.5397372464604809,0.29959214171769627,0.53575767655815
-1.5617747599304224,-0.9730672294876612,-1.1669698339836798
-0.07030803927626289,0.0938058649418576,0.4093862777038797
1.8751505371400001,1.410006973371661,1.910715840287321
-0.4532187273965262,-0.23541715260572732,0.19228235053120035
-1.3411591374323046,0.19010470636017235,-0.09104256263538171
-0.41314689645427466,0.9574123638253276,0.8191953377463035
-0.5084437758204712,-0.7308584596265434,-0.6610835054868058
-1.6363383128050013,-0.9991592722341219,-0.713153488876507
-2.7940656028502535,-1.6158192908382756,-1.7023891100648605
-0.1470063826305785,0.45644405818657946,0.5458079507972283
-1.7755500800764001,-1.2807999632438725,-1.2578302905005738
-0.2807395158138249,0.493457103990581,0.6834205408368839
0.5683320379127823,0.8091994080724833,0.9417095068956356
0.06078264719377352,0.383830130467849,0.5047328452096186
1.0311529880813022,1.2033418043257083,1.7616647980218265
-1.6933069452534504,-2.4156182301886555,-2.5531544143974187
-0.6167206130753773,-1.1315357220665345,-1.2007828250667065
0.763803861902535,0.6925525491471745,0.875288384171638
-2.0536658107330528,-2.0880040494362837,-2.118248170303148
-2.298721973494424,-1.9300706604801694,-2.197470325911422
-1.4396727762243169,-1.9336868944544445,-2.1713941029829926
1.7712218292721282,2.1918721788027895,2.7148714671746443
-2.07607946820324,-1.3716792751993367,-1.6211027133576779
-1.1453049229335084,-1.4223645861115788,-1.8664590396651244
-2.125307130908542,-1.2425482879262768,-0.7432513668780628
-2.10684934017347,0.36574250358824567,0.9832772819756692
-3.3455127205360493,-3.1074567342948853,-3.6482452935766743
-1.6513534951888256,-1.8692432653101585,-1.9757769592309542
-2.6978007719561927,-1.3158995927408732,-1.4008790805766758
-2.4974614757201636,-1.3352643160063868,-1.4959295871077811
0.6164521137711277,0.21539028381157146,0.37202079008261557
0.12220756905479263,-0.4742884457234717,-0.3194896908405336
-1.8102661245645444,-1.6032420367884008,-2.1089809849532504
0.7138508094367798,0.816471468964303,0.6725079498228388
-0.3455016564689097,-0.8718304032738489,-0.8371671996003589
0.8124002952506428,-0.6492705039866867,-0.714674519490867
-0.5295115004461826,-0.610169133959013,-0.3344791154368627
2.531004362442951,2.6977316864864336,2.990443677274528
1.5302481601393785,1.3001487162200318,1.4261843104614031
0.27685010274663974,-0.6802997233625074,-0.44009428938722694
-0.28014036334529463,-0.6246106322229622,-0.2779002820890616
-0.36103082579170176,-0.14316631135745186,-0.007300330034294351
-0.7631429800125713,-0.5274936794888035,-0.491743160037802
-0.957702466143688,-1.10068413185159,-1.1109495996834757
-0.19193786718608485,-0.23487762113010197,-0.00793332507975923
-0.89172020110385,-1.461980618081945,-1.966104954708908
-0.363201633262306,-0.6847595022305791,-0.579671423794361
-1.5378030918379224,-1.7005465796740498,-1.6915787109853775
-0.7801294355540073,-0.2489860843434548,0.11120648969441836
0.19215139054002137,0.7781795697089632,1.2473932715321092
-0.4342556261728387,0.042992244032016735,-0.15677103992674846
-2.273015924926099,-1.434480853342988,-0.7741743192611914
-3.1373138858712584,-1.845344500127581,-1.9372638960728863
-2.9951111281928857,-1.0197660202464838,-0.5542970981980656
-1.3498398258746815,-1.037538277336703,-0.9977197441807917
0.3661986476041473,-0.0024759184250719313,0.13516240677431954
-2.0260913978415767,-2.4044924919227775,-2.827565895308905
-1.7382769896161268,-2.166417891332357,-2.566852092732049
-2.9230484661170117,-2.114587068061104,-2.522134313303873
-2.3885764171133004,-1.5463341697445359,-1.8681978126294372
-3.1646330880857376,-2.32497144517232,-2.5298201953667836
-1.18204658846502,-0.4703069711138453,0.10781759206037198
0.19222067881128543,-0.1415665420966827,-1.1251084572022663
0.2730103687517731,0.2542974417493152,0.4944897087357929
-2.6634344216836405,-2.0015269399782802,-2.025715450519433
0.256984733121502,1.2978917832721544,1.8758916435994832
-0.9627703895653537,-0.29462141118249086,-0.027282297150863413
-1.3160404068562213,-1.682848475515013,-1.6981355536546896
-0.8701012960271315,-0.2596923468366016,0.11653937238197543
-0.5301766898689704,-0.27142407188249773,-0.07488651140325661
-1.2244738179271542,-1.827567333419264,-2.1741246914466257
1.8254622883131315,1.5667791992549358,1.757585057321375
-0.2516816178039745,-0.5479563377974156,-0.49941499244282284
-2.075299941417829,-2.5243583544969357,-3.0680895720149017
0.6110961859876906,0.4826268664992327,0.5832712273587042
-0.5418496238175232,0.09202682521164583,0.5067843586116122
0.08706208026172925,0.13507747941718298,0.5427702081370419
-0.4563207775254361,-1.0969654325011162,-1.247311551505164
-0.630431976199083,1.065755690769335,1.3189734427168907
-1.0045830111378928,-1.5590671688608269,-1.5652418604112694
-1.1935413750641344,0.3095120406862336,0.714796621201631
-2.2039899097381612,-1.005213113790857,-0.884945405333998
-1.1881516444488787,-0.7121998169979831,-0.9793425812190221
-1.121653491490307,-0.7766120907586294,-0.7442520932193883
0.006251505989665538,-0.21764089480030274,-0.2548842463571526
-2.5036412069182927,-1.8875490540217326,-1.8844861397010255
-1.1351038744978017,-1.4532498742944375,-1.666977447865618
0.6926264985152633,1.067931155786129,1.3505334365055455
-1.2818820584416968,-0.03865357101525912,0.16948702243486374
0.22893265916173763,0.27585828551169816,0.6316211120223595
-1.1949527505526882,-1.244382273905997,-1.607745549840728
-1.2512409708567733,-0.5075832259390483,-0.4170227425724791
0.6555587833885257,0.3022043694664058,0.7473105347889086
0.2739667647456877,-0.1816685342250936,-0.061278358747594
0.2548283851484599,1.048012993500509,1.5147004626663185
-2.4632783053621887,-1.3303122394650322,-1.215044912550847
-1.8593026857933714,-1.6073770323162853,-1.4903618331982642
-2.418660629806396,-1.7516779514511465,-1.9348733981138642
-0.05699724050839265,0.4240463317176556,0.7247762013572159
-1.0253313237444042,-0.8815610636040554,-0.840243783208586
-0.8663349246692648,-0.814928370042141,-0.186397987680793
-1.5536890381646202,-0.5553175585468755,-0.13069731544798077
-0.7673171688155286,-0.5641928473164769,-0.44916959922614613
0.42177766020100027,-2.1837118738094787,-3.0531283146503645
-1.1642287949451073,-0.6050011231514091,-0.6982919484755264
-0.7227542402037036,0.4901141984328012,0.9372568866785644
0.028439122465621844,-1.5790075549824398,-1.9784280294235521
0.8622069314778602,1.4674814610845743,2.1101881717518145
0.5420476175799597,0.7675897526108677,0.8943803428812611
-1.1774654133842914,-1.4431070811210556,-1.347990271866384
-0.1982658071407757,-0.0736426446066664,0.13278208122143917
0.12842082715065561,-0.0032616670265640563,0.30477780652000885
-1.1700236690303685,-0.9922079270757376,-1.1645667361527265
-0.5071904490315463,-0.21029155809115366,-0.19789305453802114
-1.9650377943223012,-1.3826861386014153,-1.1990917095931666
-0.20992112444002956,0.5147896070502298,-0.37839272696920034
-0.9863068531261718,-2.4910558239641065,-3.00617929937575
-0.3539739776419423,-0.09014143557736287,0.06621524689158971
-0.2894026727355724,-0.6965563083522399,-0.6612821999460747
0.6394649799294667,1.7302600823526002,2.308351880907423
-0.3095396546962557,0.7545110634085255,0.9254181957753731
0.6431210210624558,-0.7470780442569314,-1.295074712037212
1.0055869777872875,0.3150436346319,0.6007151920054747
-0.9183423529715574,0.347539788227394,0.8095965218664851
-0.11671286049258603,0.24455761377099147,0.3428811239398006
-0.3578716385382887,0.17998277440466168,0.4196825208494588
1.2799684977711001,1.0048337219547507,1.5669329859971721
-1.8262758410656998,-1.4083945380026621,-1.6056773946888296
0.12164914175582281,0.5891175993268001,1.1440472937883674
-0.9880156235388576,0.4690142550673512,0.8249654485225901
-2.198074892348885,-1.7867115381898833,-1.9242818719625638
-0.6925966980642246,-0.6730848119072731,-0.5175060003755304
0.18730857878418533,0.23796552523448639,0.4567322932611797
-1.7146116691349276,-1.167034612366694,-1.1249345243507702
-0.7761716093710364,-0.5487365977993994,-0.48657667886404016
-0.5640130578415015,0.9617781847302859,1.1865490766100062
-1.5178118590063645,-0.3082020059996938,-0.32930531254084083
1.972345837019839,1.8288279017719045,2.1557696136876663
-0.2221951836506231,-0.09346975205919712,-0.07757367666818737
1.7474342188768959,1.7658409164520077,2.121719898494604
-1.7838743233127257,-1.0413964574117367,-0.8914232470032519
1.2304586079853268,1.3070041145095923,1.922272405625831
-0.43718599399765556,0.8783723051381076,1.1832820276556746
-2.616149180786661,-2.4580430594176716,-2.8916270549941476
-0.6745793762895682,-0.2879998321254776,-0.5181033823472124
-1.0876380561622123,-0.8168462150216242,-0.6837703303008349
-0.27322282607450465,-0.45428869343082845,-0.41036843280457724
-1.0334961113977428,0.07414859836138026,0.21664102811398261
1.2563758513046113,1.706334674097208,1.9323170150636004
-1.40436511069176,-1.0679348647135796,-0.8189618253567439
-1.3833325157109426,-2.0407033491848203,-1.9158208514656279
-2.39328873963278,-1.8386218663504286,-2.2202351383496293
-1.6797124893732076,-1.8295576299526468,-1.9814628786688517
1.2372357989640548,1.4005242328324778,1.6458678186743232
-1.0656661266601224,-1.1636322294644061,-1.1072376480607597
-1.5374205594628487,-0.9505684670091427,-0.9587831207862323
-0.2782546892415753,-0.11760463770246794,-0.15466771345485275
0.42540899585513275,1.0837413689433855,1.3822709753017246
-1.758766849871077,-1.1927736183434898,-1.119081814631949
1.9969956619503344,2.075166638097152,2.2358109080190376
0.012481964478114857,-0.41713764831271033,-0.1707216504226832
1.8983220888662387,0.7132239194585852,0.7593621653603675
1.238122865175547,0.17787032725699214,0.043680376205072875
-2.5458924636318505,-1.0548608561996025,-0.986991357798014
-1.1004452407799716,-1.033854811764036,-0.5891496384083118
-0.5752669854164976,-0.7252262677536803,-0.7468395877549742
-0.1545960330977901,-0.18088333907663812,-0.17381086862379985
2.0105069044551716,1.9540048395121956,2.117455630475034
0.12577057471639394,-0.3520336461808043,-0.410211386724748
-0.647237225623791,-1.1469382386493376,-1.5515359906121744
0.7127308987590032,0.3933805883754529,0.7209545848601698
-1.8129921518666912,-1.7033025467839347,-2.0854373352742437
-0.39350708614670526,-1.2509795253620837,-1.330180060463259
0.6252665550940005,-0.027291576325711775,0.3307453638289373
-3.016095196072698,-2.3047748467510507,-2.305610778665489
-0.07960199127044566,-0.9708513998181916,-0.9079872551017656
-1.9359895742292452,-1.7296492685317535,-2.1411155267343616
