ho_likelihood,hol_likelihood,std_likelihood
-17.949815919612334,-18.660053596749904,-17.23112839126749
-6.913363516091452,-9.31700084042471,-5.521148031592645
-2.9678855889394757,-5.109500941771924,-4.817703695547854
-5.3089336439254415,-10.355548771618395,-3.779225610182703
-6.534213059742034,-6.745156468447994,-7.1524681027816035
-17.26540515983291,-18.108755334790278,-19.17829022050623
-19.232636646118404,-22.791810917678575,-19.29990938402385
-0.647617767369952,0.2712317450515231,-1.217956902262313
-10.353314048068425,-14.816511960506825,-10.508260684057696
0.05801318558434508,-1.9751361511028158,0.9006019399172998
-9.298090403165173,-8.283875214124386,-10.343724027559391
-4.631098052993216,-6.615136509928348,-7.231494347812307
0.8420866760505336,-2.7496919382966265,2.2692201188909245
2.0451426619872097,1.4821073589845408,1.9929922868623415
-17.969565904409833,-20.016586344473243,-18.620308710418993
-2.2147828565442245,-3.317272186217152,-1.6167918001979371
-17.730781632619532,-17.285745442260502,-21.053622622986495
-21.940951697905785,-26.90176474592475,-23.02246195026607
-7.504617177466892,-9.780663252487958,-7.327227808658944
-1.8629502165345624,-3.967612443279879,-3.0625825403648657
-21.63935933044788,-24.24729642773016,-22.31891422144989
-14.050468758766254,-17.791991558201204,-14.984266425105629
-8.74545794494146,-8.618095373489966,-8.796510072132534
1.1762984114242647,-0.15630762448306054,1.7498421308936443
-9.43061953067763,-12.874693915427322,-8.608748208629349
1.936675855970143,-1.7372339285746612,3.2992786278392154
-3.7384684909541415,-1.4569904300210215,-3.6249087623740666
-3.752327774279492,-4.515136176992366,-4.442717749936585
-9.086185215691154,-6.774291711105632,-8.470909964703438
-24.528792396787622,-23.454644697876905,-27.844181490849614
-22.810526327324556,-21.927955115870528,-24.8724303897756
-13.295242683699719,-13.624214220395778,-14.585325829638041
-11.299118662245071,-18.556340967615437,-10.942383170723295
-20.972723539332137,-24.75980132823475,-24.27556442536445
-33.19039551481668,-28.970342314117335,-38.65829227806312
-2.6362060644494267,-3.2251000586021785,-2.473106645450061
-0.20851103110745658,-0.9634114890623928,-0.013528974665349159
2.306496432574782,1.8151365442604097,4.300624383317377
-24.188384376992328,-26.23683097989464,-33.784342904374846
-14.097468184176751,-22.252623444835944,-12.219478123880076
-10.115452362816258,-8.603999559665736,-12.546862852793547
-2.951458046095647,-4.002160996599044,-1.7269976499043653
-18.78779011702079,-23.93802757311007,-19.279732121582324
-7.317070728949278,-8.597495024459077,-6.680711896461895
-15.78848964017161,-21.135777014453026,-13.545051584180555
-22.911214756974037,-23.94550040876015,-24.367302397579568
-20.450320624939813,-26.075354387448055,-21.111448800169505
-17.478651506925193,-24.252747271158476,-16.451571219525718
3.390093854367356,0.4851258297438631,4.688858545168422
-14.599830810581249,-13.315888352370353,-16.415392719620144
-13.111758670548594,-18.312599615719318,-11.966925835097655
-1.1821383725919987,-0.5079377999885184,-0.12548581994104538
-25.436002104386525,-26.38168228982365,-25.69498277549582
-8.179195981379406,-6.782557099835723,-9.339053013921854
-3.087093695761508,-3.346571778975076,-2.3866028770667835
-20.594228923282273,-24.9291366139748,-21.243544637225366
-5.521834002747014,-5.224659133205407,-8.653029200384692
-0.7947659336779963,-6.498372680579476,1.4708721987646989
-5.79076807114377,-5.0359275639137415,-6.7383549574171235
2.1507942345720177,-3.1488962344653295,4.418535151940224
-10.683393513656442,-18.200627052134212,-8.544385940449986
-13.344986241312164,-12.182803712778798,-14.348857953102351
-14.105164663505395,-18.475398458701747,-13.791625618051611
-16.127464646852463,-23.707993407240355,-16.23443072273345
-19.67928135881769,-22.362306536469088,-21.396166355621617
0.5421431436367928,-0.10629566615489355,0.8807275148059114
-3.121778638836175,-3.1030678340733395,-3.937711911517435
-20.064160140420807,-21.72244971967739,-20.509019213096998
-10.984029125175251,-14.45497280782408,-12.136020905256899
-3.3094180878922725,-3.848008872642171,-3.5954428178800133
-19.854558723395183,-21.912578557805812,-22.51872051414449
-8.858820829588977,-7.638562899166855,-9.909614447787213
-7.6231343927542925,-12.677811041148942,-6.458502677157099
1.5597953285190511,0.726091632498216,2.715563858201621
-28.896884219022056,-29.007697143811633,-30.917012551467213
-3.809065476772885,-3.199760211811378,-4.229680955689961
-7.129540402043254,-7.744160111003226,-6.891351298593278
-17.866210951055454,-23.284397000193074,-18.775497226803328
-11.651342690195573,-11.862473546668891,-17.042197070470632
-20.304036310258336,-22.106555590241104,-22.014020211730905
-5.341409406522869,-6.164616040987214,-5.591438428990916
-1.789314386357578,-2.5281052470951497,-1.3450640672541447
-1.3458518347524444,-0.06930134547902377,-2.219120448382295
-8.815480862797122,-9.906018214089356,-9.196128758839572
-17.789741267655497,-21.931814060490364,-18.076290003282825
0.9791284565166206,-3.0924641410228357,2.684176997675298
-22.981651021558616,-25.618761030455623,-25.37615234173838
-17.752315287321878,-26.857026083078548,-16.501849204253745
-0.42260418386355664,-0.13917437824090442,-0.8834784298979889
0.8526643008464571,-4.121599457285343,2.37410210022483
-19.049081929698218,-22.98474467676456,-19.079721360920196
-13.452450422874282,-14.865148762536847,-14.764747426396278
-26.74823564803527,-26.72088278657643,-28.971532333076528
-9.038724625946175,-9.73695306983778,-8.98704221686748
4.823069490938295,-0.7144984064827011,7.458549797291515
-27.601765278305457,-27.985166857692303,-29.664216473515143
3.0950172445121797,-0.2917374767461762,3.997364322081538
-24.718240539802775,-27.77852899154629,-28.985909046426556
0.6350506327047561,-0.6399990961310819,1.1612743350608044
-8.773391020882002,-10.687364909571201,-9.102815500556533
0.0019632464192286783,-2.1084519673245405,1.1621693533884687
-0.6962392305317547,-0.8556599811604797,-1.1408269424399051
0.2706705451548643,-4.728500058416151,2.5167901867711464
-23.575790682397553,-24.066504481313533,-26.631568484005072
-9.728234270809155,-10.857620054500256,-10.667048916791337
0.0,0.0,0.0
-13.68045930851611,-13.912761977753258,-14.892059051691916
-14.365421382185335,-11.808685443143538,-19.077800803878986
-3.568604627967923,-3.4925233472133694,-3.7048150891067873
-9.842998394020086,-14.721098505011572,-9.709875284701269
-10.286715438327564,-12.109512935337863,-9.925558162670452
-2.2210302177302763,-3.769281573161003,-1.9838816887458866
-21.836751932541933,-25.00862874934814,-26.96962713966006
-19.887836631766255,-20.72592888648555,-19.073577649561916
-5.007335342697059,-10.719476697061742,-1.9714113108990154
-25.446685920551833,-25.74149064513424,-25.928166764187033
-4.242216142700257,-8.329993740215354,-1.9311483093960444
-19.7061106734024,-21.46115521151343,-21.55284782355838
-12.845337350454686,-12.844690487934217,-13.922356106827552
-20.042382610017444,-21.084405189628825,-18.900714388236672
-22.474685737120623,-21.958597756524377,-23.172012419491722
-3.221205442017472,-5.942209147559617,-2.065208073613568
-1.116166710762166,-0.9591830890937446,-1.4169070175949448
-15.561099105705496,-13.699485929835586,-21.523752436100956
-24.98471964952937,-25.5252356776263,-25.085496692762042
-19.22611376672833,-22.448797265733738,-18.47849175003676
-17.482746248196783,-19.546927910745474,-18.214009195621752
1.076416781145981,1.0209620137442774,2.247623559639302
-6.786414390631378,-6.931910366898307,-7.27725504665305
-16.849311559825747,-17.397908573387735,-19.661371006408924
-2.676336608834508,-3.6765665628476114,-1.1126403339359818
-1.632698448840046,-8.579793986908559,0.7640365083271
-18.357438596070857,-17.931230007376833,-19.607787996571858
-5.681661391595501,-14.046617831064815,-7.839129467567042
-13.195087467167816,-14.926678201146034,-12.9153212371749
-2.9122579029676383,-6.274771385113965,-2.3429405101318475
-17.837079774233047,-18.593599918853005,-21.342391880538624
-6.999473697518946,-10.286040955103092,-5.739134208663799
-12.165044234411528,-13.010754794668124,-13.195381524824763
-26.41308244562196,-23.105983960170306,-31.278011320132652
-0.921635123571572,-0.3383155562538775,0.24869042453510895
-4.003147281558187,-2.3386276006654927,-5.5006936684659635
-7.732678392939288,-9.131386787494053,-7.56165987429026
1.021467048806922,-0.6044406847829144,1.5249598281464527
-1.550253367104095,-2.0626338827744686,-1.9512403565058785
-9.113930425851795,-13.875669774333556,-7.694954760625672
-29.847448653913293,-28.1453694712212,-32.93174251483477
-9.215867488244019,-6.877401249936673,-9.376910412231124
-1.070431805323094,-0.8219004551625045,-1.362593579216298
-23.040689224610468,-24.67613703270831,-24.485538751905032
-3.4744103203555383,-6.619301081600379,-3.9428019180678375
-11.778862419525662,-12.109876248869115,-15.338801086422986
-2.9802433059951228,-2.052284255471754,-4.107520604396699
1.6972703177006538,-3.0309944303733323,3.2754716108977147
-19.438923937477423,-19.35607993776822,-20.712759506648272
0.9088803274084672,-0.11918731448189997,1.2743179682367083
-13.441125770084756,-15.044430675009542,-14.984872996943961
-22.879990845520897,-25.74233294499656,-25.96508194332056
-3.2339798811329894,-3.286079021103175,-3.447977947304367
1.1801060811754462,-2.5295332341465837,2.6697847310084715
-17.087609837025223,-15.783419215588866,-18.048727145793492
-3.1232778616175536,-8.120845179010658,-3.59569250328768
-27.692175868335045,-24.07714411137227,-31.990879164308744
-7.631442583917635,-10.165608842653452,-7.897734608171585
-1.9140771971308759,-0.8708997373475288,-1.608955025686233
-14.31306772841865,-14.414278191612638,-13.555165781421163
-11.398882861744541,-11.402293087058498,-11.843305021712997
-22.877852988603337,-25.522968891035397,-23.936836854382502
1.222118652349756,-0.20961960888879239,1.847532186907941
-17.585120248256636,-17.55894818991823,-18.039213521047742
-0.17960391482350718,0.13435138199932575,-0.2063624056625948
-3.421752253639956,-6.883478053076576,-2.0542122130181677
-26.35258444377683,-27.986356429784127,-27.664829236244827
-18.508760067102287,-22.749544515985452,-15.25567199050084
-5.337027489196943,-3.5673822217707936,-5.99071792471661
-9.98034396363729,-12.662024014055554,-8.330219215918612
-20.15534964830339,-20.491139644890925,-22.33822638569337
-13.767028770708409,-12.378254897894474,-17.3426597964051
-22.851071507000672,-21.04554484359134,-35.12120677191372
-13.9189392717118,-14.898332518018561,-12.59872746162775
-14.453003667146671,-14.715809240461315,-14.062977023402873
-15.599619602686712,-16.35409346335517,-16.648638012944005
-21.562843401679928,-21.361723096831152,-26.365274089772576
-4.018905780715517,-2.3865080381000676,-4.211372353488668
-19.970346298044042,-20.398503190797022,-22.634944153376797
-23.46916806041679,-23.041545947918834,-25.49718783133616
3.4001324165960662,0.7868849649777376,4.964018008250494
-0.17733998448368885,-0.08595136365706353,-0.31617385523931213
-0.6545228484258815,-4.84458437345713,0.20599274385625269
0.6676748693387682,-0.5218458898876683,1.2442743862779626
-25.943954728685377,-26.895623878787852,-25.606442102962834
-1.7380978059591874,-1.2563382342764466,-1.1586432720383648
-4.489214647831641,-5.013883271029332,-4.985855504489633
-17.751985786267813,-15.443797034239486,-18.9938122143986
-21.474832374301116,-25.697370855727478,-20.432373450314774
-6.8733241318945995,-8.326355088788683,-5.966171170033098
-17.890514688743032,-18.851128826200487,-18.58440926159922
-0.7283238910847831,-2.203232653819247,0.21258020313544593
0.27121562962690077,-1.2171304107152854,1.1278763719542466
-20.089857798124772,-26.190116292184836,-17.192362648301156
-1.19001347289118,-2.3922418133330017,-0.21610121714647176
-0.35646567646525396,-0.22915334506278479,-0.4582236466742379
-9.450378868067201,-10.985520303132368,-9.966020116398221
-9.835040301202245,-14.284966243345963,-10.022492576207735
-1.4862329533050564,-3.129295267102251,-0.1649242523214515
-0.8400456837840138,-2.904633611169761,0.5028278521581829
-23.948312569809126,-27.34269599421435,-23.937176384790117
-18.88935813423166,-20.867358809966817,-21.42826938640887
-18.781293465257924,-22.62128383562442,-18.763879749060226
-27.64878416470505,-28.355406263168263,-30.042058027594166
2.382434863574513,0.07135804198624322,3.1983457510140108
-19.914660073216098,-18.86378767341755,-22.159214737055024
-9.607867135983353,-12.469540297715593,-10.18098668827171
0.7207176918033015,0.6581029280197713,0.9521951593216283
-6.716049161349382,-12.785142027996617,-5.660538197854827
0.821211139115638,-1.7412450780638857,1.581939515162768
-8.94838347148325,-10.116304390797426,-9.37421485792203
-1.791759469228055,-1.791759469228055,-1.791759469228055
-13.455898695104555,-16.00223150863286,-13.027888913663043
-6.527188044581221,-9.993570227716846,-6.510514528005866
-7.968254922491898,-8.209679502143787,-7.85746647233578
-1.7672160509364896,-0.45281886737782007,-2.2770062280649537
-10.503175584968037,-17.333045438306733,-9.972858475515546
-3.8812319406066753,-8.301123200698335,-1.2497217613413674
-1.8303414023361666,-4.294402602689182,-1.7802740037336442
-7.828465027201746,-10.507222431212835,-6.95735022854228
-10.480854231383754,-11.67072775622653,-9.527608929446213
-26.530457881024002,-25.850721953170716,-28.18010273648987
-17.69634387038961,-17.645364671749412,-19.020330905038282
-9.629813524827165,-6.356261854280713,-12.363410977787956
-3.001817555769662,-1.892275664298571,-4.1976945848276195
-26.700666570732942,-23.71398054128146,-33.84257273534992
-22.550923063200845,-26.765188802465044,-21.802782791127914
-22.296561723183498,-23.924068882245916,-22.03337310557746
2.4640385485077854,-0.5852404495391222,3.9743418785656655
-21.22480489059033,-21.3331085072331,-22.780276579304417
-0.8698479125198079,-2.0990323389991725,0.3604662192455599
-27.685808872333382,-26.961880651377264,-30.500563250971663
1.7112492424248658,-0.10113408276973934,2.4208779554895323
-14.41542069309979,-19.79438800543827,-15.234961961883531
-18.14313417822896,-19.560155009940665,-19.1967520427143
0.831506553945366,-1.851663039602806,0.623095078822441
-15.273307050406531,-20.383178825955618,-13.457204574421878
-15.56078118624088,-17.258233730776954,-17.832119288784835
-19.629502533741366,-21.570967374844674,-22.55331794618152
-5.03197200741105,-5.066207150927968,-5.2309488053980555
-21.71728396052191,-22.139593726575296,-22.547311108817148
-26.81777694623371,-28.087030233821498,-28.70998803963726
-28.318476994531732,-28.264064162287738,-32.20465288095619
-4.841315810526408,-6.012123378771745,-3.9988548220729854
-2.9959268561776184,-0.6378964573886573,-3.5582780874585374
-3.6656812868675024,-2.88992475827092,-3.403462780846157
-19.415950514998677,-21.60427690943017,-19.263794193899372
1.687202540238339,0.6594194645165632,2.996450541452172
-9.586563364166995,-11.559658554634453,-10.605592576373693
-6.55716200177322,-7.293783508617398,-6.087806190214693
-0.8818096647027762,-4.161834514714694,0.3244413748733541
-0.5721946978306786,-1.0038596202378736,-0.6173282414264925
-0.9668860441986905,-3.3702845275187965,0.4044361451866238
-12.105740705445927,-16.292693021784853,-11.551614651490095
-23.708206472005028,-27.608775864864278,-25.5425734735703
1.8141042777578007,-0.8014799856949889,4.4064300447857505
-13.551985299833675,-21.264450757725932,-13.620066429724922
-23.384668526859663,-25.31169143065456,-23.071130143132798
-23.86337760724433,-25.58932061268954,-24.25282558470795
-0.5133637416028679,-6.609878007793887,1.0700388362109459
-16.399470029999897,-18.072907528351593,-19.352125152292906
-12.566654090071948,-20.088868181921015,-11.93210755712575
2.2676755801797777,-0.5113514840629252,3.3489746763744823
-3.617058356265585,-4.036600051709664,-5.11097936927781
-16.991725571735543,-12.834666536885535,-23.25444030572279
0.040738232299958925,-3.6137546848998205,1.8739840642997543
1.32601765086736,0.5313961889642033,1.8429750055788259
-15.054808123322108,-23.11457793560182,-13.060886201254679
-30.23578651037394,-27.995342798558728,-40.69876503448612
3.2155637314099383,-0.024851436729914834,5.291952723265265
-2.968901161935844,-10.412551389134851,0.24728849290086624
-4.09649858442453,-3.359464418800987,-3.666422779395023
-1.5633026671603552,-5.010559038509984,0.2534301292916162
0.7008351881023144,-0.16339932723118994,2.111232706503128
-19.57246999377439,-20.762170469740063,-19.90316729314505
-8.856324020893744,-9.706035163669947,-9.691091699403339
-2.6294853444451567,-3.0434171920140956,-1.881012156188142
-2.235756093223202,-4.463970162844981,-2.2802402991644923
-14.769574000886552,-15.926228948643153,-16.33198572670434
-26.01586640204625,-26.22385303296989,-26.846905290703667
0.6261366693307657,-0.023011278243500095,1.2301445910694666
-10.906415980990447,-18.22839931803143,-10.199104270873475
-20.91510454867741,-19.91713850700372,-22.767388282661532
-17.084491908557947,-16.42151683476689,-18.897143649776034
-0.3999436420742415,-3.106780259904664,1.3300938892797882
-22.42159326067919,-26.446111307188776,-21.02952833674368
-2.5078871923988157,-2.7798481135051993,-2.2463351186307086
-13.278256677957481,-20.501083152702677,-10.710166894287314
-23.480890203603423,-24.314137820823117,-26.973497357910073
-4.574963732801577,-7.512534685973383,-3.066688823667675
-2.217328403976978,-0.7306145552901807,-3.7043947991383006
0.0952810175641667,-0.928268665199121,0.9589229957070485
-9.075030698640774,-10.865122840265292,-10.141799865573878
-3.471387214505483,-4.036001691050417,-2.389148234700976
-4.705403005694876,-8.580282072488874,-3.034370101969252
-5.473058590694475,-11.70345793767489,-5.895310836599673
-7.262396976159462,-14.887926523758479,-6.131404197117612
-2.429503078556777,-5.102866201591395,0.27378167881340154
-3.8336088786404527,-6.604975783626389,-3.102076510763883
-0.5975630799742006,-1.935504741766724,0.5417051629368629
-1.2114410663246462,-1.5096678167962374,0.31041460459588854
-24.090175851825517,-24.973316422326718,-24.116486326033556
-0.1853247438937176,-1.8334806904157521,0.6424393626410686
1.19898753380554,-0.6922331896290503,2.6198288118103865
-0.19751147769156002,-1.0498708641803214,0.3976736892492266
-22.9786235176532,-20.667384603167907,-29.460431699869606
-3.3192702788393227,-6.014557414615821,-1.4095957520873494
-19.765924798161386,-25.438686848263405,-18.011442696735216
-17.55822338093857,-22.378340965962828,-15.370111344312638
-23.012142890620428,-25.469082459421927,-22.61303988677006
-12.496585553868838,-17.825632293460107,-14.480554346407692
-8.623222604000677,-13.806629804124134,-7.4038689756016
-11.982131686256977,-14.38211495299587,-18.466547392919708
-2.8369763124437597,-3.338767617175705,-2.370261937307691
-17.990148599419832,-19.218935092759924,-21.34814446514866
2.6614070890566053,-0.7406475600685192,3.6708380510408025
-17.22753906813361,-20.530261482092705,-17.370504623806863
-16.381459725340612,-19.39276135551796,-15.73877998739901
-6.8804753550823365,-10.856873738432702,-6.478984995738965
-1.3848512806456967,-2.9360721545393424,-1.4753001018104026
-8.04596507742788,-15.511122521199125,-6.1139261914812275
-12.965964740074785,-15.189632903113662,-11.801377170930769
-16.075783549932417,-15.998717221285846,-15.319375231235393
-28.723994586657206,-28.16577136113554,-30.830656911107535
-15.739404754827381,-21.047230202273784,-16.96803586366743
-2.5999456767630966,-2.631905160036942,-2.3771637732056727
-22.766183928471804,-25.976165007205246,-23.804940536270877
-9.35767416808069,-14.762912335511189,-8.383451653571354
-22.872583206999177,-25.689958276746616,-23.019821767382542
-17.88718178727303,-25.997493324062184,-17.278520643788067
-3.3179220554489315,-5.783585395026676,-2.4044141538501638
-24.923742900038736,-27.584191965448003,-24.378597301020296
-17.020708990107785,-18.17088475867628,-17.93481679781764
1.2510017016332953,-0.5212880128054266,2.617384048267473
-19.79099030368939,-22.316225860357985,-25.741069761797338
-0.6137933002170625,-0.5591391550229156,-0.3990071132260495
0.9527898299228549,-0.9757747955423758,1.3147412842324153
-7.979851737031193,-7.447722756793785,-9.264573937997238
-17.10080517305828,-19.61077192492718,-15.957152461395241
-6.652312082362115,-7.058891902463745,-6.455533547394487
-16.876497261761298,-17.22131436386179,-19.694636046432002
-4.261462122684833,-10.026936077633305,-2.0414137229801907
-9.860866433074554,-11.540333941120554,-9.357998952688385
-3.070540070822796,-3.3864613487457054,-2.9613792283174956
-11.192395908167104,-10.72705265216842,-13.952177156072468
-10.267168708850898,-10.016279823620186,-9.739082621642103
-16.77340785406958,-23.442752235902763,-16.570280887527968
-4.308073029638671,-6.920607996906272,-4.357779955827965
-23.0038215711232,-27.1979632681136,-21.921622385157722
-13.444305284262219,-15.171178909231548,-13.79202252795425
-8.320665718988344,-10.687835545339524,-7.444261127695532
-11.92518986556279,-9.767609006824326,-14.761232752902966
-10.371755610638392,-16.59707101707272,-9.843410089576267
-7.908717605284913,-8.856812480513078,-8.81459238177698
-7.071052926060835,-10.341913645401522,-5.894403616830765
-12.535800846286595,-12.650833135532983,-12.935300641415862
2.36151139963312,0.13443765615068123,3.1956049792403323
-14.554875242762987,-22.687565245630804,-12.090763931355985
-10.848691704689456,-12.32325017199179,-13.597707469460838
-1.108860704154178,-1.8628047824866498,-0.6584311261717427
-8.271768668692491,-8.681195008756902,-9.133277071223441
-0.18976490821178174,-1.2171372326710108,-0.0367348052916523
-0.29802598481604037,0.20916695365667504,-0.15748718548412713
-11.25261884801311,-12.619304208109172,-12.029288788128802
-29.24958919149664,-29.67314901921641,-31.34816619185169
-11.004890302857888,-11.91384447385949,-11.41792995152947
0.09952316849810595,-1.6616522860203629,1.705500577926353
-4.328011789708815,-1.5545967924797723,-6.557686814691132
-26.211931733935398,-26.599574576674012,-28.945044651796376
-23.748451271024578,-26.02454928644325,-22.85685106029867
-6.569839937531993,-7.000412207653204,-7.464393198054091
-6.457402459443618,-10.460957058321252,-5.047990083137323
0.14552157658666787,-0.2191044398931168,0.07877730234497689
-11.141071104216664,-12.776640640559798,-9.814775400914826
-8.180227506184389,-13.585495489110432,-8.545628800201612
-1.5490808484180973,-3.36451481734837,-0.8738985826243817
-22.5924079694594,-23.435593643823935,-22.14347095801975
-22.398874720230683,-27.445198513259243,-22.567041237381975
-22.28987367590016,-26.343562532880163,-24.15655970165404
-18.117532042313677,-19.766325070864273,-18.486425769996682
-8.258932176260055,-11.84400217530634,-8.200726539832294
-27.053732667106917,-26.72921332133654,-29.088350260055595
0.22059404265757568,0.0025540546471274376,0.49908205412259704
-2.4623718619122474,-4.553168816557708,-1.5336204899934474
0.42366676644533807,-3.085981354740318,1.879606943749651
-1.1751130224276864,-3.486023039824554,-0.5796527985062797
1.878214023459733,-0.6330748590208555,4.299533182545651
-20.819667390190997,-22.273832207813463,-22.368314623774076
-16.773739308336644,-22.712318300989008,-16.42533867766519
-13.50714996034818,-14.138178857970091,-19.092421285125535
-14.930189067718162,-22.850365972526994,-13.855571335540116
-7.718584517232211,-4.635191054673328,-10.04860301206907
-19.45837736954774,-22.56760414481336,-24.357177098743247
1.080060473922172,1.702925456732794,2.568339510945506
-9.81933951036668,-8.399944983488199,-10.468845321881162
-4.23454432607386,-9.106252590891716,-2.2597392675115775
-7.269367571886253,-11.60795487956161,-5.184140252576219
2.4041751645142484,2.268530708406609,3.007144962821636
1.7447167497765825,-0.0002580966484159851,2.9722355712575568
-28.059456873541173,-25.454817858497908,-34.099476859806195
-24.034078813817334,-24.348178097291093,-27.62065785116135
0.371777621319844,-1.169140949465674,0.6658091502941433
-24.917382069113973,-26.235453875915432,-23.640603098029406
-1.8912834582011122,-2.0578841003450856,-2.3054619096352336
-24.80565699686924,-26.4628204428319,-24.739416495899317
-16.998926747623123,-19.365226080366924,-16.074173180391337
-3.852149785649528,-2.9213152081449505,-4.53738681455699
0.3140163768194175,-3.557884122487907,-1.2274454347839656
-18.263405124117256,-20.76198372985574,-23.602139031894176
-19.584857537328787,-20.356773323946403,-20.15978889583487
-6.374688410705464,-6.362771436254131,-7.138859704963478
-9.513730120277847,-15.332221474438963,-8.187502635902712
-4.260707511560703,-5.884164582069202,-4.23821585379209
2.2188903055765117,0.03964701518834289,2.7978401886579887
-15.18202205875956,-16.935252667741207,-15.84580278937867
-4.864015684512726,-8.599309673825253,-3.5247549613672318
-3.7972084583122427,-8.078619496026574,-1.7666665872504828
-22.401670662908497,-24.750812229470675,-24.211472413140683
-12.504992499966024,-12.405642306111975,-11.92211733116465
0.9389632788172926,-0.037901920464151334,2.0452461051036384
-4.253217821871265,-6.954033286786462,-3.2478713354203794
-4.911706783954712,-3.9442942783434387,-5.134314360521108
-5.588478101695504,-6.503290797702883,-5.270450438843188
-3.506643820529118,-10.07271270736622,-2.733506280244145
-1.0643817905386932,-0.268790441211695,-1.4849233124204346
-17.040307700751537,-15.045089089036546,-17.21517254952818
-5.877412605841674,-6.580346657106803,-6.128300790122391
-6.507625843735499,-10.432230955911658,-4.384751069558419
-6.878302864316005,-11.60976630930135,-4.322255523054444
-1.3915869720619172,-2.185448755642287,-0.908090782550635
-20.51980650811116,-24.412858648368086,-21.356603139118977
-26.684724102429076,-26.92352789272158,-31.240657576581693
-21.32862574237736,-22.314960693393274,-22.075446739994874
-3.876690912797265,-3.1907501690270994,-4.0702288056663685
-11.72569831067595,-17.88055804012191,-11.808527859480698
-25.69988915431671,-27.962503438326948,-28.350731499977666
-9.726844216563583,-10.565284407819794,-10.370671600604078
-26.485104404157227,-27.6518891599684,-29.992751734460057
-23.946183881929766,-26.991568589973227,-22.746158252200363
-2.221679816921326,-4.718332737165055,-0.9637751103169039
-10.586477138202515,-11.462947789475027,-10.462132060692898
-12.775259230808489,-12.817837613998627,-13.729194424265637
-6.5097567140969,-4.828873648569237,-8.406815464215109
-22.871402088109292,-29.23633576710206,-22.37733118734404
-6.610137332964241,-3.0873590830131734,-6.946384023426638
-0.5789115871961352,-0.2766321297499081,-0.701546293108995
-22.39664405437003,-22.744248103780954,-24.402002307998657
-7.217563951807991,-7.083276808429489,-7.458405333382459
-13.236089881438279,-14.921826712668569,-13.759535161040473
-19.59757474581405,-24.033800818488665,-19.075458836129194
-0.6006577450756719,-0.28938850845909403,-0.45674683116106374
-25.302716159466215,-26.7669852504122,-25.600073574513132
-33.118942467196085,-31.364211200911633,-41.941819853472474
-16.985474550605147,-19.291306505990626,-18.887792973528853
-0.8233296593301531,-0.11527715728315985,-1.9365354986638532
-4.839039699587134,-5.667299240562021,-4.677872833879703
-3.4635922438349476,-4.839960893324993,-2.3831088433597096
-6.102736188839222,-10.22255727866201,-4.586796765474837
-7.770065919435508,-9.30612474109132,-9.811431722464052
-9.681726779735088,-9.576454639608006,-10.152064237962131
-14.967494888502873,-15.861830179003388,-13.386126722394602
-8.064005675297746,-10.770084892781929,-7.392784695393886
-11.450352396300602,-13.022340139313116,-11.677927286499115
-7.079910810970568,-11.175084996483147,-7.530616653945413
2.3715529882621817,-0.7604192020566624,3.1566753920632036
-20.4987445786432,-22.09566605451411,-19.618722712822418
-28.7585270430403,-30.20100551845062,-31.65645393579129
-5.575536759363074,-5.970849569335621,-4.7543678055415945
3.33542710340446,1.8446132923977185,4.3242675823596635
-22.62100949897859,-28.518038926329066,-23.825105474760328
-11.114483473624471,-18.327111214186218,-9.658628731303848
-16.98482866618603,-18.653277489863434,-17.635684814721273
-14.57252333185402,-20.565900692471946,-14.4298790273194
-3.9241957497289057,-5.125725765528872,-3.9092348508280526
-25.271933989804918,-24.76604001978076,-29.826258681803353
0.8107205557778162,-0.08171026405980356,1.1521877525617796
-24.469674049572866,-25.08312762586051,-25.66673499511102
3.4733261220832774,0.8035612981744344,4.549673108825334
-1.654151837526614,-6.06296568492891,-1.1252547626866707
-12.554238975098857,-16.04480263005926,-12.53686552634695
-8.427453799359037,-10.437107373644428,-7.324068637627637
-5.175521320623658,-5.86835062722568,-4.237935486489288
0.6300984938790057,-2.940107225874483,1.6590321828455672
-15.594393317658662,-17.547737691050855,-13.739266191805896
-24.999509561010683,-24.938453858997555,-29.55358877289901
-20.20413939889261,-21.218272125534394,-20.658468901328693
-17.669875447281346,-16.349751655178746,-19.19594204838026
-11.21003303687034,-16.736281164703954,-10.590480717696533
-3.9760976745498815,-3.8162057480030374,-3.246615801649638
-27.882215061919066,-23.08177764967947,-31.558750427200188
-9.37579455389044,-12.770340270453085,-9.878035142578694
-8.529400281831967,-13.235965658727881,-7.868301883204966
-24.293832037353095,-24.28083877547109,-27.348208230312093
-14.176955982530583,-17.786874916104782,-12.797127861831813
-4.465590140159764,-5.372841173572146,-4.201175459312294
-3.2343714789305995,-3.7148931427433016,-3.818932051057809
-1.3029265335959554,-3.4422047068419213,0.04466397968319405
-11.415003774272208,-12.563181521927987,-12.266560417881164
-19.450787720225325,-22.171477135732925,-21.257583892670805
-18.821377255721945,-21.567826453427937,-19.164399461178196
-4.192349576363632,-6.593802298114983,-4.915747128480068
-1.0680722448563431,-1.5414696800177847,-0.9270096696893415
-16.619559594244475,-19.493736100361872,-16.018451426038233
-5.449201831828006,-6.023029988243223,-4.656206403097469
-2.8809320734759902,-2.7268699106493757,-4.145964241538747
0.6541461437632448,-0.10978660153553277,0.9590350732983314
-8.077905905715289,-8.769226237195257,-8.048214948172047
-10.381686047073796,-13.018070292996102,-11.032100776061192
-14.849900172327573,-13.899969683737014,-16.08603628508655
-23.105239789090515,-23.479416544518077,-25.475650924556522
-4.542917297314164,-3.350075233168347,-5.423442198853874
-24.118930077379694,-24.71629782580304,-26.54622608100475
0.06328356847741443,-4.829587836501754,1.9016836761895906
-2.674173020511777,-3.6133713343693388,-2.988527396734791
-8.635159409959897,-11.43433111804757,-7.363013896787297
-2.131887642338911,-1.9400282262258677,-2.99749596648566
-7.526646002379457,-12.879834957976183,-9.159849846476279
-0.37316025152860116,-0.8374067851225827,-0.26841481117687277
-22.210964327534473,-22.775327848510436,-24.130925960668325
-24.57813359444726,-21.129399534363415,-28.86763158586643
-15.87893696829042,-15.757847617353677,-20.956268804554693
-6.722775174336536,-8.875367393807338,-6.863804525678291
-10.064572776772035,-10.83730461387939,-10.259437116839486
2.1733936959384796,-0.2855579473442049,3.414747089717453
-2.4251756817140357,-1.3385747853776069,-3.105492608603805
-20.47405901902627,-21.018279136542347,-20.676945511217525
-6.439320643899388,-7.203273692768872,-6.3394247516197995
-15.74448852163364,-16.83458768268857,-18.56603928566008
-6.544343184859264,-10.715197671212577,-5.449056266904985
-11.881780174733166,-13.246308894686416,-11.371265818173534
-21.235136427542464,-26.7187833485473,-22.100155771118697
-14.066808323454167,-19.838533372414425,-12.192298836240845
-1.6670121276086198,-2.1644679995535805,-1.6789598171262259
-8.765426028098846,-14.457556507973596,-8.184560883810223
-10.686552422708761,-11.21932209533694,-11.561989318856437
-12.502055194003313,-16.15678388772968,-11.262057544956225
-1.8819278551300316,-5.5724201165152865,0.19860243235828587
-22.127308785139494,-21.072547920458383,-26.032409992168436
-1.2391345071559285,-0.587215617726241,-1.450057749794433
-24.20738079767456,-26.797906202048726,-27.696500810124306
-8.102304984556401,-7.451706902482004,-10.32699019900582
-12.03462771896068,-12.798828225610382,-12.247074076402722
-19.87056104419233,-20.292532190234613,-23.32159679444396
-11.107867969560429,-13.64329045864435,-10.704757535031176
-10.13853221431216,-14.870138090865403,-10.071638681966663
-3.7087905436916304,-6.6325222254021,-3.2108046163218544
-1.6002634512057736,-3.3746622734712193,-0.3445745217202648
-16.59021133778703,-17.122772599380518,-17.955612023133654
-8.648199801045676,-13.219628673629456,-7.365108668488032
-15.863452353434248,-14.87386767295126,-17.663655394774057
-0.7595833783867585,-0.863722534255977,-0.7799955969713787
-5.044634494467212,-7.914738799719558,-5.4992951683948466
0.46367641605612553,-0.4715006370898582,0.6583024612633379
0.8640647102207902,-0.41946888101146956,1.501008278645827
-2.1109799574898176,-3.6753904710385985,-2.0327561828990666
-22.13063274232313,-19.952849940546987,-24.84041383555606
-12.718480948428768,-16.648066891266485,-10.856545371728654
-9.44627547744286,-14.379122305801948,-9.926317045927503
-17.47945184201073,-20.765447770341435,-18.0313752099072
-2.713089621587005,-6.472936225686754,-0.6051096857768982
-19.96801216942615,-25.349964002801016,-19.98039943463686
-4.03344631946478,-5.62278756914014,-6.218588803496077
-8.620893534415465,-6.661953335916625,-10.208434530900146
-16.701151209473974,-13.24644927937524,-19.63707216188555
-19.59098090275393,-19.9926151938417,-24.594607916841255
-6.708244995041748,-6.627260066061761,-6.814844579375715
-26.44394518894724,-25.799143790791547,-27.685520110717647
-12.627146108657563,-14.03815114190082,-12.196476582594176
-23.650613059275173,-25.419999872441597,-24.593990819791237
-4.540289234095409,-6.253557058054037,-4.762562961432066
-7.932357781553672,-6.500577259727096,-9.625284034402446
-15.269532606483173,-17.153135201425734,-15.08126354356309
5.029692270206949,2.4597421930046424,6.678104707150001
0.772590397494207,-0.5739980417067587,1.0392324773384123
-18.359658531503285,-22.469035254187986,-19.585155396881234
-20.710752101433417,-27.726933961621874,-19.797539376496996
-6.686454817842523,-6.487473081466885,-7.232727680293966
-24.01563538914603,-26.403596580144757,-25.63826434181363
-11.694969443575625,-8.76576489067807,-13.342326972643932
-12.910948695141098,-14.138191424964152,-13.63349938732182
-14.194424582617236,-16.445874027280883,-15.999722550609034
-4.193768792219669,-2.433662599343021,-5.169000291395517
-20.420159649740842,-21.149129241277368,-23.933702072066087
2.286719966983759,-0.8431459677261793,3.607000536639587
-3.9696461941864647,-3.4802958748582564,-4.70380667595433
1.413824240652309,0.28641156636528603,2.086920423088464
-0.8121455894222477,-0.6583512162551298,-1.4515575671104013
-4.103853774900842,-8.166064252259746,-3.2240545866996997
-10.414541746938678,-13.306218659531863,-11.055067422499762
-17.48591574653329,-18.039940716138975,-18.93055033492919
-25.765539174037126,-22.578118908428753,-33.010509249416394
-6.362933714381796,-10.07592166291227,-3.6121805205647735
-18.573759635087153,-24.41969892354047,-20.701259338393807
-3.0193057942561263,-2.802076836319013,-2.7141172550355273
-1.8680356289024256,-1.8817984001306343,-2.262534899084738
-9.148537742073422,-14.924529105375857,-7.655316084609652
-11.551579228582224,-8.991800891027843,-12.36063322928065
-0.44072567423118086,-0.8067724945896249,0.5606866123912391
-20.401776165985257,-23.243445781523736,-18.289734129364714
-0.7290931157670448,-3.1396880414318638,-1.9872426001294528
-21.330830637489896,-24.732882434060738,-21.500692828511042
-3.073764059886976,-1.974094458590853,-4.299438753845564
-3.793401757501225,-3.8367851399220916,-3.6164258622676018
-2.094403536080172,-3.3851069640042226,-0.8154876811782397
-0.2265874826834282,-0.2246104142208598,-0.1656875735128305
-2.007192728052577,-4.766524869179473,-1.377917912096551
-17.821530228358217,-20.931896485317488,-16.077666382736894
-3.0675346668333923,-3.2743851270276156,-3.1697781864998995
-3.134134209452661,-1.615439951669668,-3.8407225816306108
-1.1087830529360465,-7.203137404081337,0.5762880953426197
-0.9394261971730349,-1.3994709178264104,-0.291268073617975
-10.675953670298837,-8.808670676868038,-13.014003293333978
2.865555099709116,3.1270480158594665,4.435035592773337
-0.7268556214347394,-1.4620701162300482,-0.7584670922427756
-12.833653114789438,-12.419742067265188,-14.971940037830397
-22.18356108418954,-20.817063886444632,-23.348069778037843
-19.842077518808193,-25.193294965149654,-20.012675827654633
-9.768884694526333,-10.282020026500161,-11.858825734242549
1.7035469049574663,-1.9680940124898272,3.87649971725425
-11.22104255687731,-14.834686410415546,-9.730201376673957
-16.82635519323462,-17.37616275311593,-18.65970119016142
-20.625627881053624,-26.456790459220954,-21.518631393929954
-5.347529519077934,-12.331685500582154,-2.1068629213856105
-5.827420873291744,-7.047310844529585,-5.278442678446794
-18.20020939769576,-17.4078697577508,-20.370292985458025
-3.6206648789187343,-8.371104048069117,-0.163155520196842
-7.40340806751607,-13.148394252620513,-5.892890961706059
-22.093735118620863,-20.635444352298066,-23.862213487960297
-20.969340496862216,-22.283761193600075,-25.242025353931584
-14.869126703290771,-17.190063627589563,-14.558292451358932
-9.83135323642431,-12.917810678665468,-9.617614487167291
0.5466849245647573,-1.1732177859621178,1.0962260107621946
-0.399151873436649,-0.046589348587474926,-0.3063220480663003
-5.111848998903204,-9.924373205901663,-1.6897448383871025
-7.158573361281356,-9.894599733641565,-7.459986924546197
-10.541764409116727,-13.438726782836474,-11.301043425211487
-0.8606283595943595,-3.911421739717561,0.23056288106028885
-2.4453237559079275,-1.7862755695493058,-3.470120583874104
-2.313207985637435,-2.467450702017422,-2.9769953984037474
-16.08696482249108,-19.84925582714016,-17.746304398178726
1.1775624800531785,0.14217426700373575,2.1988403537067227
-3.2299216102538804,-3.5804387486891547,-3.9190155274218963
-18.430009040271404,-18.474741491664943,-19.166377542737163
0.0,0.0,0.0
-4.3923281379101455,-5.0832346773479005,-4.21214172828266
-7.262907259993523,-16.132255865361802,-4.648748739029992
0.1632749632333638,0.008559387133835427,0.20223809274741184
-13.44178771834969,-21.055636387364046,-12.011425280548707
-11.987806854618384,-14.920329141159746,-15.072804685093605
-9.669225765550078,-11.472480650806963,-9.71190779575611
0.39717733372939007,-0.7178181287560236,0.8946745307269318
-9.557661351231419,-12.575163379675871,-8.963183895322258
-21.48040940678336,-24.95770414513722,-20.959655027152213
-8.279557992153324,-8.454830838011805,-8.933667194810774
-17.090093573422774,-23.97737095799355,-16.399302450457647
1.8246330092322371,0.12932321817127254,3.0511706057526258
-1.8410452189327497,-2.6880868758057472,-1.5254135395471766
-4.355442694775209,-5.416030910022897,-4.002259525552232
-0.7758160226705533,-6.156790980806144,1.1678461868606462
-1.004918128320643,0.2099571757534798,-1.7231471350335315
-12.054699527995105,-16.66850289891767,-11.90956695079235
1.037826270873243,-4.311025917938056,2.727701230777229
-5.020261511194187,-6.7012345833396525,-4.979178010706012
-9.999663123121447,-9.25021841567862,-10.359441204521422
-0.48657837061238624,-1.5607064909955204,0.8181470245233392
-24.372471683933735,-25.69167508441054,-23.983713449215504
-15.840000132226402,-17.526859279154124,-16.278151838450103
-12.04763794666491,-13.450120938626318,-11.47284851494237
-18.860754243230634,-20.050381502233108,-19.517203137395203
0.15844033577848432,-0.03126762355566328,1.0146757816017562
-10.736346881690762,-15.027722189463542,-9.395985840660332
-19.349932263677637,-22.68035522483316,-19.067179242387635
-8.297118922213258,-7.000667943563071,-8.752806845674868
1.4507148711882503,0.22611021246443835,2.244189099310792
-0.4855116111032652,0.044629226390320464,-1.2272242101862914
-11.110345977055175,-13.61830787185791,-11.22700704375753
-7.435613686227606,-6.949349902322575,-8.947434698937682
-25.242715984099913,-26.348349886132088,-26.46716185617398
-22.50267740693395,-24.772468503879615,-22.466012894260203
-10.545227285392755,-15.198665959851965,-8.385073784199152
-4.408299522477117,-6.51989592345099,-3.1764121361746263
-19.42400229527271,-19.74316220967057,-21.184424530382618
-3.2147420689723982,-2.2077197775439568,-3.394372979103827
-7.88731249110879,-10.181056576519415,-10.722793381424006
-5.181219902029171,-12.651411690283812,-3.303119297672576
-2.3232353930496283,-4.045165158930734,-1.553316385212717
-21.71023293678509,-23.04376653741014,-21.054911318106413
-2.1771493569629126,-1.8375858608303275,-2.3839644099106194
-9.938931852137934,-9.546522890676597,-11.36972581163265
-11.643493204602269,-17.004006398848073,-10.32929101642969
-2.255430550624423,-2.5959593149050857,-1.8270587401172054
-14.348392196787511,-19.484764820156173,-12.007262218585844
0.7544321350426666,-0.7261557148979172,0.7686298995977772
-6.391497265315547,-10.614162844235475,-4.472969436419777
-24.334361528976736,-23.55852333123391,-25.64475332863882
2.05731211555817,-0.11151012047797092,3.7247326470744704
1.1599171582510035,-2.721138392549405,3.4054529011897268
-4.074114333394077,-5.576877331360174,-5.024901156365634
-22.96638995705829,-24.345990670674208,-25.10908351262201
-3.9867741308151987,-3.3641068052180403,-4.184929275010351
-13.7666952605498,-17.44362374688532,-14.261444718466127
-25.282093460063283,-24.143065820497327,-28.665597127363064
-2.331417917574043,-0.35068817359318205,-2.943666982789533
-23.344466007310476,-25.351271570484784,-22.033191384673923
-0.6931471805599453,-0.6931471805599453,-0.6931471805599453
-1.4992001644113204,-0.7801512879218527,-2.2256506410156423
-26.381435451247,-27.024890448595375,-26.958727612304113
0.06377246589236217,-0.537184712301535,0.5561306129845545
-16.325851340657408,-16.38308584162533,-17.361611734393637
0.38445858204614675,0.41226151062339705,0.7641749398401765
-3.2709527123789357,-3.7600122261137954,-3.158546667772635
-29.94821809506346,-25.198377108087403,-35.12939498774973
-10.448734347987775,-10.941387905728963,-11.115882701843905
-11.518083597210383,-18.811304754737748,-9.312382651380776
-8.23854751898007,-11.755734625669978,-9.091212350982214
-5.361869869628024,-10.757747066233355,-4.5146165138154055
-0.5284977197001202,-2.2391334206903686,0.9258057606060938
-2.187797481125801,-1.89631096128969,-2.64102597502233
-13.019980382192804,-10.905050918251014,-17.456876249515005
-19.68701236815842,-27.108892908983126,-19.384003929562457
1.6698481102311578,0.16945771843168622,2.6524833651573405
-11.008110614860687,-10.015624847526308,-10.665001671071309
-1.0933297900960244,-0.7720572255661328,-1.4945049901318752
-6.361023455333419,-6.710745500291444,-6.303151053953759
-19.22773426115657,-20.911672963669723,-20.133422493359024
-15.35999945933792,-20.239013941531464,-11.938663863731206
-17.551667928860017,-19.25641057621042,-17.117960637119122
-3.1176513847969525,-3.5726656299867643,-3.266268017609676
-4.838848563345355,-6.2046468582697,-5.932474867594732
-21.90813846394704,-18.897969590813066,-23.191128143571298
-15.041906844881627,-15.992289201738043,-15.298237313452125
-19.110070209009958,-28.399528428604615,-23.654345184341572
0.2998057911162628,-3.1421847805029084,1.6625572962150585
-2.6529688002103615,-9.722394654065546,-1.3817301386366476
-13.225267202514523,-18.87967263455649,-12.613063281642052
-3.1989489372403455,-4.6576812969311465,-1.9017098553086584
-15.634130633802428,-16.157179354447845,-16.090845595236996
1.4267737648411933,0.0011640586825870814,2.2819116169039533
-11.611185090937123,-13.385851937972223,-15.331074396270816
-15.766261555764265,-22.654110612250403,-14.999860688608717
-2.198610360159077,-3.316364581299829,-2.006373211843687
-5.694781836713044,-6.623428779188062,-5.162956080662155
-24.47757653007488,-27.503344881650296,-24.898486200146518
-21.255152972476253,-23.808763188054265,-20.778810137241067
-9.561252650768925,-13.032773984900144,-8.944864410884877
-20.220686591230972,-22.841350616488423,-25.054795824912713
-18.248619987620167,-18.622380008071968,-18.730866632672395
2.0154187854483494,0.0941502388458171,3.3329084200684442
-25.308420943933843,-28.072294804602222,-27.78851752515438
-1.279909579386917,-0.5361413440482968,-1.0743269884325255
-13.943742213961642,-20.235672965452398,-11.126567481590197
-0.15539323495120536,-1.7086373127119423,1.027317968921265
-9.941035375593543,-10.677123220252986,-10.510203955906015
-11.992644588365263,-14.292018843929739,-12.223697181281901
-7.295409202424511,-7.8733139300568284,-7.405761088273037
-10.274943964021496,-9.122115499106034,-9.522006758784975
-18.39459297534882,-20.97439325567196,-19.881675629169155
-24.52240882064571,-26.42343884221895,-25.983802407889485
-6.5418476608553195,-4.710514924085307,-6.608666694569854
0.0,0.0,0.0
-15.700342069786998,-15.846994896209347,-16.668635447881467
-11.150151266001446,-13.733623946296229,-11.273446791390255
-7.136732978420626,-13.153070562160872,-7.696120630842679
-20.3216891350113,-23.268482003771236,-20.71903200001166
-7.593542058755207,-6.694279205352083,-8.346105680005037
0.0,0.0,0.0
-15.386478943930431,-15.68294317109102,-16.303695982711954
1.471451433541647,1.4493769005887982,2.023727542323857
-16.192042130782713,-25.27653829971366,-12.71665486025369
-19.734801320100214,-18.570343085844094,-21.17934158091457
-27.75466830326445,-25.87459666014131,-32.21442416907438
-22.202612529075086,-26.419393339526295,-20.18150704233925
-8.627284914900066,-10.038620322090642,-8.983869037376817
-2.5392266250731326,-2.7569649345932485,-2.6208555231241952
0.4002510929456205,1.6057722859514558,0.2544278376938491
-11.303836408904028,-11.274947637722523,-11.815475425711409
-18.104878142170747,-24.477494040945775,-20.99846996824548
-22.70688105539242,-25.329073002780234,-21.48364343285113
-26.87997615188626,-24.522609619720814,-33.052690989659816
-0.6931471805599453,-0.6931471805599453,-0.6931471805599453
-8.009474133934505,-8.581371894181329,-8.59468951355292
2.556608862405437,-0.3897282461038358,3.9621140591130457
0.8065599595899888,0.15083528678523941,1.7262602668315106
-19.183302395816877,-21.988737571274452,-19.603065267718
-29.898016056831334,-28.548709225337095,-35.55910321334767
-6.616351760147364,-13.000697830171429,-4.896046325063377
-16.680463709895882,-21.34946156890626,-17.06860135922636
1.5838982483823754,-0.6378034348131025,3.238007562389917
-21.94881194261458,-27.52340803347214,-21.254259260832068
-2.781803146416082,-2.187663704440447,-3.253259736914102
-28.865534909659193,-28.5009356855844,-31.190996165817143
-0.9477574950040205,-0.7413299244128458,-1.3783678541952338
-1.4119187731716858,-4.516088985634839,0.3255134554631899
-15.989251566488237,-14.91817819752881,-15.74040086430678
-0.6664065433951852,-0.754515489747689,-0.8610391508806009
-6.070021231108371,-6.172687781273742,-6.360802234718168
-11.166765726537536,-11.051840346614492,-11.161625980696714
-5.595267682717476,-6.3683366159322725,-5.4120446736236545
-17.40986952537142,-19.321905364049492,-17.635226190416052
-16.90928223471913,-21.26851318842317,-16.672404937260005
0.08725804246071364,-0.3289439734277896,-0.03450652216795949
-25.48471816818264,-20.364023982993956,-31.08965017482542
-4.318697791563034,-10.424172131794455,-1.7145248103669457
0.040512582905992016,-5.506638235901991,1.309170130375672
-20.779859912923946,-21.9977308494765,-23.76598340805093
-4.165817176344863,-2.735395198634302,-5.016749068955327
-26.492354031416287,-27.880694794832145,-27.41558949523807
-6.294819825776884,-5.017545577511547,-7.742630592672713
-21.22300498174556,-25.713748330411516,-20.352230606044166
-15.360422343109668,-17.222082079840693,-14.937094195553755
-30.856704358870374,-32.09176507466407,-34.41327778919155
-2.5309295248616226,-2.307250735671434,-3.3626193208350705
-10.098482854596917,-5.976788387909908,-18.74360412002966
-18.479062075263283,-24.370980940152823,-18.719124012653552
-10.900017454205837,-15.418396038199589,-11.074794645455237
-3.769309922317584,-4.930531688429595,-3.4555456136259597
-0.047812233286472196,-0.48519436241923597,0.1063604878481579
-11.194510550449907,-12.408889511081949,-10.127971644498812
-6.690848329755987,-3.2326709831787173,-9.104297502470123
-0.8174315949581037,-6.46464347306351,-0.06527641254404926
-6.581417953779123,-8.740774418379715,-5.397774617203867
-16.17202676766668,-16.693025335018802,-18.85665413671972
-19.194782141616255,-20.099678343524204,-18.69157046533989
-0.17517088577681938,-2.9781485056615615,-1.0169145326135431
-6.51808321163577,-7.906602381825259,-6.19243857108434
-1.6323563631082252,-5.473908898935439,0.18241168271031585
1.0509489622529629,1.4379715533893789,2.3176229176604854
-22.547955039990562,-26.922818511971307,-21.328615537928105
1.559825113871083,-0.10273330134749627,2.6662155552988787
-10.771222799982562,-12.536919743353792,-9.098810349789503
-4.709275657171889,-6.3658518529793255,-2.9403380522874945
-10.587496092017508,-10.688829959114544,-11.75256195203827
-4.630470399602808,-9.803336834565124,-2.8562498595825665
-1.1075227858197652,-0.4822209291556251,-0.6288485609057752
-15.380792261142945,-19.56297000289345,-18.699064651132787
-5.502266035494894,-6.674217404564282,-5.703017945404172
-10.97483545306465,-10.949842202793743,-12.143197927739262
-16.88469683131347,-21.37993874282549,-16.83453826525893
-2.062557787989319,-3.2739512970400613,-0.6109720933110296
-2.2574346947228303,-6.506925009763317,-2.745714096752736
0.8432420695853164,-0.8253957510969823,1.5595951364253482
1.461293041959586,2.86957824161561,1.6083849974151043
0.34707840391799244,-0.8933648005297665,1.0604996749156204
-20.644317437269304,-22.318604179611047,-20.666091263815513
-1.197436273088129,-1.7438263550195308,-0.7966814923179716
-9.686043469817234,-14.45999885324877,-9.729511921917776
-5.140818747940187,-2.3603114360574287,-7.541301446662002
-2.350409658565751,-6.531743512579514,-2.102893002464428
-24.043812644474137,-21.991118243381138,-36.0262496173463
-0.6931471805599453,-0.6931471805599453,-0.6931471805599453
1.1890674451633447,-0.6254806390315503,2.595074082146145
-0.20148380792944942,-1.141831395806292,-0.22599747928120842
-20.530755104673226,-22.50345983719969,-24.182024811178717
-21.26539798997061,-29.34630979451452,-24.554374322039102
-9.394879994900183,-12.65641987216879,-8.525536626434903
-7.21153858077807,-12.307706253959182,-5.048505128226265
-10.006392955793844,-12.601039958028704,-10.836055579127107
-0.573731750853791,-1.186985870458057,0.48881234047858324
-23.88124417797722,-27.10437051864327,-27.30387650487167
-13.121599583607482,-14.665189902419804,-14.681378646920999
-13.821759996056143,-23.300554427643668,-12.615160274041957
-6.753424293060569,-10.779580176254221,-7.024591236175317
-6.698707467703602,-12.273428807659588,-6.280289282318563
-8.228571402106722,-10.659019502158433,-6.4591907576997665
-4.540432281340434,-4.887766365854599,-4.585941748205198
-4.176212042614005,-6.744791445533464,-2.32084217460995
-10.49999965836258,-15.778125925020445,-8.750206956046023
-21.943055058070524,-23.605443309793785,-22.741583348775883
-8.504960391556097,-13.084027949250723,-7.609217513682951
-8.801932479271375,-4.672131030762695,-12.038102105490255
-3.161021709135075,-1.683152916943424,-3.5761008102240024
0.5061723455145646,-0.25228782287269036,0.6419365948425417
-14.67601732128443,-15.398387321727894,-13.840636967624237
-4.743614054256726,-7.168061232782739,-3.1297572189124794
-21.742357284687937,-23.686882490350953,-22.629098461777534
-7.078215510430521,-5.901850583056107,-7.473549511700965
-0.6590720168186353,-1.8100490244200391,0.08987852972359239
-18.856193597756693,-24.454346513142774,-17.731545543073512
0.6887606042606083,0.5073172304888811,0.7346202143754622
0.7872330401727232,0.5965330725395993,1.1951062251528173
-20.00004488819547,-23.946505153649827,-22.58238430854497
1.1084171611188989,0.686239160453207,2.1802584482658918
-1.2785104478930183,-2.412524182815452,-0.7100271035247517
-15.372465260681926,-16.5881234102553,-17.02680825920114
-15.972849851453113,-17.0865674450383,-15.826429092567171
-7.532267583212989,-11.337006060920167,-6.233590240552268
-10.257373667307107,-16.464480641201757,-11.069909931265977
-29.248708161587086,-23.512566310155297,-37.12350255943144
-1.7835006169923335,-9.851707529847893,1.2621811116332806
-13.644659540526312,-12.408402430528563,-15.890668122245527
-2.66536586506864,-2.1345721188059503,-3.649935930262317
-10.420867535073969,-14.326003397087025,-9.139354050979405
-20.518807801550665,-24.735348734782843,-18.887860813305025
2.4874315324673013,-0.3066926564613901,4.098709304919652
-0.06341117377816186,-1.3793814423784592,0.5311877852377842
2.7119173668570133,0.2888593630388939,3.5715467470731865
-0.9707641852089915,-1.6137198195413354,-1.0458916616284373
-11.008088683133224,-14.735452441437722,-10.792071249633732
-10.54444795765832,-9.330429276929534,-12.149210151356975
-20.874291062006368,-24.866320750081172,-20.04795003354684
-9.377777417779882,-11.903728938072662,-9.925781258279
-14.448249517080463,-15.647313946655538,-15.732962684619022
-0.67935837519412,0.10093841927393928,-0.6947495100662675
-0.027670345658228058,-1.3319445851503058,-0.3362047917230566
-5.221705020771086,-10.580407983887062,-3.1386973683127124
-16.540025020812802,-19.25388988597204,-20.00329425094306
-16.945378615696296,-20.02630511423791,-16.229506863806822
-2.658539906035413,-5.866879654928286,-2.0072234115198406
0.1601058239120396,-0.6209994945256444,0.7128794894236605
-11.708645544672528,-15.052520020990682,-10.445917227271687
-19.429899820934427,-24.233303556887616,-21.544335825317077
-7.421628922803574,-10.173999822473984,-12.024267110059132
-26.696010976054843,-29.600603389031765,-29.799151296732326
-1.2065074696971057,-0.8400067429931497,-0.6449364774223352
1.2807198001978821,-1.770608513012483,2.2703235597349827
-3.311528249643339,-7.733290333912184,-2.665152916714246
-11.240049086328371,-15.657864962234212,-9.068209858055793
1.1429036136520858,-0.06404627187552447,2.6109251726746767
-8.299246421847638,-8.797157042852907,-8.082200248974802
-9.453819793322177,-10.433055479409578,-9.49001643136931
-2.3497383507113305,-3.3184007190571863,-2.2361047965232723
-14.610537198895427,-14.66725867065623,-16.098207216486443
-14.628872177366905,-15.289930024945873,-14.273155332306724
-22.2648118856298,-22.481126355971565,-22.375372646382132
-14.025466475702302,-16.29831542630432,-13.436291659653524
-2.0792458817402983,-9.164488127535765,1.0052443562406852
-2.27913948418852,-3.084411846795233,-3.0639469523336373
-0.5724821881866814,-1.3654550830530747,0.6089408427631372
-17.937858289224796,-23.881980099477254,-16.885850031316377
-19.95083925891193,-25.2669986442934,-21.126020952021978
-24.33817639391581,-26.67526935183559,-36.03769510564239
-8.246263061634627,-6.011920877250856,-10.452523827616071
-3.1279555116093096,-8.504743350126896,-2.863626685166981
-2.2103137292493265,-7.096869797656201,-1.049897958807176
-5.427856920151011,-4.738587074443816,-6.017155772692965
1.3395414485473625,-1.2696566350580343,3.1873137579860984
-0.894577563159818,-3.4260604536351247,0.4574937771536095
-6.499260862121716,-7.39095418663519,-8.819195870969107
-0.1401207832691241,-0.20582387675524294,-0.025964425418048134
0.0,0.0,0.0
-9.10021194577127,-8.786998164658625,-9.282347915042
-26.644587907497815,-27.934037619113813,-31.369892346715893
-16.488224674756925,-27.21399368107692,-13.023683866243177
0.0,0.0,0.0
-14.803743527694275,-17.008725575772228,-19.221560220812094
-23.118315879212435,-28.242810195661246,-23.436871747086595
1.786421377319131,0.25687009942655387,2.9254781726404047
-13.477443839620447,-19.77705103269456,-11.909135456120657
-29.435568511672454,-28.896862273642405,-34.597536661785014
-6.394911305441607,-6.689940237283939,-6.695759824909598
-18.24337631417279,-21.738502986815917,-16.724215539613027
-4.743314630268978,-4.8095426337480935,-5.951320621552939
-16.560211172391853,-17.037072125284077,-17.555490922193727
-13.286054482356107,-11.731731856329857,-14.08577194271777
-7.795539487078093,-5.257162854744013,-10.312052813109425
-1.1114425812722364,-4.641926203585565,-0.36883337783898057
-14.263241857807943,-22.511194006397634,-11.149395102154655
-11.662496470677258,-12.402836022226854,-10.462966712844759
-25.153372181737527,-28.587922901588325,-24.96294967915976
-14.831415866655925,-18.806461633866686,-15.064989010649313
-13.3566608985292,-12.48660402249693,-14.298897494620801
-3.9429103396599188,-5.253072664993094,-4.7873175759877675
-3.8556415276103206,-2.057624619039504,-5.273091501567721
-11.938390693970206,-14.316306916616725,-13.312015477155052
-14.113640183498172,-19.888884568608862,-13.95284523779031
-0.06544748649339303,-3.8210588242037025,2.821860398373773
-11.809078931843972,-11.702931574440116,-15.268861539032732
-7.466601478517002,-11.080405719305618,-7.057878845619217
-21.392684375002645,-20.17094589781564,-22.909119749416142
-11.92940947946671,-14.640788318498634,-12.356667376800354
-9.131803720307563,-8.27225600166824,-10.692578843054157
-19.03078978413937,-19.873933266460472,-18.534800056224782
-16.777917656644814,-14.716351169071869,-19.498502152607124
-13.0631699104487,-15.350777042143141,-15.27191881600557
-3.493144738783006,-5.72910800168074,-2.883114088277624
-5.396108266753077,-7.7001110318748545,-4.480465304437018
-27.36652683961637,-27.81999599402837,-29.419640676627345
-1.4582317691259334,-1.9674889857102384,-1.8097066092151128
-25.855048243667202,-29.86144076295411,-26.320187375982236
-3.756501415230352,-4.493790683471101,-3.5480476385880912
-7.648297090270415,-8.298932879439716,-10.65115083217939
-18.72125658458566,-18.27727138506027,-21.94979011918385
-2.9365729302901324,-4.372146676498802,-2.4721711312570056
-30.218529654330894,-32.13526081434587,-35.41183059786842
0.3472106896602672,-3.3939617768307797,1.1302138382518074
2.157378639686421,-3.9692905526455653,2.9292901991278457
-9.452451118315896,-15.642452436487128,-9.416580697006943
-10.138419037295115,-16.59416649828072,-9.118454113921599
0.7320816707667761,-0.6389233707787686,1.4900830627118256
0.790101321544622,-0.3912601082385947,1.6639083385741211
0.8276021478937046,-0.24720647008746263,1.2999792843562896
2.909152856928793,-0.6728574031195531,4.854535431819899
-23.411966790409853,-26.813300795399716,-23.803139839799574
-9.41175267777591,-10.796412415052828,-10.46184739955063
-17.991758722660517,-18.97664194523793,-16.39969678032251
0.9261479167007245,-1.8911094526737708,2.270624010993873
4.206911798244355,2.910757598753478,5.188758880495822
-12.289636345301014,-12.494210883169753,-12.88714579437153
-7.218926716951074,-12.999103955754642,-5.7127531259962145
-18.822323965177617,-18.786066922699437,-21.978580721566654
2.159589961058997,0.3400879938208901,2.7858664171609755
-21.03634714724637,-25.033503227968524,-26.188707377566303
-18.485770466279668,-16.6594888594963,-19.824996878520018
-9.684178407445293,-10.823058895626012,-10.175040830749499
-2.883991184218946,-10.115235927327705,-0.5558054149265106
-1.3521609005076036,-0.781715653189611,-1.8823724321003985
-27.717387030869002,-28.397250479898762,-29.59565295569604
1.8229428363209326,0.16141149967046367,3.083929293862201
-14.902330927872875,-16.241744169844363,-15.038006614793616
-2.883232032790325,-3.2811125334792455,-2.7371027916867052
-2.3623990837818996,-2.312802325982879,-3.1959249109210144
-25.272822889202445,-23.766448645036093,-24.938862229040023
-1.112064927823998,-4.627974573088571,-0.8822668762567815
-5.5620015238360025,-12.39162944860556,-5.469347043744032
-4.927199698207913,-6.868255809408277,-5.057907580708767
1.1923772386032774,0.47670647122364485,1.4662285673127418
-1.3216779359083801,-0.9842999118413994,-0.451815219450493
-16.18253568109453,-16.117237857032134,-17.216736131048634
-18.219513413941417,-21.40920071467257,-19.345584375960414
-12.070132444162745,-10.84803579698389,-13.768702273744957
-2.782525713357725,-3.847434748578886,-4.768529581506506
-21.454519480875692,-22.201261288251082,-21.501575733402778
-21.459280101687835,-24.497551701579837,-22.82042960883351
-2.254793990896509,-3.839000387148839,-2.0168989092966494
-0.887809262264696,-2.0776553424948827,-0.07871960278993925
-10.28349413196325,-9.865635917807397,-9.429496326619564
-4.097613677472321,-2.871758734529223,-5.74210537999698
-1.736910358305367,-5.345751330434453,0.030428957450555343
-12.26277531775363,-13.912440798646195,-12.219169346174189
-16.556309130966035,-18.74628564100915,-15.727384797905435
-0.31287322511816296,0.21336799032662712,-0.36098916336313575
-17.65788003483612,-21.81877376260879,-17.59804701765177
-13.381838773051312,-14.428840805277314,-14.721628096397845
-17.754088608227455,-18.830982092887705,-17.839565109819116
-12.293797837896443,-16.785481890993545,-13.209968748187379
-2.9393163032212644,-3.3617202276513596,-1.2848293564490516
-4.08969463899413,-3.8940455565454215,-3.444172646159848
-19.081621043281476,-20.502940770502228,-18.20016982824392
-1.536486145196038,-1.611072633842443,-1.62327006773025
-11.470465294953742,-13.890545242395136,-12.251414257576933
-26.276726549897326,-27.658478316276778,-29.793295264577946
-9.527477016504394,-11.963892643171338,-9.456476184744057
-14.690738670171251,-12.311901371710876,-15.196672886175788
-28.112482001008523,-26.34709429379643,-31.74599639171742
-5.055300302182069,-6.328661129162571,-4.151381607302702
-21.94425812014553,-25.683746705568012,-20.680077987399716
-7.3899294406762746,-10.563813985491318,-8.13680993166132
-8.829281605971492,-12.100538042834529,-7.217166982975926
-25.35732705176159,-22.362495649078724,-27.68613582235174
2.3378749824664293,0.14282916139035592,3.301192591246173
-0.6599321950612104,-1.0826718041274375,-0.6906494004504949
-2.4532560026384855,-0.9757589054026268,-2.180391895885129
2.6836632559116507,1.4759397530650895,3.924635368081099
-21.225019875199873,-24.38501752823861,-23.836511171642144
1.1708427909875108,-0.20354407845356684,1.18017824855739
0.3406065588433737,-0.9174492352886533,1.420541911891855
-17.041148276913948,-16.497469289681405,-17.73046422764751
-3.027335266363115,-4.841236560311266,-2.6602967716054438
-21.204694659210993,-24.073521299659898,-23.666475069867282
-24.86067482140852,-25.08708841050587,-28.07426164042521
-0.027916722226560216,-0.35324836900889317,0.5320795339007107
-1.1790672739663712,-2.8619825746838083,-0.4753326721610826
-13.283391135042754,-18.827785843773125,-12.94367003438319
-0.19186623233990768,-8.27082411855804,1.6975083339178811
-1.7438145041314126,-4.425637914072409,-1.9200086907763596
-28.89301192408746,-23.06673774905337,-37.587039764874255
-17.065845410642265,-22.18352258336886,-16.966965959553985
-3.791690630813271,-7.09749821834287,-2.6813887538673975
-25.774179526422202,-26.728100569672993,-25.957924280957524
-18.51454341227087,-17.31095703590383,-21.36776227913145
2.003137519092757,-0.09943612401476387,2.2891365126013787
-17.27167703136169,-16.24615132046063,-18.385692643011442
-18.62804043714239,-27.425432609046936,-17.239539573014483
-10.100276151435729,-10.952123759415036,-10.860333959490239
-7.495144298168792,-7.520963257945672,-8.067365165426047
-1.4540534355851578,-0.5932026526651124,-0.5243444123263801
-26.78380230779287,-27.978217419841762,-27.911882977081184
-2.2141489327991435,-3.8398127116653704,-1.1380178004730102
-14.172960936908705,-23.30110431229251,-12.921214615667523
-17.29033974375245,-17.363251833333244,-18.170641497099535
-24.860402041740738,-25.748628589053222,-25.033575762975083
-14.762866630683039,-13.990363150656572,-16.078486559985276
-0.683399360178116,-2.7338721957649863,-0.09006858238520152
-7.325656752852137,-8.678684466233044,-7.462115755827193
-16.781006117810488,-15.85929856270868,-18.21507794382254
-3.284560980584216,-7.0146828667328425,-1.9667999370977107
-6.293446917007579,-8.006996027291763,-4.859240800888752
-18.10479281314821,-24.558373559391995,-19.19313879819929
0.0,0.0,0.0
1.783185309908844,-1.7683354091910246,3.4258974279955825
-18.086521021811198,-20.964415243029496,-17.283766651007078
-5.732208418665774,-8.202429474185362,-4.1881074068564565
-20.87613154822141,-25.451641038947557,-26.21928926996341
-2.8166726447682287,-3.5599476146995204,-2.349714195242255
-23.643634632395308,-29.398772475696948,-25.67206970922366
-32.355217969897446,-30.963991875401167,-38.03250061510225
-1.7074969207939257,-0.23872103632820976,-2.0264672940432447
-15.594748752276534,-17.16361238824391,-19.614669596745014
-10.218226688291587,-21.638841394702713,-6.916040909053349
-0.7764808646476039,-5.092291709212102,0.8349407504436954
-16.929559927684405,-15.950172183259816,-22.0135265536527
-1.0367700955980308,0.18562978214680856,-1.0928609341047992
-6.542913754523525,-12.499511611296406,-4.560990617154369
0.045252395077773504,-1.5840803200186724,1.0643722634040353
0.5204016992899716,-0.5785037955326064,1.4441268711995472
1.6370399428837465,-1.7248826065326825,2.7801994403466614
-5.79485962262269,-6.491724783492126,-8.450030666038638
-2.1920773374183358,-4.352417056878424,-2.339068199494177
-6.4966318602710675,-6.740814621421568,-6.604939468617537
-3.9904794355149047,-3.3593471987466508,-4.616924874987929
-4.03531135649707,-6.3853056861089685,-3.444874190195253
1.2368810386254212,-0.07226823882246314,3.2379670923932498
-7.756172791185588,-5.339193375193251,-8.078076537255416
-8.964627148128349,-11.06391354861807,-7.726610784378174
-19.90479630133871,-17.775226859322157,-23.053859407312622
-15.945824480945026,-13.52901174283434,-16.36499780525584
-16.70078795181155,-17.74156849199889,-17.29822348790612
-35.974489814110804,-32.822243250004625,-45.7952313134979
-5.991322796145133,-6.071855055245735,-5.573335116450897
-0.9487289524701753,-4.79506440849447,1.3176907765833934
-19.719169578801484,-24.979582855781633,-18.412869185663943
-27.555721228832518,-27.52071475497186,-28.240188813209322
-0.1322516287369945,-4.187853024706472,2.9379795588298663
-14.877748511108255,-14.289066154612959,-14.14174022359295
-9.061755534675665,-9.253989127861503,-9.580035496066778
-21.80965704400078,-19.80302958279892,-23.50323371166794
4.615426134329233,3.244985503972014,6.086658993475556
-11.201012944173824,-10.818264627627327,-11.831559874970512
-0.3199982664790906,-0.7445524299369484,0.35268060810996266
-0.23393193435489437,-0.8974679777137249,-0.1724206444932544
-15.379462716278624,-13.664042423209631,-17.243208980493776
-25.43901855036765,-24.332543038102767,-30.18143145020227
1.857332350779326,-1.0201063761035056,2.417056307726576
-18.438513063520993,-18.28685814033213,-22.423173087541993
-8.250153008562709,-15.257859025974328,-5.021456951242745
-21.330245799938844,-19.790760570128445,-25.543914083345502
-2.447020410771206,-6.376973185681687,-1.832388703780995
-26.96445464703048,-23.90987076867866,-30.306740030444097
0.4389242271724103,-1.0603421391364798,1.0056731910601366
2.6068287372510954,-0.08346296793848725,3.1653505559394244
-1.1354963762430392,-3.413095797618809,-0.6622852814151462
-7.879579049151149,-14.320189974859534,-3.5893837752202833
-1.3915762923042578,-3.24953380472177,0.12574250194662404
-2.7735953253044854,-1.6021307185664893,-3.9462623214097845
-0.5703608380799057,-1.0133537513735866,0.08051225764927905
-14.217910822629271,-16.871134178254984,-12.834908864344852
-22.612506679118866,-22.641995411740865,-23.49491258220132
-11.300322046700266,-19.58257731709701,-10.212844590287713
-7.559054099623916,-7.4169328618941615,-6.658335836316906
-18.086693123969873,-23.07089654356514,-17.331744904010048
-7.509140792321713,-11.653631877605816,-7.693725282164491
-17.99213877608564,-15.051082412265448,-23.28467287067114
-23.725109419755523,-25.107110046073977,-29.423151820924563
-12.171629333360169,-17.579592457799563,-11.353135554198214
-0.6636747982223858,-2.645074824964856,0.19985984706450616
-23.906377158913948,-27.573686235223033,-24.02011726551332
-12.224356409596382,-17.705570986292916,-11.66589316348903
-20.529007271861968,-24.336418847668813,-19.82605177504658
-14.824640094551192,-18.92539703202144,-13.505546213256496
-3.443914028724134,-3.0995629332753487,-3.3341311917077254
-18.73725237293269,-21.6577104552471,-19.416501614075507
-12.615857768561062,-13.65997291224731,-12.586825191971958
-20.818952466911686,-20.673229405109613,-21.656495854470666
0.5664487913931702,0.023275816449983402,0.3168860853329703
-17.55710936873484,-20.554924902687944,-17.19134292704662
-8.610309946517049,-9.713028187579217,-8.38865058612854
-16.461138936848055,-17.29056463924219,-16.520788938200923
1.3738751240957696,-1.9276255926368446,1.5742551892097763
-2.946435545830007,-3.591316640356558,-2.827375943749594
-25.47339505045286,-20.907156902299224,-29.085804993599854
-20.444899009259938,-24.276512846966366,-22.30648606526207
-22.271167507391926,-28.108501941144286,-21.378597344366653
-2.2032658926012827,-4.4503348116153605,-1.8112949982623223
-10.701099618893148,-10.547807800844483,-10.523329457614388
-20.744538200689348,-23.073867266094375,-22.30286723342639
-4.269604525092016,-6.516903064242617,-3.4719109098800693
-1.6210581704045024,-3.2658448604879076,-0.6118653389070479
1.0095147728726157,-0.8406265382502363,1.1648813589864837
-17.36635061178679,-19.997447676892374,-16.2750992609619
-13.079231489371557,-16.98744805522696,-16.74063104745849
-24.269864867192332,-25.261577170987817,-28.028360853969435
-1.6613377303454482,-1.7866188639207512,-1.8848122314005096
-3.1540677318492025,-6.047209364039968,-2.2580729955321703
-3.3725508751723337,-2.1163573641124147,-3.2524526426382154
-23.52004352404687,-26.854752431743385,-26.59037095662292
-4.159085832556563,-5.183230927022707,-3.9984306489692476
-2.5029257100463513,-3.0276044889098657,-2.623919877942854
-0.6503777075957474,-1.608482454248947,0.11534263289848697
-14.74657261637934,-18.42287101373839,-15.79962862666056
-25.77129604189578,-27.28730451436097,-28.668029432096915
-1.0590752096091245,-3.1385994087288753,0.0854810404283618
-1.2754438198800975,-2.652981074883858,-1.0391801534501757
-17.118929106027792,-19.43953010067225,-18.783057234668256
-7.018214789121449,-8.130309246629224,-6.709460668193098
0.666236773299897,0.2648608046141512,1.0575533019137346
-7.015071290391213,-9.973808867895405,-8.765702812858116
-22.580989759347005,-27.067959822429003,-24.027320641574832
-8.132430801848816,-12.123927281875718,-8.315404208724058
-4.74143102637453,-10.57755327091867,-4.9833831416049
-10.693604889625316,-10.040537274730923,-7.379634758202277
-1.3374371047745828,-1.979824457153616,-1.1729644416039895
-2.4538568974792665,-1.5094547562962515,-3.219341496060801
-14.548197180395,-15.281271410517892,-13.83362162479703
-13.785544178787477,-20.47504750486374,-11.920747196012767
-20.756947907433073,-26.296765175468057,-19.150969238812444
-6.858866220099081,-6.558064595712401,-7.957570388479424
-4.682626358500273,-8.008929339060884,-3.7866499745413793
-18.865720732510006,-28.230076640244807,-14.962378209816915
-5.691337555728496,-10.948550282922804,-4.658969515461112
-26.79336582484015,-27.749883233403374,-29.19799485617029
-22.69824184833041,-26.7755867345924,-26.621614340574972
-24.101693401522166,-25.615220790873696,-24.538463966718865
2.296613374857514,-0.8996556442995067,3.8297299317741316
1.8777564715504171,-1.822358231644638,2.673366493711603
-10.37430186064345,-12.441827466632292,-9.845738403375895
-4.743286968054969,-5.036616005280595,-5.330090944286806
1.7062942715700018,-0.17985430650767104,2.4526223463494765
-19.167195008912657,-20.260280872961015,-18.634842164245807
-10.766275688873485,-9.624433965195774,-13.92615527887256
2.304865866632811,-0.16509162103354877,3.3020496302774807
-3.257086762793501,-6.808539988788909,-3.0303447514202753
0.2326375023564436,-3.2289680762517836,1.4848080941041775
-20.986772367578244,-26.101790442117192,-22.555071944397625
-3.6115286731866596,-1.9596657477477444,-5.434291683268209
1.1010739214571208,0.09523668698956597,2.1206233616800003
-27.429053609309285,-27.097986704594177,-35.171878455727075
-10.910196020250448,-11.420937595482501,-13.59912637709963
-13.954005485865375,-15.72574332683417,-14.430193206714907
-9.678213387343913,-9.89711958165559,-8.671878998704038
-3.6580936954098027,-3.259447137187652,-4.737218315210926
-5.40313915545135,-6.883257630347544,-5.00412299977408
0.13024194728934713,-4.1381365700376564,2.8313711803837855
-28.00837818384624,-25.18928427928982,-32.84856943033692
-19.888057424035132,-19.75147035100993,-20.25488957361936
-19.591709098868265,-21.995451269968108,-19.76528223762657
-1.9139053753827726,-0.6955917187134695,-2.8034573040557484
-2.127783712082272,-4.447483107299936,0.17575922592063498
-2.8139877075191833,-0.8448141792760474,-4.678877169069624
0.8121174813381942,-0.5579575178225006,1.7551370362593166
-0.4620020677543139,-0.4865903124870868,-0.2046848218498593
0.016996032690427706,0.14986341174372866,0.2659420029681026
-14.819494210802432,-14.334246551591429,-18.02075954079752
1.7746604521529414,-5.807270994091663,4.062085086063194
-7.1770766384247615,-9.197340461966256,-4.741989765593416
-12.367619435258588,-20.169545602648466,-11.095496710518187
-8.387169492107825,-10.282059256451555,-7.551479276399833
-8.599841661727886,-9.425325305456118,-8.304701515424187
-7.110474031854532,-10.834233379959517,-5.94760324395149
-1.1756228386601253,-1.2990340294251628,-0.6201251687755142
-1.0113309069377743,-0.49165038816589884,-1.5716097115440824
1.128781561901848,-0.005625467815173051,1.9806838840375265
-11.522234769168028,-23.73148070214116,-10.097792824228188
-14.448800239757702,-15.33270222573617,-15.108536583195116
-0.25683353459859953,-0.9494848758552338,0.12336288077322523
-21.99082830130981,-27.710503762956787,-22.834427404296974
-1.286451719919822,-3.069247149428152,-1.1877677397254667
2.32795334014068,1.7194825876617899,3.8537115710784104
-1.522556994723999,-3.2870326030706325,-1.0442530420169935
-1.5236314925616192,-1.6780336440944932,-1.1702808381985526
3.0348263307609336,-0.5886483390946067,4.493171564475569
-13.453548294933285,-16.55614168207892,-14.899319340202023
-18.715891097730516,-22.292674569476038,-19.15836991022285
-30.473769942988984,-29.011098220345566,-34.850319699805475
-24.380569258907226,-26.393379232099676,-24.648418902477257
-6.5119005179529585,-6.665614471980253,-7.87921067022833
-13.527076873983166,-19.72247772310667,-9.832326728296854
-9.398295992267366,-5.152461595519665,-11.423913305303618
-11.712567986789473,-14.830113756032459,-10.574378514631174
-13.18968332219342,-11.602423300240488,-17.449658767154002
-21.112888966038877,-22.417592614910493,-23.420913082223535
-4.146948368197301,-8.109829406048503,-2.6734754319606773
-6.914932766385378,-7.535021668056759,-6.221826616449226
-10.641596049817132,-11.755979841603688,-10.383930798862117
-1.117095498560624,-3.2260542616992356,-0.467936268926308
-27.278377613000682,-28.37572064921967,-31.951480959496955
-1.0018958860510512,1.187614527332734,-0.32042507321340896
-22.592478732570232,-20.26767870224936,-25.043106488771496
-9.100803280089107,-12.505905322719318,-8.277148373677164
-4.170379449663336,-5.250169794989825,-3.302798853979509
0.19340146912747871,-0.4636995636294289,1.3338034638991096
-2.389140678844203,-1.0882222079108967,-3.0232058440491056
-13.130781661650996,-13.021984284254097,-16.86237613173804
-23.336869743086606,-21.728021962941032,-27.105570036609674
-0.9315769101035448,-0.8799065347132038,-0.22934601833256404
-0.6806640957439081,-0.7579158600656412,-0.5715206394489085
-23.16884931399323,-23.790506512632703,-26.737450318115613
-14.031443262376857,-15.200005049613507,-13.730795465893705
-7.595683501717444,-10.364359907342825,-5.556549787880313
-0.575492434926503,-0.9573350596269969,-0.4569679287268426
-21.81925169348936,-22.321023785046965,-25.81051397496204
-1.5900088496832296,-0.8456017070161455,-1.5480874203482065
0.5391378043085809,-0.7716052173212135,0.8906038517468146
-5.1763337930123745,-9.244199662152877,-6.143058959892433
-5.459672557461172,-10.415525458974574,-3.371716308766371
-14.649907809819506,-12.116008892429997,-19.882826212772954
2.0440090637593338,-2.8508882469231875,4.907631947477785
-5.954394223934415,-7.129142986460399,-5.14670650835886
-0.701437603087546,-0.5519642874667032,-0.27267390789422513
0.6141457474445082,-0.10264773607651126,1.144878582526037
-14.009106864787807,-16.940893220310475,-13.443142312339786
1.5383510225506671,-0.08927199300675241,2.563049288694327
-18.336200316226925,-18.13080741885974,-18.70644187345429
-14.606739339484262,-15.633908407997026,-16.692759043726795
-8.381145955466872,-10.020591660190052,-8.425939517841996
-16.7031408701737,-18.341720468499517,-17.159477957258094
-11.507956536407244,-12.560633520508022,-12.885133531127689
-1.7836261519917755,-0.8664070182327833,-1.803301801607455
-14.859400572542134,-10.478605405687059,-19.17470499653679
-0.4483850288325066,-0.7751284237856874,0.013112483437103032
-10.487629430351236,-12.709484097368911,-10.648457805185991
-7.554086852131348,-12.37696230896855,-9.485705246854113
1.7626069351021791,0.9217161129540948,2.3937272206926976
2.4129286068272897,1.146548814193521,4.103438843410112
-1.2938817686353117,-2.028241307598568,-1.0564259687652566
-12.042235690242459,-17.899281201278264,-9.79726804063008
-2.042799196786124,-7.199970957002293,-0.2555453222476065
2.014900296931579,0.9662548314453901,2.6874085433128614
-19.951097748974867,-15.753091184672813,-28.591905173841685
-11.094404496769666,-12.357451097974964,-11.205912176796112
-4.036910477748324,-3.803164193218223,-4.129098520994461
-16.383885633723395,-17.798712355447204,-16.042801868958097
0.21943191512692464,-1.7174667433665702,2.0377334542458803
-19.82826758611587,-18.39274297359663,-25.170264556599086
-22.844376807660783,-22.118552953963107,-26.791612820298415
-20.689477513956984,-25.118348575648643,-19.540053373357146
-10.590923513505297,-10.262163996477023,-11.865134958319201
-14.786239361758575,-15.742370857222316,-15.134388653328152
0.7080352873915253,-0.8949546227439052,1.2482783810058709
-8.652113642536234,-13.425596849598834,-6.332615894371854
-20.920536240643496,-26.854197178625164,-22.55926394324815
-14.661545311892173,-15.106096925985268,-16.40002292858869
0.782129257389807,-1.4146711177637874,2.190935213161313
-13.573640677942707,-14.355894392234,-13.191535572684064
-26.515069127848204,-27.299946748696946,-29.53609669670378
-17.97043302104627,-17.412413491418615,-20.8704923520275
-7.406141805224133,-11.437789373100125,-6.0218509577467065
-8.690123118937395,-10.103504210083923,-7.743685819218805
-4.857191917318025,-6.800334232034975,-2.55439243106731
-4.080718131964092,-3.1772570200150803,-4.747035005050423
-13.029024438589305,-15.45522291907301,-16.9534516664106
-11.994650786895404,-12.866224530170795,-12.918039894924886
-12.948698703344709,-21.30746309839887,-10.54563516934491
-20.924121297476624,-19.639988964045155,-23.883450331009662
-26.293642042582587,-26.01352146528135,-28.029350179181186
-1.409410011584948,-0.6340926151453239,-2.3314891130812723
1.1573756287135668,0.043946728410491145,0.9369559753965456
4.405612298417691,2.007164061029223,5.560350369922788
-13.943086814969423,-17.03843065364965,-12.834411637012048
-4.77404859722159,-4.158823874434511,-5.669529528984495
-20.11121752097233,-24.559784318207505,-23.805238386196336
-14.672293894368552,-17.503868232181702,-13.367529341393038
-17.790632887381616,-19.841340307403705,-20.018020788250396
-6.941251809250401,-8.344216303277348,-6.356961103964531
-8.255197582052107,-12.614891798527717,-10.853028865737333
-21.902024426399848,-21.190938735687396,-23.601100170754183
-12.118679484381268,-15.21084196238217,-10.59589975004415
-1.4012346604392676,-3.103710205920849,0.03279046287227804
-12.54478158177876,-12.445591950282935,-14.050703325010078
