ho_likelihood,hol_likelihood,std_likelihood
0.05460171516896452,1.3685823039104383,1.6702297857311263
-0.7675269407964008,-0.6836706519598335,-0.6944863764291995
0.7052397203304316,1.1610796008588768,1.2502390065395637
-1.057452922524687,-0.5754708555124869,-0.5424176639531416
-1.860780112282951,-2.4446286671678163,-3.3077294114335913
-1.65832389529138,-2.326163937735921,-2.873148976594621
-1.1788397345642858,-1.3824964997819487,-1.2512128427681848
-0.47313646805041726,-0.49442543782472465,-0.1470936387813082
-1.2213931566138228,-1.6123698030181008,-1.5715232264760957
-0.2096263332240216,0.33518779366487794,0.23475940292347844
0.6174709466866023,1.5625731242881953,1.6384481655401133
-1.0525440812625806,-1.0447948923202943,-1.1987546025535898
-0.30964927650258134,-0.20420236935476901,-0.2699965070563288
-0.7061445656877664,-0.3471291521014692,-0.5514359275384879
-1.141914923937731,0.8774834567358136,1.8403474879085548
-0.6252432092240416,0.11114045947373288,0.19953453596245468
-1.5470782426931886,-1.7169256069535863,-2.2936368949500046
-2.1268955873110644,-2.324950801729169,-2.0822666441429933
-1.300842113116878,-1.4704458466734407,-1.6949493888781508
-2.0779327413120288,-2.7660058780672316,-3.2970040569015633
-0.33615236083088235,0.02807061392790939,0.19485990734969724
-2.4140912200286726,-3.8643719875818547,-4.463544457885088
-0.3376171224843535,0.08908740815376993,0.21313232006770474
-1.6291068998370213,-1.3987793360590162,-1.6305384327830077
-0.42724221282500774,2.312889208197881,2.7286722070622447
-0.7049891725375065,-0.41363975410710657,-0.30979123678818116
0.5820501338214947,0.9600653436273644,1.0376607953345947
-1.3393141524196475,-0.5165590449398203,-0.37373461561203913
-1.7295300304615864,-3.0235658330221864,-3.469518540032347
-0.5847408982818871,-1.0895954747294692,-1.1145342932038298
2.440776778110223,3.4709672288438393,4.0572708377629025
2.6467001090652773,2.0729190776725384,2.054583137281113
-1.2450297348543733,-0.720551708754727,-0.5706101359910638
-1.794268597687279,-1.994482171887954,-2.375528258768649
-0.3773145123834689,0.3909141973010012,0.39572972832161596
-0.678325842729663,0.6738555491083753,0.5879987923629764
0.36537256059224293,0.5700172236068246,0.5678424713040144
2.3870925998783674,1.7874208731934669,1.7464623098713998
-0.7040547744003857,-0.03890937606450276,0.17030228004343836
-1.2830328110880413,-2.054258900624873,-2.249528510573669
-1.9328122517539814,-1.1394149488227596,-1.2536447191985047
0.9865538728498743,2.064092650793575,2.146153178730117
-0.270732616480977,1.1643565592205196,1.7370281259279938
-0.8399615035834578,-0.763116698969332,-0.8375159379478758
-1.2138356719453813,-1.050474489736417,-1.0091261441588624
-0.5969139685971753,-0.5788079582653066,-0.3855140590153555
-0.5334523895747499,-0.6705361057853954,-0.6694618498872894
-1.331613397682304,-1.9694575526443419,-1.859649063067295
2.011638154531806,2.733213285661757,3.0660759508852715
-2.163464343546794,-2.020317741215812,-1.8946814992416137
-0.6985995329381725,0.624161577265697,0.9056404960503516
-1.271780915668153,-0.10777947115981855,0.30162068284295673
-1.0067881266731065,0.0012204963764926818,0.46336015076569853
2.333119473402823,2.6732003541571574,2.9295025332463367
-1.7257430562698077,-2.48988859107423,-2.8243782096521786
-0.819059851277838,0.5802959311193601,1.1020154847636467
-0.15197290860465534,0.39950890430210095,0.6119867906137415
1.1070619103483332,1.196249743727556,1.2689260665602735
-2.278854136551305,-1.7913303681062536,-1.6643286289250243
-1.4103494519566508,-1.3729496560081813,-1.3074400277531388
0.11819055356318207,1.3555952388077677,1.7159043227046296
-1.821386718065265,-1.9215943589016058,-2.0843345699524902
0.15579638177707797,0.8589249314245364,1.1956098185959274
-1.4117448811195479,-1.5189005651053398,-1.2845129891938754
-0.7917334642654399,0.8130830497068133,0.8828419061968049
-0.41568912374960654,-0.054006004313358974,-0.06711525251018165
-0.7773548581312465,-0.06766216016004285,0.05437782802184247
-0.9328808387731656,-0.19939518799499484,-0.2679501155414822
-3.265899246925991,-2.6576409500524667,-2.7659936559392673
-1.7580845643830139,-1.8478686806724176,-1.9159727322491333
-0.6723636892106841,-1.111656946031632,-0.972092660204123
-1.0385927533704558,-0.7458374819081942,-0.9003465262795546
-1.7488659572883152,-2.444411111507283,-3.116728753362784
-0.1414215904196956,-0.08873756999221968,0.10581519838530286
-0.2368064301622294,-0.1348733559236834,-0.0701930862678977
-0.44353069659829214,0.0013113530029438803,0.04063595609701234
0.0015982578021455614,-0.5974635041307387,-0.45206692445202107
-1.8930918231105942,-1.9795187297724797,-2.298989381521067
2.172256241570281,1.6751841625726713,1.948677300920401
-1.8448396564270482,-2.271394178646554,-2.0857456669632124
-0.210695980755583,1.255342120964936,1.6727124345178914
-0.9948318596832116,-0.439552788195716,-0.38773400768168104
0.6463284967108243,1.0671295182788707,0.8740518153459195
-2.8331684439317533,-2.0127991432220833,-1.8602650592490062
-0.5307856423551196,-1.3501443061190337,-1.5913977149743357
-1.4396008724587641,-1.7062209055546378,-1.875583529882014
1.6292359891796535,2.1828589134674203,2.333990688795827
0.5078876344940741,1.0398414266782363,1.1759763162410037
-1.8466772243329825,-3.5713966230081406,-4.282649536378003
-0.5189450670800348,0.1195682060976101,0.4529260774784547
-1.0228576688542348,-1.2858429912176403,-1.4484267750765816
-0.9527567987434926,-0.9552808115571607,-1.118980961042543
-1.1779109248640691,-1.0358751207809576,-0.7559201398907073
-0.6130909441995672,-0.0633985420789869,0.21128069286759857
-0.4773869659680599,0.0448279515592921,0.26156040353242865
0.741616343359127,2.0240057874718915,2.4397294494325275
0.7550604654330774,1.6875279173811861,2.2273576598846763
-1.5120378706431252,-2.1349168632296065,-2.4174796535253815
-1.448033039866054,-1.0481737074788136,-0.3840715717964091
-0.19643910933913653,1.739685192287435,1.9828327002831585
-1.1361811787988148,-0.5836910796660258,-0.3595510778923656
-1.2647427322610254,-0.9140054983673843,-0.75398111561672
-0.15598471437456612,1.4831677094334652,1.5741301417073166
-1.59037032863821,-0.9766814428334387,-0.5593929831700432
2.2069908041102577,3.233353517370652,3.506096475252752
-0.7855316454388624,-0.7268454883913408,-0.838391351617378
-1.0441674893675599,-1.5881133661767768,-1.6793862341024737
-1.8306373689902975,-3.274682899423149,-3.359723174792034
-1.0875474026843768,-0.21710836849032009,-0.1469404172877481
0.04088945581198027,1.1812782838234395,1.3780701471713408
-1.085150480848682,1.0569145858441622,2.0227434872203722
2.3362409262753543,2.0919843134091987,2.1165130274867585
-0.06787360091789722,-0.2677863955919867,-0.0488215897753712
-1.2258361742003505,-2.0520502209752527,-2.1884357231714158
-1.3525099701322294,-1.0788359629496758,-1.2676896318244122
-0.7854865702467886,-0.3225508039229609,-0.20739445748334293
-1.6636216024155075,-0.7702169479431472,-0.9068644469716988
-1.8371406922313176,-0.5394057280641993,-0.5467506224919856
-1.62426474649424,-1.6035033561802874,-1.5722959694592606
-0.6410237295134495,-0.5087175738621152,-0.2450778568808819
-1.821776227544459,-1.571883896094996,-1.566170869975216
-1.2295893128746123,-1.405293113571059,-1.3359727062605302
-0.6838224840681058,0.7794407243662821,0.9471176171107669
-0.5606527472046052,0.6849998382204353,1.052363523587234
0.23052209680950947,0.6509367857564924,0.855902589018803
-1.405160212174839,-1.2254775555250508,-1.518020240916906
1.0253728268639126,1.9079633672997365,1.9648177783678404
-1.3339048404290537,-1.5206407866996976,-1.665146461358975
-1.5179937205366296,-0.8339839660743021,-0.8005789695212374
-1.6001183148485931,-1.4225030576186113,-1.3075303435083354
1.5133085731229137,1.3003351715160487,1.5268310049028573
-1.5697124183760205,-1.3781421948634194,-1.3228980948956865
-1.7134919696933457,-2.694739919026184,-2.8275808656702597
-1.7701720820244264,-2.208246635593093,-2.9729062285066656
-1.9715420395307242,-0.7904511431902428,-0.7566348140607481
-0.5856035261166045,-0.7092064582103479,-0.7108697624896455
-0.6511117051388997,-0.19991334056788437,-0.012461096067347067
1.9888385358591025,1.5418714468734664,1.5405945045102634
-1.2116678296188728,-1.1980283450431113,-0.8291387747076676
-0.3921091472923437,-0.6582300840182741,-0.9529529728343905
-1.304791080735,-2.1063077736471687,-2.521182513124332
-0.09762054255816474,-0.21614417397083574,0.4168896094125707
-1.5306935330113143,-1.061172013683807,-1.0785626622348343
-0.37666308159401307,0.37500460382854256,0.3172807426112987
-0.920453279005091,-0.1901453525978478,-0.2073733267988401
0.1376831444737023,1.2967097566206305,1.6672175411989627
-1.225621443395344,-1.421579328211868,-1.5162908603891656
-0.7382902572108243,-0.33377643082799835,0.049481469016856516
-1.1116388011855822,-0.32679393465220663,-0.10443387657682329
-0.354942684663008,0.9312833054432464,1.0737459494889976
-0.46209583129889953,-1.4628446743681487,-1.2748650622960696
0.2732377190414871,0.04980386163448065,0.26728026002726624
0.5005124846314731,1.0682551533440863,0.8764869667359244
-0.13266236668593243,-0.6094487855249223,-0.4892973137684036
-0.5902451228996787,1.111072006665613,1.3002605229082114
0.6350258534617133,1.5450834681214112,1.7324819784145558
0.9514420473993211,1.282170141985433,1.2186366329429255
-1.7449473884147328,-1.780533653796685,-1.5452486201600835
-0.9427664733119869,-0.3850537621127931,-0.10394995369370637
-0.20522932615388234,0.8518874624737436,1.1464772106678307
-1.6361681238625387,-0.6468066216184617,-0.2809353112989602
1.782519506981751,0.9810059615713511,0.9971381984403246
-1.65213417605516,-1.013187675438765,-1.1029599970796966
1.544669402416276,1.7437859663870399,1.99669653642577
-0.8930271930395285,-0.41863242388108124,-0.45462391192280194
2.490569616415292,2.4477611965739325,2.5225327805915243
0.22277655085574485,-0.1846650952448217,-0.2766029068061826
-0.3628866950774881,0.6585198302676417,0.9169194474211296
-1.1750903944387845,-1.9314452002300968,-1.8688652302143134
0.07855067005445725,0.8408019840010852,0.8272466454664366
0.1103799380017142,0.9353091035593706,0.9929859857278313
2.190509963502498,2.766241388458945,2.9921176544246335
-0.9147587301395248,-1.1294542370409981,-0.7924404417476874
-0.2159608331243047,1.9866027589616404,2.6329141387725348
-0.7106112513095213,-0.32863715609075567,-0.08718420517397131
-0.2025778553520272,0.3561971924912819,0.6494727706457706
-1.9789491030672446,-2.1309867376680476,-2.5056598369901018
-1.033045344692638,-1.052674811009997,-1.0762418397419375
-1.8958586976794576,-3.17263833127563,-3.7755709424143364
-1.841808346423385,-1.2836258454969893,-1.0352457577062346
-2.46054502289455,-2.1857915021971386,-2.0922216842228547
-1.0885977211997955,-0.9858763201581061,-1.064965957515304
-1.5058263590122436,-0.3619246309371002,-0.21646496107072277
-0.6800974057916104,0.9207164730702463,1.044812083892824
-2.472930435106389,-2.8616449403389392,-3.4769482099706113
-0.6363576513969468,-0.3154096697793877,-0.44230088933049083
0.7534828235020052,1.482714688700162,1.4728872325993654
-0.9745167601413196,-1.14844909805018,-1.2104505108484163
-0.44092718528369573,0.5036917348808816,0.9472374910820198
2.033852027926491,1.971590978633142,2.0779520350046883
-0.7746927812497033,0.0600303110356081,0.21909256706774988
1.9835206598173984,1.9801813312572651,2.1633833649781473
-1.3940755124308952,-0.5555947181874034,-0.5011356589402695
-0.1487339520178677,-0.1408213961122901,-0.013891654760851663
-0.7727531818122969,-0.3004421637566708,-0.4144561200420604
-0.7323027792166716,-1.093759926781086,-0.9679344485298822
1.2761720183280019,1.8554676564736385,2.127153753643974
-0.986109163350598,-0.32882644839321945,-0.16601583597368103
-2.0587245698997236,-1.715276833242589,-1.5342899524737166
-1.5324085662919449,-2.2503332725483265,-2.2635852233205176
-1.5370385886181468,0.694065856124217,1.247348502479851
-3.3468237023758443,-3.1461302860626748,-3.38832800045332
-2.015526653171076,-3.2000826521905643,-4.068660041773183
-0.4800966349182498,0.4276438588719741,0.4630302541032711
1.8406534565550463,1.59723320409609,1.5730710992191965
-0.41058070272959646,0.23266238055358976,0.27173901907140846
-1.6958115630304988,-2.232964881790141,-2.312014804626726
-0.30736828270171873,-0.4030207565129876,-0.3910306036543547
-0.9084223673474239,-1.6466233925948108,-2.5697110096598337
-1.9189516125586559,-1.3000689237791627,-1.3163617721158982
-1.417277655602678,-1.3569564143788027,-1.7603594618429552
0.3442088256235417,1.8680636194808182,2.3335291769007744
-1.0733557995497653,-0.28756853857328574,-0.32469455810897213
0.11738890543067375,1.436978626025035,1.4680376854381776
-0.5982499800637505,-0.6260972635190607,-0.9706140857639572
-0.0037114409366497685,0.6728060646021906,0.9542438082310837
-0.24147973302811024,0.8592803334303468,1.067415841510836
-1.2256619198084988,0.6727482486292556,0.9760707700863356
-0.9884428982788175,-1.1823161808343372,-1.2074276558194943
-1.0091628577054632,0.13181528839827744,0.07566435999067453
-1.2298629964408636,-1.6219491979302363,-1.6042265283988892
-0.5464403381323715,0.09222216923814569,-0.0494345929675692
-2.167490854995117,-1.4496032968461872,-1.4060507301141016
-0.9357616870209794,0.7353002088722488,0.8151584241651189
-0.5975899534429957,0.12602246272285597,0.12525273723984898
-1.2559797993961594,-0.14168006234818153,-0.05673446664227071
-0.9800730555180981,-0.6821046656219899,-0.67660473474282
0.3777052894189083,0.8589816829050707,1.090056245908201
-0.7377832011697322,-0.41063683455885913,-0.22842109540992112
0.850639403092848,2.2426861876375153,2.561235494522756
-1.5982672500142474,-2.735628983540014,-3.070228812712956
-1.3760404365912717,-0.17806012057947537,-0.022979912861879642
-0.3673336647200623,0.01664875844253601,-0.029275948596222037
-0.46508549203148597,0.9387748574722901,1.2200289017320736
-1.3666398623857792,-0.7411038257236037,-0.4580883936906784
1.5433862776382967,1.1116426040240823,1.211757230437521
-1.4188943363998718,-0.5798795221231132,-0.5556959674560651
-1.0324783562348867,-1.734339178898859,-1.667733061123027
-0.6803344686682076,-0.3763815644739617,-0.4313873921249568
-0.844903558017691,-0.5768708008201558,-0.5362280078811088
-0.42939338837980556,0.4857122100389734,0.5213433515424891
0.025445731252331513,0.5785003965850146,1.298214364086654
-1.5710369611077162,-0.30280375226166,-0.0006531852259332045
0.5625649118413636,2.5633952811179284,3.286680838017932
-2.4204978544053946,-3.614751474397608,-3.856411594376388
-1.6793251259876565,-1.3786952864520097,-1.2333967207347973
-0.6760403261478491,-1.890343954610138,-2.2601498959999784
-0.885068467161702,-0.31815842964267965,-0.08964491894564969
-2.005398220872392,-4.058634346360571,-4.911634972939112
-1.571041664912752,-1.4975994687101961,-1.432762651818268
-0.7181285251187502,0.42854087439795496,0.5456168005360019
0.022772537740362035,0.917874309776294,1.0684438857099778
-1.407716096589615,-0.7754862627323879,-0.7578164067721279
-1.0276716375515684,-0.5097061185305207,-0.6703409025905691
-1.8941343483900859,-2.4316641759520645,-3.0317099707630946
-1.2341937750463834,-1.1614274198444159,-1.2938421600278927
0.026522134787190014,0.8382581155243198,0.7472831474675456
-0.38380953200025303,1.1942478957444937,1.2543605098133652
-3.3686252372242205,-3.6021133156063403,-3.9269222923665588
-1.1146445717548132,-0.9591724314270911,-1.1549550260393744
-0.9130190657512929,0.23788800421525075,0.5757467989401509
-2.990370301211957,-2.6995192450678878,-2.881529179365863
-2.108850520179776,-2.0907111555820195,-2.0111569172679316
0.5147043488272015,1.860551325555429,2.2195959666705276
-0.21544274455230283,-1.4669149028085435,-1.4765334996368624
0.14316062173458147,0.72473218287586,0.5783549699463387
-0.9015870122725167,-0.5346222814789264,-0.4933179136883837
-1.4125608785790278,-1.7318351265671243,-1.7712718998482566
-0.7636510811703321,-1.0800469919624982,-0.9831066727823683
-0.2691511991701062,-0.5124758998867955,-0.4451372639563753
-1.9082290594824396,-1.0324055414189013,-0.7533425880826673
-0.7987271501059234,-1.1731885494614214,-1.0277352656663123
2.369189629775096,1.7104347626857554,1.7560842123260194
-1.1442616109378856,-0.04883949162533988,-0.021051387194071174
-1.1612065640351272,-1.6626581806840255,-1.5367337958194323
-0.9977739884796356,0.7627908702273182,1.0301458256262053
-1.3341955420710279,-1.962246172992747,-1.973431630655027
0.46887291637595935,1.2998359114600804,1.417561756799908
-0.8201079184970562,-0.37193933865895495,-0.3442960351855964
-0.8782013038629598,-0.7672959137650975,-0.42113271475853425
-0.4836880966286879,0.5407330014177502,0.8056151086277029
0.0967198826627814,0.045526680296862944,-0.15314504301277757
-0.7104334708500083,-1.1449253055654296,-1.2241031540719842
-1.0931567805814175,-0.9013690542818562,-0.8717118007914215
-0.667471578313068,-0.8984000488573656,-0.8603708335819386
-0.827411850562414,-1.2612520703717662,-1.1050995839049438
-1.2186805414073711,-1.3619106256375815,-1.1371735387280058
-0.6452907727541621,0.5301955300240837,0.6199574541470901
-0.6958924004112625,-0.30580189194471497,-0.17969451376722653
-1.8735661345709116,-1.1888814239387888,-0.7201494949937433
-1.1847422517564192,-1.284880361792778,-1.1540542109622238
0.7176517433560579,0.8018443794699772,0.8430862281687234
-2.0210647156890116,-1.569759757834624,-1.8593789151326938
-0.788224508057209,0.24876050621378118,0.3345266838088315
-1.3766510490697763,-1.5033994020190078,-1.377906121201248
1.057334931885146,2.1899791408660825,2.556217472147691
-0.7050004960091693,-2.7361751705832593,-3.1483460129006664
-1.7944972369283079,-1.0826317068341371,-0.9733480023264531
-1.5803154518097806,-2.701789621312449,-3.3796458053012395
-1.890334635962276,-1.9251938069344237,-1.8650098786740859
-2.005979233299583,-1.1511829069510202,-1.3662375898930976
-2.3641389691141317,-1.657558686946729,-1.6065587525423328
0.7193214103017365,0.4307620303583522,0.47419588067856294
-2.3054172187666984,-3.161978838268269,-3.352517110241655
-0.3086315141105942,-0.7323120707083505,-0.6641337945681469
-0.16876965782749578,0.6334199903594213,0.7924977078694597
-3.5874154483844016,-4.216531806084248,-4.812979284818702
-0.8260796562924069,-0.897571019068969,-1.088668618593776
1.3761875305161908,1.5745124692691357,1.7645426938109547
0.2669616594938664,1.6377662066307264,1.8789933367014988
-0.7955070283520529,-0.8203419227058397,-0.9117115733862988
-1.611082160028223,-2.0232752869021837,-2.000723788712577
0.15867059448331108,0.3590004093316935,0.39062207852743386
-0.6505383395011671,-0.8017448779699793,-0.5872983637216598
-0.8007020723030325,-0.7946767438217236,-0.7592973250373356
-1.2299822064795252,-0.23361814740700168,-0.29329876242736147
-0.6691536700879523,-0.3074160507480824,-0.33153196729386347
-1.4652290437175397,-0.5178237156054734,-0.4280451803894695
-1.704338965878619,-2.6348343802700596,-2.9059674599680863
-0.8408424082524036,0.16551763143193746,0.5895929060812126
-1.4002056867633268,-0.7099476881629679,-0.8897722386347161
-1.0194889574048531,1.6185673538357552,2.7211491175322124
-1.55684619845348,-1.4600394021144072,-1.4168743723556814
-0.6438517613599136,-0.251345050561322,-0.12768398413571053
0.9216954991150998,1.2328720525891885,1.2800679386419096
-0.25614011295086186,-1.4082466937503242,-1.7508157775763058
-0.7190063130506993,-0.2271227115613874,-0.04836448211785224
-1.3990582681557673,-2.410435843641334,-2.3949629634157477
-0.04771196172249786,0.021663079020792217,0.43594116800958244
-1.191141554149132,-0.4123352302492451,-0.14162344435363042
-0.9320403992358672,-0.3119750332557339,0.23717947344323384
-1.4492787056218737,-1.7796891167617959,-1.9561719709922027
-0.9840602611651527,-0.7797816303126722,-0.5447933649541047
-1.0299923658003127,-0.3749207632625359,-0.29059551670376466
-1.7576976657586403,-1.6784738968696018,-1.8066545592215772
1.522650178285766,2.406750600600065,2.5199084722436136
-2.041492597366464,-1.9150024938838885,-2.053189118121476
-1.044601661408753,-2.0513213834904453,-2.7417672458828313
-1.9301479634239145,-1.215790256609379,-1.0531892215468721
-0.6584485584900638,0.4310474131226418,0.6007728481529486
0.40949411215286835,0.5538455048666283,0.7041482100899037
0.9674174067250347,1.887032059162789,1.9569570235487606
-1.0266014771863903,-0.9106770234388567,-1.0438276601361005
0.2668686244994238,0.5741906737297723,0.7652886256799094
-0.9498618222717921,-0.620976482486885,-0.5862501263495579
-1.4320534674800827,-1.5182632753910983,-1.4188806893581531
-1.4030128289779815,-0.028602821653122924,0.2354361081028601
-0.9765709452843442,-0.3232409950966625,0.12291198120300192
-0.8636535242905605,0.5023699914713741,0.5557894723465034
-1.0580986768525948,-0.4495307814214529,-0.5303022967363104
-0.45266471243576994,0.536406847995347,0.755011531621966
-1.318042828937696,-1.92515450110852,-2.171106499152853
-1.9553965675695493,-1.4625455932269282,-1.8115201145517141
1.8803336796323038,1.522190741435101,1.615161630625542
-1.0281191154054479,-1.1949954695579565,-1.0683830033443271
-0.3591976237377597,-0.4627335214892393,-0.18439535767499693
1.161882076556187,1.7604181856741254,1.907736036377575
0.14884077134717552,0.0005136919098978518,-0.054884991100534894
1.2905893905010886,2.2196868376787213,2.5707166307905243
-1.2463174095503586,-1.0722463556533723,-0.8165481900998394
-1.178785753170125,-0.8777356309837538,-0.7394105786556496
-1.1448041294689695,-0.2988641408595443,-0.03842489386753759
-1.2223053783399556,-0.6963651093551951,-0.6390371193688555
-0.6278063064942649,0.33254191558293866,0.26214406962033865
-1.2007849198681817,-1.1708832012034283,-1.3061114210938845
1.3296477107921536,1.097959308727477,1.2029297786961428
-0.6253425120982452,0.03003057611940024,0.23486988008866963
-0.591273373276781,-0.014936572078362121,0.1537945060648051
-0.8794266168897732,-0.6278950962725672,-0.7386137139176566
-1.1858302407616732,-2.0905826571869692,-2.3798187783583455
-0.23209525869492562,0.4382262995545725,0.4951763570718578
0.4380173524553298,1.29256346755993,1.358745943287126
-1.0984942597054086,-1.8109417453745984,-2.150651278595906
-1.3433356546235038,-0.8078634077287019,-0.63894837861272
-1.4193568863532922,1.237700922088422,1.9336794482079984
-0.4676879990201482,0.24619463131763056,0.738266891726957
-0.8333785490310751,0.3371363158981942,0.8975815031421206
-0.12333952367092482,1.663542122002822,1.7887756716169139
-1.0611529150101093,-1.4220454009111299,-1.1495162684845721
-1.3360635495610196,-1.8917717234678637,-2.1557401232842315
-2.0696496472747343,-2.553861547052382,-2.533980289014761
-0.9066817103044791,-0.4063986707087506,-0.5225819341450827
-1.8501585329222918,-1.595070987100677,-1.8397914074122155
-0.42003104601521124,-0.16639991493748857,0.5368869116815529
-0.598597139091947,0.9561517727724456,1.758426370048126
-0.9689195266332741,-0.5093579201274148,-0.3552811339919933
2.397858921989772,1.5875175249463238,1.5655328214246989
-0.8073460244316926,-0.08155665228427414,0.23703113500624132
-1.1360638876591451,0.8305664912286427,1.3856322486243426
-1.055518521976783,-0.36336956322886227,-0.45281003250278934
-1.0735260932446873,-0.9925488967195081,-0.8241287358893655
0.9244500270131659,1.6006764683776715,1.6027196341552443
1.0238637078974964,1.8810389260232154,1.892275863789169
0.8584550348900662,0.43984983598032956,0.5041592890580355
-0.9660769076865561,-0.49893917546268174,-0.45194533067478343
-0.01683255522816672,0.04045680380600321,0.30362489363081596
-0.7552949429787739,-0.07425458535923996,0.28036825158473233
-1.507853391546767,-1.405266097209899,-1.0127852926013348
-2.033502545529529,-2.5390480107549465,-3.110937964170517
-1.3933048663730354,-1.5546006353363717,-1.5818720537165905
-1.094164581357375,-0.04912679157075135,0.2550314699381532
0.6748118265493972,0.4122518625760799,0.8111616039741357
-1.7416574026823468,-1.3895039490268346,-1.4115764083349576
-3.5791844339831442,-4.389078404710167,-4.532086749956835
-3.2866445441027587,-3.6451709391302147,-3.801839078072565
-0.6368363753048458,-0.8462099462497489,-0.4868804700445774
-0.18267668818440583,0.3267469269868204,0.7467474956119083
-0.5674667365524797,-1.1618932885578896,-1.2435204211398923
-1.4657023470477932,-0.7963720102190178,-0.6981878922064663
1.7224296371691963,2.569795562993873,2.5023007954530656
-1.0894754110908536,-1.7545162491744748,-1.9127246680141665
-0.7801907448565351,-0.6047598222756287,-0.8473987207297894
-1.0811507788454322,-1.2363560769915862,-1.3112416130281017
-0.6511337771432383,-0.7867574592198583,-1.0569462504520724
-0.7328363341398565,-0.7700181094245782,-0.9178705789826698
-0.7533984838506385,-0.5227354401729853,-0.18030959310672595
-1.6205259796464604,-2.1552165668303003,-2.2243816296348125
-1.1684978334466143,-0.8431057964777047,-0.6239180981788937
-0.27299520455315607,0.5277897298940368,0.5359129662977297
-1.1574730759200194,-0.2961631781412821,-0.3134650329333221
-2.291694459411474,-1.2889555416237746,-1.6421244622975588
1.7280576406333008,1.5208027018206798,1.3827473983422185
-0.3578065356824427,-0.7034991007863495,-0.6151340911269683
-0.9245287520536348,0.11548052325729467,0.589682443723592
-1.6670150423939931,-1.2547601291037322,-0.835582378683662
0.38325990308547886,1.2897020061812967,1.5978200441570043
-0.7313975779273842,-0.3339920320356,-0.4269440046165262
-0.2802818616528337,0.1865913792991191,1.0388327008118317
-0.7575839616263567,-0.45136722927201467,-0.6356055436093347
-1.626304023269532,-1.7960806968008174,-2.174351689303174
-0.3774306896296899,0.9672282669545119,1.257419206603207
-0.12506141587470532,0.9086297779448914,1.2911226696926121
-0.04336144387052666,-0.4994403355741839,-0.12806547953097278
0.5114839703822747,-1.0781365395194293,-1.4491575194363409
-1.2344768351516702,-0.8638613129911439,-0.8945005394939982
0.19105683284551692,0.4298737664816001,0.19743486451803405
0.8991762817229916,2.1234093608629054,2.9060449361010536
-2.401622544773904,-2.6886592603351818,-3.1386438514805195
1.6856626921869649,1.406724629580841,1.7221462451887752
0.5458210333909113,1.6616699156075234,1.8041543513212814
-1.3598689222816047,-1.8477065410843772,-1.860759861203593
-0.18711124490378436,0.42959906851003965,0.4767868698365717
2.131614980011477,1.3754928875485,1.7156713254865934
2.051285231782529,2.4357099466782,2.762369063245145
-1.4049047269826087,-1.4773212778527463,-1.5425778671569703
-1.2324540048561936,-1.923240226546536,-2.0013680200579156
-0.5375639443217074,0.7193705480633259,0.7378935430174507
0.9675599202228763,1.8957857282786204,2.0426677121006764
-0.6449360963149116,0.7755078812625119,0.7189081862923812
-1.6274330075029468,-1.761600604301671,-1.6518832202516962
-0.14397709992863936,0.08078542476112695,0.05480886107836432
-0.26496874290515626,2.2464056127343497,2.931096757894239
-1.3877793639443172,-0.28268940132016296,0.3523240177353973
-1.6611205606050197,-0.7705357406460878,-0.5728846814934384
-0.6622060333814933,0.011260591879472658,-0.14009356563108735
-1.6987638361443174,-2.332570864725023,-3.10750837763501
-1.5283643317069602,-2.155667399270457,-2.4034475055231397
0.5861601445866603,1.3151177603059077,1.309297397445184
-1.5207717955447206,-0.39851641154175976,0.023279352041906436
-1.3236600636738916,-0.8528038337607442,-0.5691811947226378
0.482139163268874,1.251839717816533,1.4685574457456323
-0.8064589047420276,-0.24883114799771175,0.07763261602810893
-1.5620876239649553,-2.0211154581713733,-1.6206753609793887
-0.7467921432997219,-0.4985736980039482,-0.3724379415070699
-0.24297998180851646,-0.7267553571274141,-0.6595573006448021
-1.0375041342632236,0.11311970759275558,0.2132132361008566
-1.2624848072026076,-0.44604139590372194,-0.0025885246520440984
0.24776030784873734,0.200644399630266,0.3792409126839346
1.422795147738038,0.8773410325512103,0.8314577020070134
0.41589324705577824,2.2557342690197504,2.7842126553264452
-0.5272580903173609,-0.5436307180461896,-0.6070849371019
-1.7467999688170615,-1.7409942047606228,-1.6232179176564911
0.5560455392323003,1.5679177688016073,1.6883404330243572
0.02097750427351352,1.3091309584954423,1.4377426603848853
-1.7105196367222377,-1.1123855614600144,-1.2553958869050523
-1.5380658837321297,-2.1395720436140695,-2.684666838414353
2.8223577142359355,3.052215841087986,3.2768156439948037
1.2207635810707052,1.7672678865785771,1.8437013706717769
-0.587648624001425,0.5587848466654122,0.9026119650666546
0.3532119635058548,0.5236638066310055,0.6020474316579587
-1.2977158022066493,-0.7000073865614174,-0.5259614945516269
0.23063832056194605,1.5158362689123082,1.6694595636642402
1.7178070090988375,2.2206863539873996,2.3792949499180738
-0.37080759775624417,0.8910294074203009,0.9932980838905948
-1.879154496893593,-1.4364147788568484,-1.563369686633866
1.157439994207019,0.424312992032193,0.4010074348675439
2.4647558547222626,3.073861067563872,3.454410831919592
-1.2220514289104458,-1.4125882691482077,-1.2879138811375463
-1.385873266261513,0.006564035710054824,0.16388403498025972
-0.5691652847981371,-0.033951690161564685,-0.012698662926237303
-0.041676265469797545,1.402535678764913,1.6344751510862778
-1.5077347688849547,-0.3674580780502158,-0.32953769996731225
-2.112549688473062,-1.740880654032128,-1.4309810160289629
-2.469682499301907,-3.363462072533839,-3.8847200253513625
-0.04330836129859543,0.658285827508082,1.27113329950872
-0.7105041987446331,-0.6867161134058246,-1.3404848760922459
-0.21371283654896595,0.9570433071187376,1.4768406812449184
-1.9965364499465437,-3.0587913363912977,-3.633985284827376
-0.6325112910821925,0.1522184454904828,0.8178133102196786
0.4900473786692684,-0.8935109545584463,-0.97043911453319
-1.202744447970654,-1.0430577455005696,-0.9434053537845828
-1.6061343440977494,-2.050252488775244,-2.251283369406113
1.2363204562946517,1.399517247979153,1.386563509237112
-0.3189196437498451,-0.08030103931173165,0.2553160264633129
0.0864339497489808,1.8456452585690404,2.236608231282577
-0.31380229449219343,0.01849145773486601,-0.03102036847713373
-0.679860976667987,0.22271118616215324,0.4020638314769236
-1.2292838635693377,0.3751757118618827,0.40864304640271626
-1.5597192157863367,-1.6190467594169657,-1.6585694782206792
-2.1405533552972535,-2.8924389476146413,-2.9532957937217366
-1.8818016599924847,-2.7400784260213324,-3.389970034251287
-1.9113752046151062,-2.8881410555838998,-3.2201653318465033
0.9988559019297605,2.34940702609912,2.576229597002444
-1.6594816188958033,-1.2585308590575173,-0.9800835826934464
-2.4652450739596787,-2.569676395084405,-2.75280832887499
-1.0629762849653523,0.042382034972102745,0.34932678924866056
-0.2542941518524974,0.5048305557039228,0.6274107471478946
-1.1316562669873895,-1.4092033085158266,-1.6458707878059105
-0.9309931524488005,0.02371578448254902,0.3888333249583183
0.06195196284177762,0.8676802917939388,1.4359265606765852
-1.1163281618032164,1.0546465942098706,2.252546077410979
-1.0230080120488174,-0.7812522776411353,-0.10538237552044546
0.4986369546741652,1.3270546566523402,1.397239131858844
0.027894580430989784,-0.3776606247506038,-0.3562867439550487
-2.239918566801601,-1.7389410038157327,-1.8198226626544325
-1.0103902176541175,0.21405440257798164,0.5404173346825777
-0.26320212981373203,0.32173253827150083,0.3600923808355591
-1.4097712096153305,-1.259588696516426,-1.241377138716275
-1.4014216270053454,-1.39056557805864,-1.5061763295964292
0.02993487077449242,1.3399671978345629,1.4774928936956493
0.6434903843477352,1.594423944314114,1.7156893907288044
-0.9026464471182433,0.31044271851107236,0.6588453886283122
-0.6432381579139306,0.03534827365838204,0.1514954166331371
-0.3581164011524995,-1.6512527700685509,-1.6370920696725675
-1.801899238924131,-1.9080609058222804,-2.064765223949291
-0.39545755323174425,-0.4736836789198012,-0.638804030714091
-2.1052098206993017,-3.748847550081243,-4.540850720883035
-1.5040364249238376,-1.9773277630348207,-2.1527395051131792
-1.467012226454215,-1.6112984724329487,-1.2329919435108254
-0.0819550138650977,0.35734886413250855,0.3609648695278098
-1.7570011513031958,-2.0028134324800697,-2.056829537395018
-2.101475303571345,-1.8383859449207869,-1.558966457837465
-2.0777069367872687,-2.458162884843196,-3.082674178553194
-0.2798155970536523,0.11103633303920057,0.032460439478700004
-0.74343766111814,-0.017523821295533752,0.5226341975575168
-2.2656372482728995,-0.38531118504584166,-0.17851544919844967
-0.2627323872647655,1.5587234512119084,2.074055778670577
-1.1285186759953645,-1.2960405640246884,-1.521811478038418
1.8692418889055227,1.9177530743668123,2.07052361751899
-1.4581794840114046,-1.8183407383992805,-2.3498295265928766
-1.1918604944128446,0.28674219000124285,0.6217366696030014
-0.17429925663754056,-0.5579947246833254,-0.6835130736660814
1.9637461194996062,2.496242132373057,2.6330116329806375
-0.44852071027180024,0.40083355709349555,0.6958256179847329
-1.2757213231044007,-2.843914679661739,-3.61024024956746
-1.0501065865745447,-1.1047086911671693,-1.137506104604974
1.500792274026044,1.0808294973142862,1.1193944849151385
0.6059680853086366,1.2736727938928383,1.4789333661947979
-0.942765851315098,-0.19482897777825567,0.1425944159213688
-0.9451922352073132,-0.28712330182307044,-0.3490705904648228
0.48379759477998185,0.09947995955791164,0.12696522807299793
-1.2185355624415375,0.06570293908107082,0.5249882228633941
-1.377254769771127,-2.987832200301474,-3.8719225216055078
0.251806865518351,1.8405120014963796,2.158220655510638
-0.12178117705604975,-0.17720668863301445,-0.20399905001533145
-1.4942198691467945,-1.2695429279482018,-1.5496151817623873
-0.93723381681594,-0.29882701817800394,-0.10026386409880181
-1.2473273915933458,-2.2532608433449077,-3.0468528672138278
-1.1410601703149283,-1.969767579542067,-2.021264283164805
-1.3715778170103559,-0.9721041364291002,-0.39032530312102903
0.011031753925916562,0.1453959459337058,0.024034868465974635
-1.7227542996461969,-1.0535144974522035,-0.8819728002721572
0.9441861489095443,1.08278058644221,0.9524759040851754
0.18726405275192284,-0.9698966206655685,-1.234398888875467
-0.15660249767046258,0.23764906056574678,0.3390874756087393
-1.0054819267878086,-1.2852779700263528,-1.1618178588029369
-1.5890217199123182,-0.6705376351487122,-0.9449930301410727
-0.22566391042571166,-0.31336967789470976,-0.31520081988601506
-1.1856329650848554,-0.7980131610811538,-0.8811747938824794
-0.8052506608525295,-2.055017919436884,-2.008530862819174
-1.4238610602887658,-2.0674143488516554,-2.1226677600093566
0.27652298324286806,1.0235291559977207,1.2878058275032638
-1.7190414112100423,-1.543405635786196,-1.2900443953325986
0.2845192593778127,0.8836630081157139,0.962701890123071
-1.1045778291338815,-0.7337729273143769,-0.8537158200514415
-1.6003315773258853,-1.2406062252932613,-1.2668379987625338
-0.9499795394500025,1.0568885467587226,1.101441447510964
-0.9561472747917722,-2.031348756049452,-2.4343645099236007
0.9341328441296691,1.342988162404392,1.6638213084108169
-1.8688450563268222,-1.2648421848336269,-0.8494531862352953
-0.5661482694923191,-0.9245120287003,-0.7860785734425466
0.3250705310308857,1.3852175388978911,1.5091446145658798
-1.3263529567143355,-1.0433759825955986,-1.0829634856569514
-1.720457037924953,-2.0243135103737284,-2.5689957797424414
-1.923572357489205,-1.2525229080509859,-1.1453996147432046
-0.9547256316815017,-1.832137357191108,-1.725438253327609
-0.47283444995357676,-0.18478891164212816,-0.0770323578837717
-1.466362906185399,-0.9174905218665111,-0.6912280198698013
-0.5612999598071566,-0.08544152836062914,-0.15879276810506726
-0.716114194677692,-0.8973610040340022,-0.9783304772053543
-0.33475030817104917,0.0697029234819787,0.6122662942333202
-1.1909677228372688,-1.5975965121499502,-1.7281999749212564
-1.486658102671676,0.353621018408826,0.9396678385847066
-1.0093126212245007,-0.1906534371803257,-0.02191052243293263
-1.1560039578842123,-1.1787008867586106,-1.0022952110826506
0.3417709207370513,1.0826244106387497,1.407588472516197
-0.49270496875735725,-0.6989728139092964,-0.888922820463315
-1.199993628567291,-1.0789027345565099,-1.2896296688071331
-1.1353026171387963,-1.289705946198382,-1.366012625280893
-0.7954577055075432,-2.1770826423262757,-2.2207044066883554
-2.1435059332110993,-0.5625058228817689,-0.36084593701153195
-0.7988332903667374,-0.6187439768114432,-0.489388940989235
-0.5171093958494736,-0.11638212489440106,0.2754743573851098
-1.0045098422125807,-1.4126689472702703,-1.7157906162300642
-1.2815297229091582,0.5194882071575513,0.9698988164119753
1.6847830318808232,2.383596047192745,2.838490517018851
2.0951167936520276,1.8946064692286164,2.0406017496874393
-0.8262648841319922,-1.8475300633012783,-1.9251322267828401
-0.4253818342458085,-0.013390481366447344,0.21601402249162305
-1.2887022328357423,-0.3308399130972989,-0.06119010402579207
-0.15261538009024544,-0.16963954045991447,0.000767921293341226
-0.8284280513498555,0.35283830442349073,0.4020445264417282
-1.2389144610143898,-0.9051552067255019,-1.2643931490969273
-1.3865764181028948,-2.2166941258058657,-2.074417491939919
-0.9966531910708766,0.6189745676541307,1.002384870857131
-0.41874743995053526,0.8045638135100925,1.4969201830944692
-0.9411026765637875,-0.6642176666522969,-0.0883310529813807
-1.6896087101703277,-1.6411929560034946,-1.4395621553282059
0.052645415621014095,0.04317264416736024,0.12734354267565584
-1.283810492139443,-1.2814683112789218,-1.3277644972613305
-0.11798057376202765,-0.49671066708889505,-0.5635280985157451
-0.19672525686725806,1.0231588951008272,1.250083862704489
-1.3461695864244971,-0.8223210524090586,-0.7169622183009551
0.6469885367462036,1.2970034417898948,1.2956201114795618
-0.7329041637574208,-0.3191532505296671,-0.015989588412289635
-1.520429429991024,0.1538460694833632,0.4668653137962567
-1.3721084970931303,-1.4395238135225434,-1.4299343929949422
-1.4908269767999496,-3.6694436882790717,-4.449385348542681
-0.8161671237855823,-0.21105135069910994,-0.1726107383916398
-0.8954711136411853,-1.2787838264082836,-1.238457084088307
-0.8312248715422066,-0.10362924158664454,-0.193118148431022
0.7564955365648436,1.220574993439425,1.3779343775881736
-1.1543733605604438,-1.889534702497357,-1.8322766672842972
-0.006063056200847527,0.407766575139541,0.36713726112301553
-0.9045683756932157,-1.8205160670075387,-2.1921913586316775
-1.1400005282192796,-1.9268301474430054,-1.8576570290171694
1.527077008604306,2.172414508024064,2.29501051330448
-0.7858343014959664,-1.046564150173241,-1.6480402003685568
-1.5545731263655587,-1.4693813350533278,-1.7045323957460228
-0.05848239902961239,-0.543487980663011,-0.31552239108120933
-0.7322705869138513,-0.9837501096953855,-0.9119311477070168
-0.8468450487267897,0.003922142721368144,0.07651165587600077
-0.8206135551438409,-0.5485574383672255,-0.43718169997990725
-1.8048830578363768,-1.71440463515596,-1.4500189075587309
-0.915690963989949,-0.37912336449183587,0.07501351627285709
-1.5721514434064063,-1.790821835104326,-1.7203434236850312
-0.8470282063111316,0.2868081990232765,0.4906183139706945
-0.3122331960371478,1.5256292224433483,2.2559230820920226
-0.09875252417072648,0.8152659281557274,1.055786649861125
0.9463906445098399,1.76996218012749,1.9458422675301748
-1.0309929760557037,-1.5717471797669635,-1.6246760647324394
-1.75470089175566,-1.7172509662680724,-2.089822248270251
-0.3347270305578568,0.11889966621628577,0.39746629773698516
-0.31051255679339207,-0.015654742046959463,0.11055984919194949
0.13208608118152249,0.8157468289576593,0.9467643832201851
-0.3927084482614303,1.1525188951093663,1.43186572601384
-1.4579438524352284,-2.135441656408885,-2.034630926505162
0.2817922996473686,0.05620114893232149,0.4355482352787483
-0.7145768722238689,-0.5551959644223261,-0.5923319965023188
-0.48331960292127407,-0.10095301715343404,-0.209873226275237
0.7023970506952251,1.6759171813101528,2.04104601327483
-1.8700532426969063,-1.7462895987888454,-1.9141876348437392
