ho_likelihood,hol_likelihood,std_likelihood
-5.924343869115601,-9.18358706900498,-5.701818924572452
-7.512202584989225,-10.988876164008554,-7.38932538871203
-11.444261443677945,-15.380467221667287,-11.479522707025989
-5.909299022980065,-12.075576459383106,-6.880870124124713
-13.797182570240768,-16.94602697986492,-13.55372582669542
-8.658414509783585,-10.745343500430623,-8.889987213649361
-7.3689702945543685,-8.902789726759014,-7.260726982264623
-16.208080355116717,-16.066496068166952,-16.300651696700037
-10.545699816312279,-9.913266532914927,-10.652114193230325
-10.675167684282526,-13.790853464904496,-10.681298767907819
-7.989421869320752,-12.282258874726038,-8.207865693046305
-1.3303935169611294,-8.59316305705323,-0.6788322133873891
-6.143247681626459,-10.114991183652903,-5.8590953206547765
-8.919497122229112,-10.647835860669652,-8.726868287374481
-6.765209301267388,-8.26334747278019,-6.4018847270693495
-8.75351279559413,-17.031116983332634,-8.515200475663303
-16.891237617646794,-14.243641238704837,-16.79401363293382
-14.173690170206214,-16.133975175571486,-13.95533619564204
-9.838823275962055,-13.565315626376075,-9.995473174095855
-12.05873711303609,-13.778458200434432,-12.35925875053676
-4.062464851981925,-11.022090780542747,-4.3976882839774945
-1.542937896100666,-9.825023290145412,-1.0886228140316758
-4.8212947018248125,-12.613196524039695,-4.400183178436176
-7.15467718981684,-10.965107470365194,-6.995603356017244
-13.283209684910304,-12.54872448209879,-13.247340838107657
-2.7452701990432318,-8.52655082242098,-2.492954979616899
-4.098820632162955,-14.568691492343914,-3.4515395430962807
-5.947078773801554,-10.43506861944552,-6.212675083073168
-8.932846201435709,-10.70589148408634,-8.833349079297868
-12.326044746674603,-13.51962397770506,-12.298080115752898
-12.956214061213903,-17.23969059060891,-13.09880397228618
-7.503559674800533,-12.731312342314164,-7.530040800931335
-14.577066311233011,-17.039630887130944,-14.19554270545592
-12.735509084254828,-10.790939467877516,-12.126894848817255
-8.795036088713804,-14.26142700067741,-8.879834433112258
-11.393872219009836,-13.684532512830156,-11.556145138415728
-6.739769173826649,-12.014251924740993,-6.766706527920483
-15.369971693180021,-19.239687696528676,-15.692744053633705
-8.353331566893573,-12.994704290128304,-8.60896985366651
-14.695723135556886,-16.336259792637748,-14.432093186050245
-6.216098932510239,-13.466119423912358,-6.95648263573471
-3.1203286460606434,-8.396101279225208,-2.6932374317720527
-6.312569608498456,-15.428949023978037,-6.489610888203209
-4.269819909360118,-7.903031999430787,-4.270826834052914
-7.314578048537941,-9.935703158796631,-7.509277118836875
-5.5995958769220255,-8.924259569290456,-5.652531280281869
-15.338163218035232,-16.108028546597907,-15.83253086028996
-8.433963142661419,-12.921963004575604,-8.816234374551414
-6.89505760287797,-9.221914207436683,-6.461191411999344
-9.05425279792808,-12.439744255971883,-9.201958920023412
-0.9697858815169833,-4.938422611008367,-0.7369215280519256
-14.691947234998947,-16.80163516737729,-15.071404438807521
-3.6108253780491157,-8.978353790311044,-3.245456561840698
-7.65278366784687,-14.016205469716894,-8.351799416066946
-16.265711416258206,-14.204727044222928,-16.10979285846698
-5.075458776118316,-11.375416860908107,-4.7230537635776795
-4.877992653039479,-9.15407886952356,-4.756137097483384
-4.624639324491174,-11.626714885358851,-4.053336084118733
-8.246442022276307,-13.395033286855215,-8.199952533385522
-7.8585952669050085,-10.364812256619057,-7.931107735069107
-4.826117797211828,-11.782770919962164,-4.788819983009825
-22.534278525690564,-19.55844047228774,-22.992990169809293
-10.785058925252786,-14.184965343672737,-10.628287213058876
-4.0114840826180265,-9.56980900351156,-4.869030428324252
-12.039366087287952,-14.489174191732353,-11.859993726743188
-14.379712890799667,-14.581538115100319,-13.713682223817031
-4.9655719322191345,-5.624458658006705,-4.718639195651672
-10.368141162201999,-16.1834995628747,-10.459523309053978
-10.229751857884352,-13.204724793187392,-10.38083347639699
-6.689161548271467,-13.123475673216966,-7.06996395083907
-8.116614713176288,-11.982983867673262,-7.67918735772552
-8.628053731761936,-12.91411222249664,-9.084267536721512
-6.378520827967627,-12.112341277671433,-5.882309318607356
-9.821512165166217,-10.994375083682469,-9.754000333568204
-8.073363705531033,-10.879253093023438,-7.986004361974546
-15.130494215000063,-17.511803235150374,-15.246093136280209
-12.979457534997929,-13.948545393409459,-13.367293388137842
-11.721934577879553,-11.562659192895556,-11.985778763824602
-7.3828924770133995,-12.76837185877418,-7.29008979265485
-10.049617151690708,-14.263049518031993,-9.501043784877142
-7.400392693576615,-12.392970016424867,-6.3301428069469345
-6.038675036062483,-8.696855978412923,-6.505755402205201
-10.918276037071351,-11.58873033205328,-10.894942848409599
-2.091586145003231,-11.376307170332817,-2.724885061341342
-2.092790417073032,-10.968523349226857,-1.5701871063511104
-8.636108686865162,-14.309939998374539,-8.811108592097911
-3.523077439921316,-5.935488008891528,-3.2855644565677524
-14.963072913902867,-14.628011305702598,-15.006587184094167
-11.65874998390983,-13.312688674559169,-11.566265220394852
-14.03506497524135,-15.424676174327505,-14.084275184375697
-4.80267005147629,-7.772195675823731,-5.063154164607454
-10.604155732568893,-15.127003427559746,-10.775958021098727
-6.763893597470857,-7.642109498577274,-6.592951137828943
-4.812414961080721,-10.175380854347667,-4.758184987457456
-10.343637532932732,-10.813215302352486,-10.172322543763716
-9.109926117960375,-12.067410093104069,-9.552489952863182
-6.314421719053154,-11.136458058696498,-6.3721356353608405
-3.808946961514874,-9.46804300256603,-3.7091160859229055
-14.823440727021016,-14.402578400218253,-14.819213578934061
-1.178804558285284,-5.38974390163618,-1.1445282372600027
-13.447153890832585,-12.145624570987588,-13.296786417798533
-11.102752194694258,-11.834872370993057,-10.86484654654591
-7.030461848737614,-10.70211584184727,-6.699409390647715
-9.481655156102656,-15.906143956448433,-9.84348394732214
-6.517897238521561,-8.918950578519215,-6.794936892398589
-5.707335582180871,-9.158379917876823,-5.837787348221849
0.4912561999246678,-7.10034321161491,1.0700633603131644
-4.75751799068631,-10.40751642104091,-5.0495801193726555
-6.059336545743945,-9.291104372040106,-6.028527976883922
-9.874936421753207,-12.477510929134697,-10.126686706604975
-6.499145849385303,-6.054295007992471,-6.18220546681286
-16.229377573167493,-19.30917905633199,-16.44324092525871
-10.28990847270417,-13.532036972521349,-10.52957337071766
-13.888156834214142,-14.94039061067205,-13.683460436624097
-8.649826298034458,-12.925737493115188,-8.543493448756749
-8.270731973373305,-10.254480871269745,-8.451973145996828
-9.520284725906512,-11.093147512330372,-9.666339358540416
-9.158864811590778,-10.009102199107453,-9.095419483968081
-8.527617215552874,-11.412037587894844,-8.484346943968125
-10.823659387071636,-17.538268802768226,-11.05047474851009
-9.43130925990157,-12.780154719064088,-9.801378563609067
-10.523595212588594,-11.40372933322062,-10.77795534513356
-1.0978169606999562,-4.1144040211001345,-0.9006236097724992
-9.864565398219822,-14.577737933154122,-9.720701798497302
-10.481047029644815,-15.927911636288089,-10.516344377591057
-9.773988128949034,-15.449173209886585,-9.505594480844517
-11.056682565242758,-15.55628723796795,-10.877191219704411
-5.067480822980623,-9.570405187650191,-5.416148265282101
-0.6399719103939819,-5.649067636014687,-0.9532007070454238
-14.473699128129192,-15.309552931080642,-14.597660298242292
-3.3449780879028714,-8.196110436206528,-3.5892658928048355
-8.045132746166074,-12.667081483449664,-7.558456864642336
-12.405795743257327,-12.824814641502062,-12.175427873222086
-14.134762439907352,-14.11010984983443,-13.730053438392849
-4.916166482329228,-10.819638844655687,-5.2483905877153765
-7.761704561011553,-11.802893676277742,-7.35043909911311
-13.82425449848035,-15.113401944134115,-13.767637690605468
-11.45488955789873,-15.177793654242462,-11.681736951824014
-10.120938192979212,-14.462300601630883,-10.210070206673302
-4.988174056541181,-7.692969465480722,-5.091573362944037
-4.292225903898692,-6.98089141126675,-4.43630234294994
-7.726341546032973,-12.592275063731693,-8.168302627930087
-20.674006909318866,-15.719793805988413,-20.515371855732557
-7.531242341764159,-11.20449089299529,-7.320455417271411
-14.60771019025686,-20.497540840888966,-14.736588380815961
-6.786657022798224,-8.395729211750936,-6.547277270740543
-6.238731570001321,-9.529399444559228,-6.41901504179326
-8.803709478673232,-12.502278843490442,-9.235779605905284
-7.194210474019865,-11.858576539018193,-7.523577748690582
-1.6588698165379325,-10.629776650893502,-1.2567839009339483
-4.9155580936323116,-9.256170554226559,-5.1864193100057285
-8.284702399460748,-8.880292711637786,-8.334584763192884
-6.441510577094258,-10.228859266509858,-6.666388040700126
-7.048500758334271,-13.02946549877509,-7.258852473370971
-11.771055647136285,-11.689231378067506,-11.799469080221947
-9.20430452088679,-14.439698447586885,-9.415945241751768
-13.824697608242692,-16.966238567718452,-13.678687011638436
-8.968978373256911,-13.181478512259037,-8.630925313330696
-13.79039666711175,-15.809299652449768,-13.48892546765525
-12.943477709933722,-13.101278652398559,-12.96479325247358
-9.6934622128598,-12.244135466383407,-9.383331964310543
-0.08069479687380116,-7.811032874261244,-0.4657026718920344
-3.055058507163741,-14.051704500540355,-2.5856381183167003
-10.678288621634334,-11.708133466140174,-10.412573600766489
-6.516683183027436,-8.71595060476778,-6.582594930656846
-8.927563337624445,-14.964094370685197,-8.667187437007492
-11.362922928211614,-14.480051048245574,-11.517502853346064
-6.142953758843886,-9.67481708607967,-6.070856487627509
-7.147479221973035,-7.7917587440762475,-7.204877142452603
-8.71627434472661,-10.627336691982006,-8.747419755026192
-11.005067052283117,-11.100612237840615,-10.8131057480271
-5.32812356907863,-15.903606069321933,-5.502412421691528
-12.557184034288632,-12.27065308312575,-12.742146091237302
-11.095976962465665,-11.595705048743032,-11.197738116343192
-2.156183570081972,-9.45358767913137,-2.039266116617268
-9.85118994131733,-14.922453625577763,-9.56844430711258
-17.70428893724052,-14.800940598250316,-17.695772145040063
-2.57276662966397,-4.703649638074038,-2.274404380385556
-13.11481930982033,-18.462049920036,-13.353949332820816
-8.064706932788928,-11.383621024742354,-8.261935727931862
-14.29318538505301,-17.885316177577714,-14.811851500084856
-11.862181422821111,-10.636454457956026,-11.527099596685774
-4.041603128509411,-9.295228370069745,-3.7152866181868434
-7.572509188246621,-11.222819594652627,-7.010506502133846
-5.707158762019553,-11.080740335124458,-5.531210060590633
-8.635724894436645,-11.248702353729307,-8.808177645105893
-12.546432919830359,-16.454754861625702,-12.324092516801693
-7.449367541047621,-12.593621489588548,-7.908524537469562
-11.441532851546137,-10.334574430684128,-11.324210168425932
-12.356088280259439,-12.868669815681663,-11.833262159344478
-11.607673528271205,-14.198759528565326,-11.34762641314949
-8.316204647692997,-9.05549431941435,-7.934183706655
-7.317556725666734,-7.653939573982418,-7.464847681779034
-7.08332571696776,-8.195710208122003,-6.989572696030347
-8.665558568614443,-11.079247295516758,-8.39946289569158
-7.258391657140397,-7.354697554509264,-6.702169487275081
-7.766371584642652,-14.456725782700373,-7.909882425750937
-10.209780997323104,-13.285326782390696,-9.793391611072634
-6.522141925203548,-10.263283674318197,-6.230701640151435
-6.642874761334525,-12.143498813890458,-6.693249205491319
-5.9077889540788195,-9.266717213524606,-5.346206637627342
-12.707525784185677,-13.7009067009368,-13.120449734888922
-6.19152993168477,-11.495315572469563,-5.906757995521201
-13.36366976643913,-16.84656347000027,-13.665681199438302
-7.4461039273719365,-12.970093754074906,-7.107875648747687
-10.968269356692945,-18.078874017683606,-11.433775327263868
-4.477290673384412,-15.964354105709008,-4.303916189497977
-6.958957461931534,-11.071286708147982,-7.110810187948371
-10.135134772581308,-10.220825413793923,-10.26405214057905
-10.323841767738331,-12.845327262356497,-10.945660133247637
-5.77130000907271,-6.780776098889182,-5.549890798953254
-0.5226786541402428,-10.416019979095687,-0.24516503934197298
-12.809582318983125,-12.394778198510052,-12.46568253931083
-17.553471290420692,-18.148507184635594,-17.154609416410246
-7.308442085866471,-13.5130443983096,-8.077146285599536
-6.355424703110119,-9.723867014736872,-6.045638166414314
-10.154944474173098,-10.139771378067795,-10.171047443181553
-13.256549745354093,-14.76675628491449,-13.158033124373128
-2.544768793815509,-11.770536793983286,-2.225746750118553
-13.936801206660002,-14.609739718272488,-13.804676255123065
-9.24610444431753,-13.42566371986352,-9.034704871133426
-8.486261175117681,-12.360299962994914,-7.983561014376076
1.853959707008514,-6.892982404964013,2.3825764718391484
-13.330534764445604,-15.81611024391478,-13.458446652797209
-12.059990206168798,-13.074257061937383,-11.588912946083193
-10.793365303612307,-14.148266062862762,-11.006844265652171
-7.369809085605743,-9.494718489179476,-6.882173362717111
-10.16408746971929,-14.135631582795169,-10.382930828906211
-9.421677562753649,-13.465683834017844,-9.894441415652675
-11.749145884469762,-17.2294625257272,-11.70081707695958
-6.630684296919186,-9.143351003758477,-6.5454879334525735
-10.774172565019894,-15.016427729318705,-10.668886342305425
-5.85475385389103,-9.930450498660974,-5.952768644184333
-15.924571664927619,-21.039564009677296,-16.419008429799216
-11.557613151352786,-9.4441005930481,-11.666519466332876
-6.948124200941545,-14.677922118238449,-7.2751172370093995
-13.768578805393325,-15.40164891501793,-13.74095889129083
-11.831569292103007,-11.245017650354042,-11.647036553172143
-10.429524964779649,-11.62455842025102,-9.972249322835982
-9.070622243344843,-12.079437407545248,-9.115716194095565
-15.19218687152421,-15.783256966479767,-15.650347678380916
-4.563258416424516,-9.177545428597908,-4.131695987944937
-12.481441004980066,-17.047958715607503,-13.030778445732935
-14.26888294861692,-15.353070939399542,-14.13848656744023
-6.101002914502459,-7.235758717539619,-6.295762785285267
-10.096836769635823,-8.543592859034163,-9.274064163006154
-4.129843769372528,-6.964576948771543,-3.817358511770506
-4.656978791831855,-9.475272198740699,-4.561548416323056
-7.69414114486257,-12.455320679566467,-7.921189040781675
-6.458301120971281,-8.557566133137643,-6.061976779765561
-3.0980442134066535,-13.659078811629303,-3.2241170464084274
-12.41204268657218,-12.860755364773789,-12.440464983362082
-1.1369670195271933,-10.220510546637767,-0.6796469645022004
-4.662198243141328,-7.050848486993031,-4.006665487228757
-9.448352406763988,-11.686576878738368,-9.600066155513625
-11.771147893520887,-15.068981626133485,-11.612188730788642
-11.73797454945915,-14.313408709168792,-11.983782848396636
-9.073650160254086,-10.845421287511597,-8.94398872724243
-5.216793096258279,-11.651113641432987,-4.867545670417783
-14.143083740646064,-15.133861099153751,-14.432015928331282
-10.931506423584104,-14.761091403620375,-11.021145198114253
-10.898094052094452,-15.605664726587769,-10.616163695638367
-13.18371220251153,-13.671873173794594,-13.080065331032968
-18.888482748976845,-20.99005310379034,-18.784668794338604
-3.8455794074118996,-8.053250134113803,-3.913922408786965
-10.74167887682993,-12.66975439005544,-11.220357574462593
-11.586501279911449,-14.410181352559295,-11.439972891943462
-13.341404168212264,-16.758798337000815,-13.263237568446785
-7.597252207199608,-9.136877411576737,-7.620649645722187
-10.191455085949011,-15.357065650985914,-10.570203858353873
-7.211519180420111,-9.328303773971477,-6.829637669488794
-17.954915201554936,-16.544610795657174,-18.42367913848885
-5.176234537826378,-10.718462064810575,-5.135424903059754
-10.273329552614026,-12.89252863835019,-10.372963355750603
-3.3443029159710242,-9.89283743660976,-3.2589050517168725
-5.06683568292718,-11.797268831845521,-5.315550192362152
-4.593187686022136,-9.354216255840159,-4.612732961642989
-16.22506728947403,-17.82240655144197,-16.302009668544223
-9.408569111485509,-12.729975147220802,-9.100555361766991
-11.610529433562512,-14.601718069718974,-11.74528389582508
-9.028030047803608,-12.872774491946751,-9.004579658990655
-9.156888899068015,-10.447137906670147,-9.007874561190972
-8.451690345793926,-10.734290227877059,-8.338838944485753
-14.53315465909858,-17.513688310091602,-14.62773492007002
-4.382084877625444,-9.211611990721758,-4.336165748378143
-13.418387467116743,-16.59101483403365,-13.972554110031654
-13.544014352169363,-13.159326715361821,-13.202974623836289
-10.52814092370209,-12.283745771597829,-10.620110921811818
-7.22969900276607,-11.836152482108732,-7.176549801693742
-8.930440337074693,-12.284937873763148,-9.042881154265764
-9.689137621138752,-12.32693294291803,-9.850020119566285
-10.670377326461697,-10.317129020571594,-10.355117386010155
-2.103603241606574,-7.896008489031775,-2.016013206889656
-11.964758760516686,-15.945779371882555,-11.92497498998717
-15.28544502817951,-16.006967617841035,-15.034788498194667
-16.805181697698707,-17.816462433081796,-16.59802461852911
-3.603835374987855,-8.340101166941427,-3.8646492320931256
-10.638320019033655,-15.87593345201459,-10.993067235513996
-13.668724524116005,-15.136547454889765,-13.48744307458211
-6.106250489858518,-9.600625166509795,-5.805730938338684
-2.493496457687847,-6.639888252535495,-2.518572183510311
-4.144206890153859,-8.297375545632343,-4.146718429774927
-9.370658268032493,-13.581230241341657,-9.499890538443495
-5.837304871284571,-11.767886284494443,-5.422796407245147
-7.8596231843634214,-11.586097834317604,-7.402132308494563
-9.495346205286383,-12.645499359445754,-9.42921587132889
-9.908709452276238,-15.046081737791495,-10.392825100279252
-11.205890102886597,-10.16294854172244,-11.218720653634866
-3.965566657050869,-10.953342730293045,-4.25465540225681
-13.073947490161864,-20.026587941350957,-13.225336412360218
-1.835406293604509,-5.417735397662898,-1.6277336935350488
-11.321332716635977,-12.770305800303866,-11.465653956958345
-14.049395964799615,-13.37309533105376,-13.870772427159084
-16.291722877032825,-15.948220398616867,-16.33878563101524
-3.510064446250361,-6.572939633236176,-3.2063699687706944
-15.907980915804137,-18.23993335978768,-16.108374171508547
-11.875506116566534,-12.40169747704804,-11.679579483583138
-2.3778805969107157,-11.02207233513936,-2.5029166370917078
-6.2457198532370946,-10.229885799496191,-6.445500733489364
-7.255398045548869,-9.132942444104476,-7.209478177259252
-6.844408251963674,-14.128673744450216,-6.823980198635911
-12.599019877997877,-12.579614719879158,-12.606710070412223
-5.169013178316181,-8.015987732481882,-5.170111671885397
-8.534883370598832,-12.561093974467683,-8.785079512904261
-6.737169663842549,-12.443582612048544,-6.585852635820131
-13.795202724597903,-15.995428790782357,-13.764311283913319
-10.889421214484793,-15.040786899959953,-10.760534220074884
-5.462013044850397,-10.613987515633816,-5.376062785502244
-1.6946654570009505,-6.403903802507549,-1.5646409769856207
-4.278511560309065,-7.19311668587674,-3.822403130804819
-0.6003102571160749,-4.641666365441248,-0.48485877889248624
-2.10920740160465,-7.679022175636667,-1.6977884945646142
-11.150757389229863,-15.873290081311161,-11.2656505904549
-5.395030589058038,-13.336815749575171,-5.451195053386284
-15.760996791903027,-18.33974301374739,-16.140200213588777
-11.637904765018652,-14.385189341929536,-11.475498162964522
-5.432769291727176,-10.440214055109607,-5.215592924376118
-6.040816758167486,-11.420275561981967,-6.153190672785004
-11.99325219316538,-10.676883624832987,-12.06946250852179
-4.849015095063696,-9.0910059544456,-4.777200253578643
-10.326407599743337,-12.12430852152143,-10.38394489994047
-4.882653118924451,-7.832946484380759,-4.780666635611838
-11.516198733930285,-10.80486012635103,-11.482106829147071
-10.551334580099219,-10.601720620798504,-10.264070439515123
-12.639841657582359,-17.576667308336155,-12.766392817909782
-9.935484005865932,-10.451748617422403,-9.800338054043939
-2.3828440628004652,-6.425643293769854,-2.486282412877106
-6.457114688053095,-11.158547425961096,-6.407407403558618
-10.390341045630802,-13.0437674798212,-10.165805265190908
-6.321231683892735,-10.581104412890706,-6.751556697270395
-10.750579423549253,-10.059823778306033,-11.012734743182774
-8.200979037232909,-9.606956922191303,-8.335956048493257
-8.202883235563368,-12.125778971185499,-8.170829910910427
-1.1687384162895955,-9.990370572266068,-0.9956505536095529
-3.988816288901559,-9.059718246497818,-4.012619964620105
-4.262856208160094,-9.004793567820508,-4.473955697026202
-3.4812859727165337,-6.585843341004129,-2.893482816932253
-5.644320622112085,-8.759651214708526,-5.50201835263861
-5.619758121649062,-8.739851945385666,-5.95347293061144
-10.77632146949289,-16.128146070820502,-10.963205486774944
-13.121177602309503,-13.753138835655108,-13.969398910080479
-7.3751586107395495,-11.989479105449893,-7.392770249723458
-7.00494068787601,-8.819716088761515,-7.2623898546615
-13.176131266522598,-12.693721546663188,-12.905557969679368
-8.68726727549646,-15.770407724326732,-9.015278405563324
-6.574968812024378,-12.817686676829664,-6.464537393728127
-5.183720531805804,-10.20498449228618,-4.6825517317453365
-4.463070547078186,-13.191687000016849,-3.7188753686450635
-5.713115797183527,-11.735565998830724,-5.592701917737346
-5.939357321244796,-10.608589806962266,-5.877671773340375
-11.526921076950364,-12.728875658138382,-11.228405319273868
-10.938424448027861,-13.73753373147313,-10.845520151127726
-7.297127542765468,-11.996520996682143,-6.8309089777591785
-16.268255080772438,-15.679431908351106,-16.527932742120612
-10.247953741102394,-11.799491493907741,-10.217457167234095
-3.946451762321559,-12.525528494866979,-4.288237587586701
-11.980990888033663,-13.821813126775284,-12.602468993558483
-7.409297727072929,-13.87697903606771,-7.456864637366999
-10.544742605179636,-11.840503695800495,-10.331861667777883
-2.0911590071551642,-6.390734370268136,-1.935109078659571
-8.383309672267904,-10.86946198083348,-8.176069197696217
-8.923323828925426,-13.528553362256881,-8.731265263060825
-5.513489235124321,-5.264064597396058,-5.213104349002195
-4.901055737932993,-10.03166372560007,-5.077433951583448
-11.477526565677103,-16.15117069274434,-11.193296316260666
-14.150774884023908,-12.817823071506695,-14.180386230218382
-5.529382216078433,-9.349729088416707,-5.495494249844937
-10.237858020081479,-12.769843723715631,-10.189436959336799
-9.973897844291628,-14.284606242850545,-10.176196772144795
-9.082083212818162,-12.276160410090613,-9.165206354689326
-18.24718037012212,-18.124339207985372,-18.222251507192393
-3.800006645778316,-5.7664983112846295,-3.4890660866295202
-8.359674172547537,-13.274677657734044,-8.339093757559002
-6.94456801123757,-7.515608835282764,-6.780517861726601
-9.62324771530325,-11.980318073772073,-9.42639449747972
-7.592270374710883,-8.862387962635633,-7.831869003631033
-9.95373701349764,-14.682754662873348,-9.33424386091706
-14.893863741993998,-17.7436094506159,-14.92177973116962
-7.20993764599407,-10.956274077037587,-7.665587870059675
-9.890335106187049,-13.122179508607026,-10.053764247887978
-5.4133891316792315,-11.817012749666413,-5.15909780925642
-9.292820578901168,-13.417348213689053,-8.956139058778309
-8.66373836981719,-10.184629011564267,-9.00018091540026
-4.429744985314821,-14.82651654504097,-4.138492056653628
-10.07765522155276,-14.248533068653387,-10.961498134078738
-8.381800196480622,-11.375181503687825,-8.361071661489547
-13.879404703440484,-13.042909216931147,-13.758731995320845
-6.473493400184149,-6.340076474835314,-6.475502742921677
-3.9537274656261836,-6.019863142368639,-3.9098998298928844
-16.728850896673784,-17.43139252872319,-16.7167274623817
-14.851249813289535,-18.104528140626616,-14.962709113104545
-4.224758071528568,-7.729219647444503,-4.231417108568545
-13.406776637930207,-13.82180264532836,-13.359475781903495
-7.409486482773185,-7.1941378301237675,-7.602522578483227
-15.868794831391902,-19.786845029617446,-15.795032604934814
-1.3786860657393445,-9.326355973986104,-1.5033388500220624
-7.426167402522476,-8.600566419553758,-7.4659528908178325
-14.673298373931154,-17.677441981905957,-14.773036469599234
-1.2336958164400127,-7.562463172682767,-0.7992326496414178
-2.4098156700179936,-10.479700674868162,-1.6338433110694137
-11.020554356519911,-14.1817468335151,-10.951746039705025
-5.643535523821239,-8.948048998759159,-5.991784012435824
-1.335652785935199,-6.0579781423535914,-1.4954528999002499
-11.357197910140522,-13.143768510021761,-11.315808850995406
-8.047178401202734,-16.67831781890587,-8.073536291725816
-9.081356245552506,-11.355344990360836,-9.035242142223183
-11.587891944691368,-14.386539486181011,-11.648394035971133
-9.884581472031117,-11.42281548237111,-10.034661741347136
-10.474619185538572,-13.544829907189508,-10.550378713434542
-3.7955074714377757,-7.184888534157607,-3.70192115880288
-8.020283415399193,-12.40496355263325,-7.846652809549233
-7.942620641897305,-11.534935161499266,-7.916569094120432
-15.415358253619846,-18.69798882555416,-15.762753499759333
-7.310702075846907,-11.23550084759487,-7.332815671886129
-7.294417923391406,-11.45657806654375,-7.365450759818795
-6.203455341304818,-9.015638398088674,-6.444535935653049
-6.816421247035379,-13.66866504124698,-7.523207790102509
-7.780821527651547,-9.571926067802988,-7.692073104044304
-13.017728714721173,-13.243914672820502,-12.732186030454166
-13.15407443925474,-14.168263773969109,-13.206773765532107
-6.312735824147097,-8.218300381517816,-5.977283475655362
-4.756359271874895,-11.454962465182879,-4.247421779330556
-12.772546505884876,-14.14916037210785,-12.28734104187827
2.602711924758505,-3.686884381992521,2.6473461434961076
-2.8702575217996342,-6.552408425536852,-2.577737592718178
-4.4419390330511765,-11.513826353613519,-4.446326348919949
-10.581941024173576,-11.853052942767595,-10.405123519536156
-7.613940144529196,-12.006640122286967,-7.928716394399074
-4.099993972092063,-10.126836638796055,-3.920610032422748
-6.491463330240306,-8.843438922747266,-6.548605822242275
-7.3370377503933915,-10.216938350089052,-7.290096375355264
-15.129094270798161,-13.755169710930925,-15.507263966270786
-13.696887573549542,-15.904340623302524,-13.446680308375935
-16.27032921436871,-17.404518026160126,-16.045345623325286
-12.11320059131269,-12.758587772049278,-11.831033820583498
-12.950054137477705,-13.350374791178728,-12.906055289414944
-3.367471504940898,-6.869616708900937,-3.3948584295368827
-10.230965969508652,-10.577510889420418,-10.088352640032205
-6.44957772929274,-11.961999160721664,-6.087341485298898
-9.316612394953859,-9.751433714686335,-8.90029573299194
-7.202255689070302,-10.04341129713588,-7.6587290297165715
-12.218551232838196,-14.67084005249092,-12.162181873989867
-15.232506020217494,-17.11248652162129,-15.439034010151635
-6.380628171962368,-10.341925901205936,-6.425044020463999
-6.869523762223545,-10.381838460990492,-7.148080077489606
-2.6063850192430733,-10.349318495871263,-2.264279517156182
-12.665388232947418,-16.96042558102584,-12.09409162152553
-7.216258386502862,-10.79917587644096,-6.9569757910914385
-21.484592092532107,-19.12703646134802,-21.6030678207886
-10.891101118350239,-13.548885092945437,-11.010998227745496
-7.446968353000756,-10.022006395997714,-7.874217879652002
-6.916354815581094,-10.852256166990134,-7.036435751806195
-4.982822996667351,-9.73514412332931,-4.833305692181482
-8.664883134651484,-9.342401456249895,-8.44467158507405
-9.0008745189117,-12.635387682518262,-8.743324321741582
-3.0958984887345498,-9.537982809421349,-3.2279200509614494
-8.119784811320377,-6.871574497203843,-8.062050268379725
-9.20170052934755,-11.003899392499168,-9.578969215110822
-14.358194116746255,-12.885818576019432,-14.459788437983729
-12.647395320619857,-14.475465147093242,-13.152035606617897
-10.244754720992118,-14.528407709575202,-10.026529813222583
-9.319265602193076,-12.104213459823423,-9.140314864505003
-11.21822572724481,-14.270161298796799,-11.164574987395426
-11.289346117781484,-12.608571230216304,-11.229774592620187
-10.697109203473055,-9.933885989192705,-10.395055437680732
-13.658053100166594,-16.561400746552053,-14.069455056404161
-8.763967508748276,-10.85015714579628,-8.231056770709676
-9.826776328660273,-12.75778714003243,-10.356368998035265
-13.012797310619694,-16.563970401006525,-12.93834866510018
-11.093128834368848,-16.7156218899421,-10.914975657498731
-13.998433537601043,-15.61209540795528,-14.403924567246472
-4.757466389324892,-13.733585609611572,-4.111603494624347
-12.913939471442099,-12.393207527603382,-12.960494820820252
-10.873737933484453,-13.766629915617242,-10.864225365267666
-19.390975025695976,-19.270294303839417,-19.27835914474303
-15.20801106346412,-16.8219420637027,-15.243238533771123
-8.65010116164847,-9.22789784433098,-8.117094571468746
-9.748090212524568,-11.223726298428273,-9.671569702797742
-5.975157854724125,-9.522713844026738,-5.646609329972083
-7.738261454027318,-13.464955422190407,-7.4875862849769215
-8.399892792351977,-12.51479268417098,-8.371248213981135
-7.397386136918616,-11.25449731197484,-7.52647914592006
-2.2195153338369566,-11.951102906075441,-1.7591367672391354
-10.176345630942116,-10.29739925253748,-10.306067636850544
-7.122826106025593,-10.391787667821998,-6.567063988119359
-12.828714222380299,-12.739542346581386,-12.810800583091398
-7.413708027545043,-11.288937149449751,-7.081163980623231
-9.633670322558038,-10.602271111186939,-9.224528604186853
-8.632635687520404,-10.43675496962995,-8.622395125071805
-11.823782140449689,-12.791034095512376,-11.511271309352601
-8.046092722462538,-12.730439453891904,-8.136567513175798
-0.936347015949439,-9.280868659080562,-0.6681545713055469
-12.19843157353328,-15.257234008695205,-12.56800150055389
-4.851592158114598,-6.393257679756874,-4.104938188487409
-16.42607841600409,-18.846533170386618,-16.963814397671165
-6.949195740972881,-12.08294124117404,-6.961654253863449
-10.928778607549956,-11.062005295237283,-10.625377013807174
-6.945827156720824,-12.846716520705094,-6.99514905103705
-0.7803667525054344,-7.763882039874235,-0.8930940888081021
-6.4673953524387535,-14.073845482275088,-6.74350320865969
-7.8865975615695785,-11.6471491059823,-7.844581167268662
-1.987866130759064,-7.962185429584968,-1.8424180408603057
-7.285833842090226,-8.231537285762307,-7.161816596930611
-14.240923535019942,-14.682848997279306,-14.1343321681936
-4.665840119511637,-8.727292831977648,-4.5404375207283945
-8.23272146939235,-9.524267194323517,-8.321015572499094
-5.811942938269932,-5.965613499339571,-5.970345341261451
-3.616835030496414,-10.640583094385994,-3.351345073999295
-5.433960421605564,-11.411573559423413,-5.272435386782578
-2.0808236758532717,-12.130143332823032,-1.5039271453225742
-6.469564256851249,-8.536734891373488,-6.812498736430591
-7.88940819631258,-14.807075900886758,-7.936999757363836
-6.121419888090525,-10.564048291496668,-5.736601912786268
-8.31906442596858,-12.564912599475711,-8.048067404142271
-15.020220632107971,-15.388714078555473,-14.883709557494191
-12.741721594421866,-14.619966244429785,-12.861024417288279
-8.090253043169517,-10.132428766278528,-7.955333536443278
-5.84149020251737,-14.895847113139379,-5.536533017052838
-9.809415696937958,-17.381198138339343,-9.883119771494782
-9.502917247988725,-12.525094200209711,-9.499490803539514
-8.283818600670699,-11.409112688031572,-7.737819695433494
-8.614379580151994,-9.255273267757474,-8.424124552684413
-9.915047314049865,-13.502540112935517,-10.050363478849663
-7.567039578393894,-11.043715703676147,-7.29925084784624
-13.37987503437847,-17.04153029205042,-13.796992543683222
-5.229419303074229,-13.100328338722928,-6.014848768076097
-12.582698980030537,-13.339234205390998,-12.538916075690555
-10.640088128938617,-13.688304705735094,-10.14097717637614
-6.542026734824286,-15.916809877971021,-6.717705111467705
-4.747181925842677,-8.503032547222956,-5.056732202601274
-7.727087772720619,-10.980232456874443,-7.545793811268376
-7.269008160778678,-11.936896887691187,-6.874501133025348
-11.341902102967873,-12.675369664168436,-10.77066942844715
-8.11030988485432,-10.60929943667512,-7.828113927016542
0.4871388573959164,-5.159314636923996,0.2467624829986153
-11.250813163159524,-14.561492889336382,-11.593453583030135
-12.826267083575491,-14.978745595676711,-12.87757218039459
-8.433694414112084,-11.513772764174286,-7.8330973075615145
-8.084146033298742,-14.276190934205538,-8.434057175428551
-5.226525817113231,-6.378631441444366,-4.8382671594629505
-7.1237307854937235,-8.555848779343165,-6.94715116850229
-9.672238138402037,-13.022230840745328,-10.142222763975594
-9.688734922554554,-11.45699156316481,-9.666916015419504
-5.362608705438439,-12.604810436303598,-5.069112385095799
-8.875662102101957,-12.293114405914684,-8.536065717216275
-13.11742652059995,-15.399194191389741,-12.994089108119395
-12.880679981038641,-15.799026177361862,-13.374247152310517
-9.927396542535524,-15.314052368730948,-9.642264134137346
-15.751291150864644,-18.436212656161842,-16.878267619891886
-9.029235347640695,-9.908064659348817,-9.208499244333819
-6.091760208820737,-5.929423967118059,-6.122793722659479
-11.386704625181437,-11.846823489749928,-11.480807226062648
-10.407715182349456,-13.805875369043651,-10.349163169513993
-9.19423503129297,-13.265041600898373,-9.487028680595373
-9.638021087781912,-13.021031324454363,-9.323847246617099
-13.121854336601164,-14.891275562220565,-13.469632874460762
-11.900042485480295,-12.676464827759657,-11.96621090320228
-7.7711952107251125,-11.463955607558875,-7.897122459792847
-12.840732525218566,-13.0970725178944,-12.837614654049629
-10.764260705981663,-10.883461838036732,-10.939129839281662
-15.199813934026448,-13.28948277715875,-14.885342089282021
-16.06166565021549,-17.499926470228672,-16.668508611348834
-7.944834005107787,-11.356568078991518,-7.726225478494065
-12.572396768420244,-15.455108207838514,-12.869767459377929
-13.183482440525573,-16.499779294649116,-13.351108309360667
-12.688178890617666,-9.599782774179635,-12.203980531342843
-8.08354382934171,-13.523649360265713,-8.56681169434059
-11.789299040609002,-13.87799323347412,-12.044293048071358
-13.483541286656575,-16.03730848833109,-13.330997816822306
-10.564265835206541,-10.213594075970281,-10.175050918877295
-4.53909454891657,-8.407657472602239,-4.4749989511228145
-13.608254083132726,-14.612604961174117,-13.695294413009796
-5.267300347422161,-11.330844429990588,-5.808942907449802
-7.234305621505179,-11.42564264608642,-7.368098145873983
-5.731403832170892,-9.049736553196013,-6.019683872275291
-14.924000096490108,-20.479199248273698,-15.294018098905648
-11.737174738417494,-18.63085766480939,-11.540649406626452
-8.750572159595364,-8.617578839731356,-8.594991024288142
-6.984798879276663,-8.373727822059061,-6.718201052157106
-5.195400912914434,-14.725485258577361,-5.009062687719622
-11.446131087911835,-11.12398861561736,-10.92563262223384
-4.7559134266367415,-12.081607146716888,-4.993109869064918
-4.223048042614026,-12.565848057457103,-3.6401251911428845
-5.304833880171222,-8.353785964381137,-5.671122580209696
-7.529493880697177,-9.883978002836278,-7.403472151928692
-12.053557633791376,-13.890776102582437,-11.762702075464434
-7.272871695757085,-6.741447973652332,-7.318508537638389
-11.548062098169876,-15.340430942431919,-11.806745104426977
-9.895421165101505,-14.162764180689155,-9.868527051417677
-10.289341928413906,-13.574415921213648,-10.814782931127958
-12.306375765008914,-12.774964609127858,-11.929359888104768
-9.415189893414881,-11.102268058052472,-9.525555947050682
-10.95596204206005,-13.611408171053753,-11.505193639189175
-17.817627354284426,-16.206918110704734,-17.57189796081207
-9.823094692518213,-14.42436247954124,-9.998770825616797
-12.050720985892642,-16.164897778091408,-11.838421464093607
-9.91956415787413,-12.558877189129177,-10.174079620739537
-8.991921270743362,-11.043268638872702,-8.84532403654615
0.7460100159242189,-10.237216509319559,1.5009015695431405
-14.51871512515775,-14.486679533407614,-14.446119655907312
-8.270771579788084,-9.511409399022142,-8.115134668820698
-11.537402396160772,-9.67334571918375,-11.872202171837673
-8.584824589979474,-14.560397529993555,-8.58970569277261
-14.223972654636148,-14.248959949656843,-13.99078019887446
-7.722319360499879,-11.795861745496097,-7.28804444988756
-1.8746256122439293,-9.659493629434694,-1.741033844212712
-8.176625271396958,-14.916377834556982,-7.346670127439096
-5.074123462947327,-9.825872911947648,-5.457326101630116
-9.646485152442711,-10.613123898775898,-9.885366350850902
-12.749945538508891,-10.824022547490898,-12.916417199478522
-12.869504145299377,-13.90168689531992,-12.613955348835667
-12.904531106586376,-16.085629538109636,-13.687653380324601
-2.573296934437404,-9.768009493075434,-2.9375723010532186
-6.903042458443588,-12.24217629263262,-7.014461688961145
-9.009171182625126,-10.489108829452357,-8.995384794715893
-8.707717259754618,-14.554914572431112,-8.70008654704302
-14.758610875353636,-16.667950541581995,-14.897280699860088
-6.754262819897479,-13.02766296689149,-6.320446092306449
-3.3080068760615,-8.006124444419575,-3.351745997432082
-0.25226194659806195,-7.762332199231146,-0.3703428303362222
-9.041120520334617,-8.088383079390413,-8.680818257879862
-9.3411825898106,-10.375147514538222,-9.006083675139132
-0.6972679664989127,-7.783651220088359,-0.15349361490366797
-11.822896649015657,-14.003251056748784,-11.459168718998377
-9.465059993178853,-13.231220940234234,-9.097398562110934
-12.687756635661481,-12.369626337804156,-12.669886480348207
-12.6978353992662,-13.903913542265073,-12.922419923291574
-8.205371125794368,-14.218197520561178,-8.306417317060696
-11.182707014764844,-13.61330790961427,-11.31132500221679
-7.52590695020558,-7.380315442832323,-7.656037396033754
-2.7037905228010812,-7.61391743207504,-2.1582147236530007
-6.794437317628647,-7.478407448801642,-6.870711172746417
-15.313142458686169,-16.157337787447414,-15.462135094847323
-8.954966563265426,-12.351115984390805,-9.004551934922814
-9.35796907159214,-10.552366072049352,-9.25724672689601
-12.682392022240201,-15.805291257666656,-12.239050126625704
-11.904596372824708,-13.610617912540846,-11.620942135127128
-7.255263519949041,-12.526120664854547,-8.079313053559167
-6.763835942542358,-14.308403644176108,-6.205375651253024
-6.98977790410549,-11.57131270223872,-6.500572060126254
-3.3380269523013544,-11.109784417872707,-3.68309423140459
-4.24177591346059,-7.191237186604749,-3.6874311511770883
-6.167359921587334,-12.466934123121717,-6.014214938748559
-2.439835120306224,-7.841838730344291,-2.829419394601615
-10.418857488566394,-14.32605342343323,-10.597444394286256
-10.035210167104099,-14.801220608459072,-9.973107387738443
-8.975794629332858,-14.976236578210505,-9.40976824082212
-8.85872167221952,-13.939745192785999,-9.362827563698554
-11.52839790442383,-13.338463053802101,-11.163436604276882
-8.672404972305435,-12.447770068638507,-8.424815662948049
-6.098975225865734,-11.812181176030744,-5.704568602504078
-10.428580628940441,-15.867011307237638,-10.603651714903561
-1.4485871159511208,-11.670532903503856,-0.7831660111223113
-10.718888554960758,-12.48203086990127,-10.801296991434194
-6.708789983001589,-9.946923428288384,-6.307894411336055
-11.247115050283977,-9.89368362188155,-11.319720739426216
-6.86989924797528,-11.9592066536824,-7.207778950296548
-8.483969304142642,-10.72047610218608,-8.704036881268324
-0.8854055981846403,-2.9624996011073597,-0.783509270437621
-9.567326828111579,-14.7848550344216,-9.673880963495664
-8.264070267267668,-11.055030478655276,-8.509321185594265
-4.386191830810014,-9.058364862028302,-4.749708338588282
-6.953867967844467,-9.456684825245096,-6.749187935259368
-7.452632085114154,-12.698199657820824,-7.6193579436648795
-10.234743203685335,-10.345257975400393,-10.048912413151513
-4.952375513510677,-11.761529544481402,-4.080676034078262
-11.41598231966251,-16.120152502475843,-11.774673565482802
-13.33936592606322,-11.595254751636123,-13.269252632419848
-9.656470026436757,-9.961379906749817,-9.460087235619007
-12.668220017296052,-14.903285662953074,-12.761501465616705
-6.224378093168437,-8.05091620690393,-6.68376852892071
-9.79624754793847,-14.331619428585654,-10.12834123207228
-1.4075788247665564,-10.462504445691955,-0.8811771418778318
-2.866271298985494,-9.125577974107939,-2.6539083969032955
-5.225490147958744,-10.826122890870561,-4.682223205957454
-10.95347903965044,-13.571811142827077,-11.106334803259134
-6.541707380751111,-14.642379733102299,-6.72071578673343
-8.695413298416263,-11.002517443511234,-9.114110303774268
-10.121122740832364,-11.002306648364684,-9.996905143459585
-8.144899767389942,-10.371203411926157,-8.486305437381375
-10.351083887668473,-15.804101812912483,-10.486923943596182
-16.947552421530983,-19.891219751184753,-17.19620575855298
-9.2615509010992,-12.86756452451147,-8.779325865941471
-7.392019854407853,-9.985288410872498,-7.277584450400297
-7.9370032709018,-11.35327487102069,-8.093586361808786
-10.070975081313241,-12.939329769998473,-9.325224323713787
-9.746710948012979,-15.311462017214053,-9.760075006141282
-11.505674837060353,-14.256977273261064,-12.043842489337038
-6.310646153829661,-9.707304982734106,-6.844001490686581
-10.089994873168799,-14.942498381402446,-10.186538527975372
-9.783832585726948,-10.517398122860486,-9.630726549560176
-12.488798213881356,-14.589139991969661,-12.608965376479935
-9.83451063198673,-15.067755304897908,-9.663275742265672
-10.823832050398112,-12.291303112793505,-10.766918257198341
-17.718274677006068,-19.771247100970708,-17.221423436038236
-10.19741498947358,-14.115585600691293,-10.349059672276859
-9.25847419598397,-12.429694077001118,-9.195804371966592
-8.681447966838162,-10.979540384637795,-8.265967944518612
-11.19430759685177,-12.509829805858246,-11.14723946496883
-10.112934854100947,-14.110031464152915,-10.115683333153138
-9.90802210355888,-11.275540294724347,-10.179940747978147
-8.687260047647289,-14.079222744911673,-8.575236807092129
-6.0863401076237995,-11.286650966687938,-5.967887363960625
-11.430031373524933,-12.377367513835697,-11.247272453943342
-15.340886416202403,-13.404558215538012,-15.54873881126502
-2.3380735033384568,-9.182766508755815,-2.4610762903220027
-6.9828291764041275,-11.734259403053246,-7.3158304118126045
-12.509029413060004,-17.815433415786647,-12.680955475311343
-10.47086289976121,-15.552294781492284,-10.372933976497809
-10.8013035706564,-15.431457057611087,-11.04168793516195
-0.04558875616934304,-11.430909722065028,0.13080538400849318
-16.735613790931588,-15.713791545998014,-16.794816982305235
-7.6759751540405246,-10.521217358042787,-7.663574492387567
-11.903248019668196,-13.039443661582492,-11.997340648830894
-9.723091019944082,-10.891572725483863,-9.281106957005168
-6.163660619623631,-14.157687228576648,-6.5883188596362015
-4.241585175294016,-6.397865047408328,-4.581303996130564
-8.078359915069077,-11.351317536952072,-7.94653028913781
-8.135921400622385,-10.175821056558922,-8.001279318753165
-8.214739041929596,-12.836605874380679,-8.504111675705108
-9.311002688017135,-13.420039553606717,-9.388169960691398
-11.049443768035374,-15.344130247339159,-10.828971650911612
-4.196264420555424,-10.283193941441997,-3.5944208020351156
-0.23060230149278596,-7.573912582393317,0.13176935748851573
-11.786156428341226,-11.164948114440378,-11.743823365299091
-5.562645607817761,-9.795610556020911,-5.740987293590536
-5.797385866974171,-6.89788125718334,-5.727647175771526
-5.531503792679678,-11.332284083525165,-5.879106574875133
-9.859633901967987,-9.57633586193188,-9.625548424735038
-11.708450222342574,-15.20015307152443,-11.143173869335188
-14.563271462723378,-14.700705623121689,-14.841776692147864
-6.337161761608912,-10.380559183729053,-6.331221256400236
-7.724570453626546,-10.604810042752819,-7.947444825533232
-9.696989995742088,-12.119562074534752,-9.599684197936817
-9.163362847724143,-9.496551396293642,-9.197960967845178
-16.615331971027402,-18.94372570861645,-16.244387460739404
-6.406043550276564,-11.714761647692654,-6.38268366284925
-14.030296768924991,-13.940616463228956,-13.763261158425193
-0.15437419641815442,-8.700717298035,0.3429809261164628
-1.5645205674394793,-8.850142581371596,-0.9690452468518026
-10.069415851348866,-11.240781008558784,-10.298858586669692
-5.81706155521161,-11.276092480537457,-5.476352219033849
-13.182174012876038,-13.307559573732034,-13.271614367703462
-12.40798616733755,-15.952125118351487,-12.290299600347732
-14.41577534184184,-19.164779303432198,-14.646619290397572
-13.126579931453376,-16.179021015441787,-13.003241507125521
-5.167180941295741,-9.871308410339081,-5.040257183100048
-12.69709993518027,-14.22109662882122,-12.896252605801438
-8.0415091186985,-10.227171153412504,-7.859407161234799
-13.214686484730935,-17.07711671407871,-13.53389363866967
-9.327489272350933,-15.345040496310498,-9.494540930160843
-13.051365149343827,-16.517713689067993,-12.640631190114286
-13.93962120368779,-18.93792133979354,-14.512991680328327
-2.315576741599568,-6.471590338301099,-2.1988561951758343
-7.174127355032979,-12.944132297448592,-7.442660664876646
-8.991259653756984,-10.50281233475009,-8.610831917777054
-7.865690606465269,-12.620267028060962,-8.103625691074216
-12.496770574117113,-15.450771183553554,-12.511359618769626
-10.126725140156006,-13.204544958452415,-10.287626951936558
-7.495419873700678,-9.39839446863522,-7.392944282994346
-7.639857255022537,-10.436666333233171,-7.9464675882503375
-4.274691112028349,-6.6941615817432645,-4.284817515789046
-5.651516076914386,-11.580797067913238,-5.526540243338255
-2.8444858876529784,-9.282112494304075,-2.084737916863156
-6.536237090360962,-12.218546808325064,-6.4965536379715205
-20.69392350036202,-18.572504896959202,-21.04873825668753
-10.621135700538995,-13.44069075868981,-10.468390966842213
-12.627557708262358,-14.320517692204671,-12.805572322898776
0.6454683763236448,-6.708105067707881,0.7485040051569514
-7.586428675018563,-13.168616494410822,-8.064693209276488
-14.147826273993784,-13.218271329260814,-13.990884384626776
-14.488150333856485,-15.921669743112817,-14.62973919047617
-7.47268779322442,-14.322980354871143,-7.404130254323689
-7.201568856265727,-7.969627346920663,-6.889780230809187
-4.7568506061226055,-9.297731898718554,-5.1142152904885085
-9.512331224915146,-14.684150724325388,-9.360079806719753
-6.426481815781253,-11.414451996076723,-6.433781686953267
-7.658043732319383,-11.155243336894126,-8.035645025798857
-4.542284011821585,-8.910896513714185,-4.281552209666773
-8.508332579953583,-13.037558981679116,-8.170606850382281
-8.536164860985599,-11.834434563579578,-8.303786211398705
-10.691317762570696,-13.805421745388962,-10.73431092149998
-8.832915704455557,-12.065236140060309,-8.968818091349823
-9.80535119039544,-11.031559687541717,-10.310375410473078
-8.673730314741551,-12.66085773053493,-8.893788555273137
-14.709377734278405,-15.018525938996772,-14.546693154190697
-8.460829666669692,-15.510502700583814,-8.848696888702628
-5.494735839286688,-8.208488647508403,-5.377870061204494
-8.435784349671254,-11.906170952551447,-8.665565807150376
-14.483252304587683,-13.473479691948668,-14.63680320113621
-9.943786882674402,-10.257611208654446,-9.928193767214298
-14.41216126395555,-15.78663907274891,-14.506062569901633
-8.478244544431728,-12.039011538307042,-8.742982043163973
-12.20782809016274,-13.228705416240203,-12.291209233552637
-9.881432497316238,-14.198839104684948,-9.890009140660567
-8.654339180143127,-9.340095481194012,-8.557925296423775
-13.638733723740273,-18.523392047379808,-13.478439393084088
-5.146935452460732,-7.357303560987786,-4.983166782045286
-6.15814511215595,-12.817352032283182,-5.533355843935117
-0.9175002950227221,-9.947592501325376,-1.1301465464209843
-5.633667071667896,-10.889554264611851,-5.267115425339247
-5.958727830487421,-11.869885978834562,-5.734419161276023
-5.476716283102944,-9.549837174305832,-5.688565920239982
-6.375335699712508,-10.489585769238522,-6.040672774219822
-6.552216331434871,-12.133023445491789,-6.507257160437706
-2.663540323000241,-10.665161400205,-2.257815015411176
-11.521678825598602,-13.375082613501865,-12.457019562440447
-11.822957657984684,-16.895297129312063,-12.196780624604772
-12.557245445609235,-12.65126214857184,-12.435296919103308
-8.834811941726143,-11.040327999727527,-8.627408583614079
-11.260836685618173,-15.63551195499867,-10.99025142442327
-9.355715834629454,-12.312946371902516,-9.543064959212355
-9.346118458579404,-14.300057083326058,-8.695277945485184
-9.846194704755263,-13.59137311975051,-9.081666850925808
-4.5663919746204655,-8.40684591588894,-4.499755945960375
-8.591046610243218,-13.034245198558562,-8.908206467526286
-12.753436808894666,-15.234518549480557,-12.942987900651026
-13.270188547408267,-15.33042163562128,-13.196226234565506
-7.709203115723006,-10.353922654681902,-8.114717870454744
-13.99132358173059,-16.394199890395743,-14.110839607252524
-6.684231021603541,-7.102787845933782,-6.614680689725656
-5.245613475800884,-7.524799697821665,-5.308389658509148
-3.339854366339036,-9.05748945658503,-3.623601861220831
-12.217353368495226,-14.649644437196766,-12.303790672282497
-11.112360875223018,-11.575280825781403,-10.883311071015797
-6.3601257137664104,-13.020330066672797,-6.594517174776897
-9.869688869786899,-10.681359090324024,-9.718826852415468
-10.807969135701487,-11.28494382582202,-10.803058439545552
-8.739527946613395,-13.32636044805285,-8.830485703113908
-13.100757931030067,-12.4266547264598,-13.200727232520636
-9.864124058565213,-15.019894890184068,-9.891540751952082
-11.12419391281087,-14.282356566775329,-11.203059140936713
-15.208789928719447,-18.0114260603156,-15.343769849301735
-7.390483392981282,-8.705882715562472,-7.298015165045745
-10.153413953307634,-13.466381956629697,-9.78386112877804
-9.897452226955647,-14.303658642434202,-9.90193067440652
-5.193003408603379,-6.856839585827032,-4.875349059071694
-15.914980118880782,-17.959216085897918,-16.14298535135718
-7.586634871252933,-12.361018738025528,-7.414585346488812
-7.5973696866740115,-12.109756569363167,-7.411394066272828
-2.473752573473893,-7.784905994481934,-2.551979592855983
-9.895050727248993,-10.60638448073207,-10.168221043396306
-8.841086818288359,-10.720568364204969,-9.171878287697043
-9.252882331339736,-11.220410495026997,-9.562225681974402
-2.2379122253669315,-8.875262356953604,-2.4406830922712137
-6.984442823857444,-15.8618502863682,-7.161884479732654
-9.780583424293479,-12.150341482004926,-9.348265675500732
-8.698470160536418,-11.340861063618323,-8.61437622068825
-0.7430636996547817,-9.912011905678053,-0.6537511161210398
-5.198933400866883,-9.906629570680481,-5.034098210760346
-12.113766607529584,-10.052589357240567,-11.992576706463844
-2.4391128570439746,-10.116765202211687,-1.8277228000246661
-11.607660004207291,-18.513995871330252,-11.820180573346873
-13.077289170817144,-12.567529218020304,-13.092237784669548
-8.810574702081125,-12.065099324008106,-9.045475368403292
-8.487500849330427,-11.423122085080402,-8.363966046193333
-1.54216685152122,-6.414305141990905,-1.2903293653711043
-10.377423763453933,-9.817554364467096,-10.211319104832814
-11.384819764293422,-13.516498778185637,-11.370376834832642
-11.256491264360712,-11.368645344203726,-10.707730887025615
-10.889471115196093,-11.933658990826217,-10.698380129852932
-11.038025208737283,-12.19765524582944,-11.295420378665492
-13.2680593789938,-16.38979075182265,-13.382601226996364
-5.108723932598885,-12.69920410280569,-4.519534941152908
-7.785727021558229,-11.713943813170253,-7.759702930656383
-8.067612548507924,-10.870430060542162,-8.126790565182576
-9.313487415813011,-12.410953809368888,-9.364218248004036
-5.282239471708046,-5.542667303518835,-4.849198419873081
-6.583095317734025,-13.415704877488254,-6.479700945688911
-6.999089844232924,-13.640182492026826,-7.014529619778933
-9.873451389931077,-12.14840185796793,-9.622763203398518
-6.305272636893643,-11.62906059629459,-6.026664332492668
-7.267263018934678,-10.181523269255498,-7.179205205918479
-10.250185152189985,-12.963700326954722,-10.148304282565963
-3.673479843789326,-6.3583846470223415,-3.7037951862902916
-11.702148922579381,-11.416435037575814,-11.59088940306018
-9.885343866251114,-13.573609323125481,-9.586256571138883
-5.029879565925932,-9.284231566217779,-4.8308095113583756
-9.684320207715487,-16.424472811046112,-9.982049333423433
-11.149177070893742,-9.495500720326087,-11.152882074203651
-12.283233723848417,-12.045710207983026,-12.495214625424516
-7.066793166550932,-11.734683528020465,-6.386805355160638
-14.138759881064544,-13.262383803462217,-14.349804842131546
-8.132311601091576,-14.159086545061239,-8.109338590822562
-7.222194727798935,-13.081103998629747,-7.589914376715597
-8.07669362957953,-13.406033898959752,-8.697097696073323
-5.639370859887739,-11.242032049373606,-6.103339029212182
-9.854099223362237,-13.782596413505068,-10.038352011536986
-4.588382638855542,-7.740529524860642,-4.46653429456819
-5.753495796781956,-9.339870616968996,-5.265455678861181
-15.450318744561542,-14.57093500617629,-15.242889834371747
-10.205967539988901,-14.326198473862611,-10.10233199536557
-10.303650917824383,-12.664316383770139,-10.415216733081246
-16.899819436479294,-17.853909253401795,-16.823314414881786
-3.8013767250902157,-8.339417674187482,-4.088412081757324
-14.309617398543446,-15.982447294597447,-14.458025814918747
-7.258541947089188,-13.821190567601466,-7.155920391280312
-12.639980198322501,-14.091130976524214,-12.881541139839197
-1.8102776933943425,-7.094150479553282,-2.092141195132201
-15.594881626624565,-15.081676066282055,-15.575332789241273
-5.76051501405934,-9.550564570665111,-5.976816789493695
-12.60263158665975,-14.538424392667439,-12.379792935610816
-5.890422563084326,-11.411987614528794,-5.675083678071118
-11.382914618128064,-17.8843014865012,-11.809186952689998
-10.899994219075802,-17.04066583596266,-11.319055111914023
-12.429001860026826,-17.66480901255861,-12.166684316160428
-10.489910153804395,-9.866453416368687,-9.926413168182451
-12.33478384871304,-13.24641188142001,-12.963288242203326
-12.285232906464573,-14.520915470639373,-12.111803693286499
-7.385278354027498,-10.69576824419004,-7.663949088356513
-4.541803358348834,-11.8017258577971,-4.247394712074034
-6.367222946374749,-16.035129259958524,-6.437791450370946
-7.630380467352561,-11.194775590916633,-7.371493505382595
-10.368740490137816,-14.012856278307327,-10.030450473399663
-16.046937559233125,-16.655354735526515,-16.346591532481614
-18.77217986561636,-21.50346870752191,-18.754904506268364
-8.037927084358197,-8.936568681774855,-8.098270261283226
-6.742942152322144,-14.759576607298841,-6.701336352487524
-16.846611277694166,-15.699923662092262,-17.025269187828584
-6.574156890888545,-9.778571424487774,-6.8522010950432035
-0.5873860052600286,-4.425770423015263,-0.6333959571764275
-5.939502249868669,-8.825863911551282,-6.439584550214088
-4.667107108015744,-7.537243524085166,-4.2318755200246985
-10.798139326422595,-9.985709823213437,-10.873860237893092
-7.460462761281439,-11.234302890122285,-8.064561809861988
-0.529374145064367,-5.329219190010832,-0.24838359249977832
-15.38974037140237,-13.5225610891701,-14.994438443956586
-7.395869478127903,-11.648744877747184,-7.704390429283415
-5.1026429168826075,-8.85559456049999,-4.894297036209025
-15.238634609296579,-13.84586788999549,-15.231472394000981
-9.313056369499733,-11.958161294360668,-9.255166854457329
-8.7282801981394,-10.274383190110111,-8.601686897440718
-5.284385198340363,-7.847051229498405,-5.008048448215877
-8.852512280152936,-14.27867447659426,-8.822346458015172
-11.5922502656854,-12.917824965693585,-11.915839920156502
-16.89057551707762,-17.49215162764871,-16.95631301261699
-27.99848073766129,-29.125769418356526,-28.8104797739575
-16.07299161704874,-18.198404577598737,-16.3730116486369
-9.621148587197313,-11.738287166698164,-9.844710308541055
-1.885759611875013,-8.71551995031164,-1.3970515315942087
-10.092412426295972,-13.245294307260137,-9.953206673567959
-7.553142482670312,-13.289090611265017,-7.886987177501826
-10.89158100517321,-14.258724125309094,-10.8399823714898
-3.3880021265975397,-9.926878136367494,-3.4479917342825446
-5.574614676899348,-10.77585416335077,-5.58905184158641
-10.476601140228041,-16.15959763988342,-10.636350622960087
-10.523232490807317,-15.899299932555037,-11.079625099251997
-3.8840244670340955,-8.493048046366457,-3.981450070455441
-6.771469289361523,-10.465692008832457,-6.70195747769491
-14.160519250539235,-17.90445621204789,-15.254120160231537
-0.10272901117980637,-8.726473031107394,-0.19850715303572963
-7.6483540345718914,-10.411285941537002,-7.4602831785818955
-11.75384190586882,-14.391948910641425,-11.763145425380342
-6.331026532630832,-9.86711319854424,-5.9476523827015
-16.79017450481549,-15.44599968178994,-16.487089902354327
-10.87121005739218,-11.372513509469783,-10.749049320916892
-12.766707278252843,-11.546398482450295,-12.61270562278572
-6.527400332912398,-8.462448331313292,-6.395307911413079
-9.657205690296683,-12.426735754101037,-9.299273697748086
-11.177408638584161,-14.45113570821694,-11.293406159675161
-18.955118052152546,-14.613515470899964,-19.10711281478201
-13.234190025922384,-13.451051159575918,-13.237213928820337
-8.776751986629527,-12.626273542810265,-8.531742706262321
-6.913912376429181,-12.360999611823917,-7.159013732250277
-7.390941180049072,-8.845886304652124,-7.437488920902095
-9.546492425820817,-10.164088343139241,-9.24792941687719
-5.377868659348272,-10.135064839369834,-5.437332796771844
-1.5190177446083426,-6.778636299133019,-1.5150103741770116
-8.696301334121172,-7.753734751153524,-9.040764399712941
-9.344466335416728,-13.90945035110738,-9.277617582276653
-11.861585575507988,-13.53533134048214,-11.405663849067384
-8.341573787412127,-11.653418104037396,-8.371580084940339
-11.128788769315488,-15.177747323692927,-11.54097139718453
-2.0037474756657994,-9.323117286242654,-2.277235106607918
-3.9450738315161815,-7.0052496993623246,-3.6986416180739132
-9.387138181424941,-10.084851922065203,-9.325095513187872
-9.378770596455764,-12.480761977653833,-9.682703686499817
-11.361897469062164,-12.2146697501338,-11.433539091080881
-12.68749065319301,-13.98626955692829,-12.599956730498167
-5.667140392750159,-11.299449161723357,-5.52520283482459
-10.678427374279837,-10.241952337922594,-10.905089354478996
-11.781779438153036,-11.166999125761604,-11.914701871077177
-9.981630631426764,-12.452201643995584,-9.997242375346795
-7.603231911353761,-11.324001038117279,-7.162522969506756
-3.7176116740499885,-11.996008307478759,-3.8389982906212943
-13.422798486521394,-15.687999883239788,-13.929440640850958
-15.58780289509631,-14.418857240375017,-15.063231411589998
-2.2917924080173036,-7.958015813100827,-2.4348262154937745
-7.133318902767479,-8.379894980887377,-6.426931519452151
-1.9854652902786099,-6.74201800060811,-1.783727568595593
-5.088345468344167,-12.464442232068333,-4.836183507708848
-15.310181646015065,-14.793657651733447,-15.235546908315143
-11.341037195878034,-11.690437136511806,-11.37990947572157
-8.280202916578977,-12.744381972426503,-8.64168107366458
-13.280061798789365,-13.990384489278783,-13.184320111672543
-10.033026820035483,-15.16503484947249,-10.062941842387083
-11.251803390972048,-9.527898138047876,-11.17047395137352
-8.94244309311598,-10.762884186767165,-8.794295197952515
-4.540349349912986,-15.129044676649322,-4.257567501828329
-11.506553753563528,-13.249233341114792,-11.248387676017398
-8.09463301177981,-10.860494667448362,-8.302541188318592
-3.2226918138604628,-14.08770874272829,-2.7965937605869526
-5.983431224660986,-13.359370231239911,-6.164739446157407
-7.321347236132147,-11.472200059396698,-7.375334862334799
-1.6970375687524508,-5.544997935769765,-1.6777711207443564
-9.463022298300102,-10.283086722979617,-9.02048118963104
-13.063467352265688,-14.757642121507534,-13.051576203283023
-11.146190504276152,-15.229489112794692,-11.109986689790134
-12.601094651093813,-16.03704796723065,-11.962473560330315
-6.100496218154424,-7.00596085144799,-6.283648212937395
-7.7610085676441685,-9.133049377274528,-7.739724235184077
-12.880416968930453,-13.893739420625506,-12.88340650401882
-13.394771904592663,-16.502540374646518,-13.28633254095529
-7.409865868029253,-11.90220796104349,-7.40743485428529
-0.28692281451803076,-8.123353697315496,-0.3640825034489597
-9.564688666776933,-14.279238843514205,-9.49146491294904
-7.250697660375224,-12.868472884991885,-7.564364107882657
-4.0373083731313715,-8.26689578297748,-4.032510505283441
-0.6307194228733916,-9.23320337999579,-0.58253874384394
-6.327254202558985,-10.463630035854655,-6.184208193748182
-10.171067736759392,-12.644187381700483,-9.92924523589381
-8.658824525765267,-12.144003028941063,-8.416995223487488
-11.192502488832885,-15.638447720604942,-11.27920399573854
-5.415317864616734,-7.955359764401,-5.446005760013624
-7.315722534822648,-10.234654991877738,-6.960314536466342
-11.071833359253857,-12.93279944535895,-11.008086407524537
-7.670296435624176,-10.98930466843044,-7.651686580783458
-9.415458644175095,-14.769411615654674,-10.145664252705757
-3.7735736476071713,-8.285677363210665,-3.594682170554363
-11.897858974757586,-13.371928390326932,-11.505914281835802
-11.697638735732276,-16.130042137506116,-11.896557597993382
-10.438823562083327,-9.322554817512746,-10.378080118344322
-9.24056326109901,-12.88903036254136,-9.204288839926681
-7.1733739209421845,-10.020111916204346,-7.404655145251517
-4.254108986169665,-7.622055903356753,-4.08803226187724
-5.187062078470741,-8.59882446319028,-5.059438481812798
-2.775246290021531,-6.738946199421611,-2.4970818443401495
-3.1671650605437733,-8.6353971485023,-2.825359345391105
-9.157401917738596,-16.367165026738185,-8.777943142864899
-10.437360033760745,-16.106342908960208,-10.186864063184174
-13.810309124808033,-12.184492253296895,-13.626731940677288
0.577733673890697,-3.88477046643672,0.5129681013808292
1.456529059262386,-6.937600866526702,1.975290702591298
-7.912925312729579,-11.309700160883201,-7.722270009258326
-6.206680865275905,-9.434439894468508,-5.853427355563007
-20.538544018338634,-18.401641928566182,-19.52768931727087
-7.805619364214664,-12.63138091238995,-7.618746549611042
-7.017313175205017,-9.607200727376206,-7.04470361552135
-12.674156434695586,-12.676684978887641,-12.474999823528139
-3.820691460783603,-8.842991153364277,-4.019038626770662
-10.628484579754081,-14.553761282269223,-10.59313423659537
-2.615606274325807,-7.3790043436919674,-2.564322797395965
-7.460982532428442,-12.996982078655401,-7.363616313339404
-15.72191671986972,-15.212177875011474,-15.91153820928306
-8.83348873718145,-13.463176100937552,-8.012580327977675
0.7097717075626235,-7.743007597415034,0.992514251575957
-6.8696523697599465,-7.946831607721785,-6.709858498608529
-7.241882051916689,-13.332577546298213,-7.036890791855674
-10.878401517975107,-17.587142858222936,-10.68965576863542
-3.9713253083091518,-11.422881703938769,-3.2909478040360027
-7.218281661393664,-13.402637118510698,-6.893899184906486
-4.54325528638721,-10.505906021695631,-4.446899147284934
-16.391348496022015,-16.890021198401673,-16.42674860773161
-16.186030303171496,-16.329430673582642,-16.387675109832106
-3.36697537068135,-5.7137357754960085,-3.315036670176614
-10.796416652672512,-12.201541385072762,-10.836639999386785
-10.604402286848076,-11.21527998337825,-11.194157346861486
-14.216529574531643,-11.856417595497001,-14.272168864258052
-7.660668143034942,-10.443647442865876,-8.042048422670955
-12.070253916706477,-20.506387005403138,-12.956691335707035
-13.770638378414258,-14.530636219251795,-13.89093992838834
-16.257383237584616,-11.850947223223299,-16.054586685365898
-9.2264671014531,-12.017974877094357,-9.18085823892695
-11.436204729148038,-14.472094305837915,-11.637437602512387
-10.886872754456768,-12.873323468856073,-10.174991700189013
-1.6469969312526849,-8.144478288623977,-1.5277032393106298
-9.428305406117966,-11.400480585176048,-9.301490375476725
-11.445732174089871,-13.922622645649138,-11.542641663036983
-8.102052929146247,-12.214615154191787,-7.647318026322836
-7.437221626509209,-7.299046421716633,-7.3350549126552815
-13.789564944034854,-18.02085621436699,-14.212200873088358
-6.2116557906283205,-11.209019448594676,-6.50263787129167
-7.715710333433724,-11.696384155786626,-7.129610387816112
-7.1664070140335445,-11.411231282956942,-7.20508907051951
-4.755501736974995,-6.44860657918872,-4.992442697693803
-11.43405410779914,-11.204370332347235,-11.863280179231664
-5.107212241732501,-8.833667384212033,-4.8330696082618
-6.561431124497096,-10.35665405022731,-6.831051015776441
-10.28342556100821,-9.695272052393012,-10.02742255637393
-12.363667606595984,-12.825655235844254,-12.049636902834223
-10.94157738178407,-16.535864888451904,-11.388480087582156
-9.317857443971688,-11.264910949169801,-8.55681514912641
-3.0645233906673495,-5.5799964622240985,-2.940044662113326
-9.38637165018475,-12.057774215768964,-9.611526493994967
-12.672870606085707,-13.333335411056751,-12.548592782642496
-12.015337351756127,-11.802212059452973,-11.850161933791355
-12.78350810298444,-17.868477462431873,-13.126175563274431
-8.336529183668286,-11.491389218850166,-8.06346870563775
-11.59700686350515,-15.20362396428096,-11.809574307619537
-6.9660985389250465,-10.661231316530438,-7.207181457135947
-8.1270251133962,-7.547362904504363,-8.439610809469775
-8.44715213046796,-10.94616593466684,-8.628794332258899
-9.584047657947055,-13.030829611043856,-9.91557088350396
-9.030080905505187,-8.675073169015583,-8.899816784276195
-7.61593969250607,-12.620022858846998,-8.15325160815067
-8.767422418013425,-11.947836542884666,-9.051987982001352
-5.858491187969522,-10.708757687525518,-5.8743310929185375
-9.392983285664409,-14.11101070244386,-9.395691048755662
-2.0099114761975785,-6.084583952458205,-2.598059567062455
-10.283280460367571,-15.366527622495935,-10.11164299403031
-12.552672340327957,-18.032645121427688,-12.73201003656774
-4.318285316305629,-9.218460970120189,-4.5576253055932945
-10.446263844134076,-12.233117837968726,-10.483233044087369
-4.323254405085554,-10.512529309148432,-4.495833014244545
-9.69444482191285,-14.975359255145367,-9.706283891225073
-7.717487895151757,-14.11423413450699,-7.556928592550334
-8.869452548205281,-14.73380912431021,-9.738724737042824
-7.856437053933235,-12.700901811939,-8.0098613425805
-12.758030321395918,-11.216671248177576,-12.879864409227912
0.5926950066929774,-6.642637190300571,1.2273239909777254
-6.676481132670992,-15.782509790142823,-6.7769723167620235
-15.084864429570462,-11.74468977657601,-15.530113797366619
-9.030017091102701,-10.989004880734488,-8.66579703898417
-3.8128289391335404,-11.491825587164941,-3.9309476335178073
-12.207200580264955,-16.079137149295732,-12.652395511068548
0.4014505191700229,-9.504447978424317,0.8702216114464448
-15.628370077112075,-12.839339292451609,-15.881874457945738
-9.952058565470285,-10.583405443604688,-9.678480111269312
-14.414267446792987,-18.09927466762194,-14.701309163133685
-14.461585031780414,-15.358100381988688,-14.368673718443308
-5.552636934775882,-10.914019200205063,-5.327636531183529
-4.926744451679819,-6.87752971416001,-4.987620283645993
-8.613065155168302,-13.650572511146656,-8.476401935522484
-11.272573531231563,-13.597898662823606,-11.69033902452066
-7.210697544409843,-11.035298688346,-7.044638653080762
-8.823609330061386,-11.656130431263653,-8.723892762000514
-10.875487492671391,-14.502867040815909,-10.834118124770583
-5.136809965661727,-11.47932390268022,-5.076064366635741
-9.472717418075044,-11.366946648418072,-9.438097538839076
-7.999683356120872,-9.771179924414113,-7.940910923180829
-15.686740837360238,-15.14606134104252,-15.472528987572252
-16.42952532249609,-17.803079967088067,-16.55872992835633
-5.315209883673998,-7.254669809021623,-4.831159488947161
-9.519783682867565,-11.246813587102002,-9.701258034143965
-2.973401106971238,-10.61705013465023,-2.2103006052993344
-14.967557379489827,-14.512471389950994,-15.199531339682792
-9.670113243793402,-13.857009585595787,-9.398668862221715
-8.248210154054796,-11.02242943440532,-8.09742139908913
-13.836816297254055,-16.266523581009576,-13.558985804335565
-11.968846709266046,-13.524360920661863,-11.676022901992697
-11.274200905137285,-13.765224457101459,-11.055143825592848
-8.63487484491675,-10.950619141270694,-8.312297088862527
-11.230617356302446,-17.00742127954138,-11.58567222763788
-11.607193421765565,-12.51984660072037,-11.110709954382163
-9.613480672017845,-11.470346827397243,-9.461544474640666
-7.451816885294679,-11.388112199146207,-7.282125202299282
-11.093344868422129,-9.966680065373524,-10.855655977269137
-11.11662140385081,-13.563016904558305,-10.681808687997956
-12.105335611720607,-16.71246555979732,-12.048474124870848
-10.128502419501856,-13.030192059782477,-10.32073943223095
-14.705086002837408,-15.110170742234208,-14.965036512322152
-7.988702658118615,-11.915144158916268,-7.963722977546075
-13.542867469605996,-14.375374964084642,-13.396581992154163
-6.944679309558638,-10.173032612855641,-6.75840252425414
-5.565869698751599,-11.90064003103431,-5.577514540516918
-6.909385943045842,-6.348015918616849,-6.635182364976754
-10.517308582939172,-12.119076940125126,-10.060946615110089
-6.6506384810750125,-13.492716561331143,-7.06084027777367
-7.050664772210476,-9.44220170079059,-7.215260727749541
-12.16660140081469,-13.095005307720054,-11.977590044280985
-5.570004449527362,-15.099484715354867,-5.296831377614352
-1.595800062025965,-10.186429425518346,-2.0815263867775013
-7.920408147841198,-8.552471902583193,-7.715646317867075
-3.0357992641497527,-7.418639339627184,-2.855809264666072
-7.5024887970620595,-13.30759107136567,-7.346556395122839
-8.529116026877347,-10.26565359540543,-8.24314634363444
-0.38691799701300295,-11.201795216840013,0.19272301240835385
-2.9014310052059042,-5.722515435146303,-3.2499850169866797
-11.369434075951881,-13.108567749676787,-11.167475443357299
-11.620371616547201,-16.75585054849698,-12.110987346645622
-8.12802755210959,-12.196599834577318,-8.078767193163644
-8.365058624855202,-11.318150806968344,-8.56719759834658
-8.951425953682214,-12.786908019534906,-9.02032507275302
-0.39455906266477103,-6.682123493606106,-0.8994132227363699
-6.902542421491367,-12.584446907520755,-6.825932134567719
-6.424429021585885,-11.026773322248657,-6.131688714096641
-3.9380911944717445,-9.210014913045569,-4.1206977264487055
-13.84557245951633,-17.37193819983754,-14.022567309605549
-3.4797284603800094,-12.318646013364553,-3.0671619814040945
-15.404531244901705,-18.00900835713989,-15.678512397287717
-8.789783376584653,-11.244948017580969,-9.056211629765412
-11.840406734160235,-11.045554499121998,-11.549455578863865
-10.165479319124493,-13.060185363590884,-10.33156929908807
-3.5041180485687975,-15.689854280907086,-3.5819249956861205
0.0030862352103910107,-6.392156036314721,0.21719047121596385
-11.133112049250327,-11.069705289162634,-10.989810719522014
-11.581117711566227,-13.020730134437313,-11.660429186042402
-2.673330006021097,-10.865344680592155,-2.287379663577712
0.01531094321413006,-4.77659777169497,-0.0824626351666388
-3.1534467264752943,-12.759223634331587,-3.169828027685988
-7.553343940406107,-11.386705068455354,-7.554776553073821
-6.227398415034079,-11.902122060956668,-5.755797904630113
-6.691993919172453,-11.075256305538122,-6.559092104487332
-14.730242146303103,-14.434663365782978,-14.626874701243926
-8.458050071016704,-15.728005158049886,-8.709924379721691
-4.823129719489024,-8.670997908597721,-5.1008969370357935
-7.789879066008547,-14.173460002175347,-8.189570242213124
-5.24943628595395,-9.938871918119492,-5.269381574267869
-9.760785368266419,-8.173600931763914,-9.512034497981642
-8.63023747365588,-10.939676385471854,-8.267209294934457
-7.875998565367017,-11.120674850615137,-7.913087494248074
-6.291189530021762,-9.947979025485607,-6.482172985374925
-14.69537306260438,-17.629720599667262,-14.630917272199595
-14.766422779015402,-15.874517739309242,-14.539160470379041
-3.5039935786001712,-10.183277492202604,-3.620409027657734
-6.436359205981984,-13.438472911529312,-6.441567694551275
-6.796071804513156,-10.749412134679924,-7.096208033299012
-7.702947243640191,-8.310562930794328,-7.4121650496202856
-7.51110359288561,-11.654625030757488,-7.216003554608088
-11.916204543131926,-13.416465652136532,-12.030291522100065
-11.223699665346503,-13.619044559662218,-10.544019627773107
-2.5105255508585667,-10.23929383370668,-2.014495512573518
-7.679980703152193,-10.645526507309256,-7.921247405099565
-6.005041642877141,-10.375982385020118,-5.989370835076716
-13.273049133100638,-13.077085094818079,-13.74761230166197
-0.28589098226050513,-8.625297536303185,0.40922876907062694
-8.823877552741523,-11.91025007742512,-8.820521618936677
-18.56227287352154,-17.129435269678034,-18.555118457653027
-3.229575870042404,-7.632568652372574,-3.0916787470870117
-8.701474028936861,-15.188613199705532,-8.549511468423475
-10.493589430612984,-10.454488072353875,-10.223457696188307
-8.62277189741264,-14.417447818451956,-8.436544118957881
-16.590906892220524,-17.682565378962455,-16.8134805913395
-9.152949922489423,-15.302566233764763,-9.008605811572101
-9.4456298715457,-9.193362243798395,-9.839649620070032
-11.551721247171491,-10.744036640677038,-11.408912501201609
-3.8826369354846357,-8.093215705142777,-4.0387343707794034
-5.004191144117437,-9.053013064944787,-4.717680337104486
-6.337991973551768,-12.222114063917514,-6.125147363740541
-13.301286616384115,-15.031888195680306,-13.062034468406612
-8.893684993242038,-12.331606687657196,-8.773779929036538
-6.006908552188234,-11.14702576916035,-6.50319452886816
-2.685459477015874,-10.29938179843512,-2.184294263847457
-8.142962202340911,-8.637838658045242,-7.894095674809811
-5.464047857733301,-11.305170586459308,-5.375671199726972
-6.942627798260737,-12.391055563727836,-6.86736802232788
-4.230552284124514,-8.666752991584389,-4.509200506622832
-12.74953173580409,-14.515596128158652,-12.897660073659416
-12.522150816117806,-11.470615357407194,-11.803750999547256
-6.534198550795184,-7.954206320114544,-6.183813498421224
-11.456876990335742,-12.556885946021614,-11.437623456268891
-5.2619998478701016,-11.458312742773485,-5.650849624937528
-5.20580726537718,-6.984569377561046,-5.113494353039896
-7.398868384152039,-11.843543456927028,-7.362180599218966
-8.282489386923794,-13.278019153291803,-8.494875451099938
-13.88046142289171,-15.422962521834341,-14.458378806875734
-10.516131660405327,-12.801524619457323,-10.273216726055217
-0.042038477670830764,-7.4501640822434005,0.6064539551258783
-16.046057720589964,-17.46652921163066,-16.330846114163414
-11.32208872338235,-14.378513802279926,-11.535266519023565
-10.425315924078747,-9.526831527015498,-10.06553712842344
-12.837372015655193,-12.639235982957851,-12.557953961997876
-11.861627902783612,-12.40045221231694,-12.171777862169954
-11.729060908370297,-10.948713246656526,-11.738197447603723
-5.7200506489708225,-8.712752172274854,-5.582803196133179
2.150710575893435,-10.571177087436142,2.623986870764095
-6.841307991679474,-14.672803883004429,-7.152708017278483
-4.934507323291089,-10.154831604507416,-4.878797541592455
-13.029835536728594,-15.277664054038953,-12.810654041526464
-11.15220025335345,-15.3017799846936,-11.421038249180535
-3.8101454280711473,-8.25735421095066,-3.8441874383362813
-7.664500071437764,-8.816356849487438,-7.729328007160625
-10.90160944933438,-12.742312958117399,-10.41087171706409
-9.40329244990955,-11.706991700554967,-9.416925590862139
-14.34292572070545,-16.234269267297737,-14.447650975812
-5.697105776256923,-8.036026293687557,-5.625658169186169
-12.661294623365706,-12.781166866899952,-12.551933980859342
-6.994307587982207,-12.177810416052273,-7.2703765039788495
-1.7453807111430986,-4.225665294613805,-1.7872166530554379
-9.121724216924328,-16.107112363605452,-9.116846347648355
-10.98917936059312,-11.195198857394828,-10.583878319294918
-8.151509909667032,-11.918015098775117,-8.127260643935054
-5.596061543893809,-8.615918210712618,-5.650379966775329
-9.496406091779837,-10.526704702595541,-9.343651512533125
-10.30743820375622,-13.215922173674546,-10.23220668848202
-7.64131651127938,-11.448339119834143,-7.686339078466206
-4.209852957638229,-7.767667425514171,-5.029139449319706
-6.807306444316267,-10.50053050617243,-6.36228350277972
-8.682195004997292,-14.694733718610646,-8.436202583756772
-12.22505883179077,-14.808122877279022,-11.979166660039127
-12.428156464547513,-15.093050081256472,-12.139381552892186
-3.244324275139916,-8.918149661410522,-2.3265464443874033
-3.4848762547220202,-8.279046543232113,-4.151190561206969
-10.270127831477284,-10.930556421195378,-10.456743502470877
-10.55990086712307,-15.110933782075977,-9.915701575631596
-5.591999226431314,-14.605428807205225,-5.287337970168215
-10.87099533941228,-13.06388182648495,-11.274522101274965
-2.0953857867447305,-6.207541725263275,-2.025558200090466
-9.632806032513875,-9.898071163724872,-9.33182550919531
-3.9962850910035317,-12.741122542493002,-3.494929572521725
-15.006322002607533,-14.437205352170608,-14.409645680807804
-12.6135153836465,-13.008471145445181,-12.735905627333382
-6.246494713857541,-9.439405715727462,-6.253513717316325
-9.375779173840908,-10.954075038411574,-9.145525378989161
-7.1621406812000785,-7.48603621489148,-7.230466673366925
-8.661088314294092,-12.205410031584872,-8.49947209434805
-14.505774497999985,-14.934664844044006,-14.55019587943368
-8.921184467110226,-13.449379239309321,-8.458999916871884
-6.012830459596981,-14.689603733525976,-5.175034536376365
-11.040886237371414,-13.551265212027465,-11.209134976468139
-17.16447282972363,-20.46017588484411,-18.721908211969
-9.739649911294354,-11.828467158709222,-9.395956285505079
-6.665859348178564,-10.43303408616205,-6.875996592803421
-13.128954636233512,-17.711194721764645,-12.80769278405288
-12.620052318281617,-14.836255773299705,-12.950888797507845
-7.035573966441925,-9.69805303280504,-7.209700386099683
-15.452697641644725,-19.074132699001392,-15.321670655222901
-7.944263243469805,-13.976340527991367,-7.260116962176228
-8.329657766697666,-14.294993119633743,-8.456717584012345
-3.312636261589782,-11.826980248023084,-2.745511497150809
-12.164945754586899,-12.96006710519714,-12.132205019080745
-11.166351740409144,-13.07445656189379,-11.393741005774304
-4.2565183358396785,-11.074764025456643,-3.399885220190773
-12.749635473361602,-17.18393538655996,-12.69566833418551
-13.035766051694656,-16.523621247403227,-12.492311361128095
-5.789794430882272,-11.269861747638853,-5.621790256591573
-11.328615916551602,-13.639341103051807,-11.57452210211909
-1.593513872951772,-11.348058632504424,-2.3232295921575252
-8.011912246430748,-11.371594974429502,-7.783005715238226
-8.658078709455006,-12.289688614965053,-8.11390775755998
-8.494573561921554,-10.156507751865668,-8.23905366484934
-11.654240831094318,-11.220450263546502,-11.271363918035263
-7.958596213532421,-12.786672376885996,-8.1270605518923
-11.280375735917683,-14.834014118410558,-11.754158917553896
-7.787313709553061,-8.030780787007222,-8.145371004990475
-7.327012099695716,-12.91035750506407,-7.250713671431139
-11.13252060121251,-15.027517877904524,-11.235879636395946
-5.433955446333613,-9.817763930345778,-5.241660970027441
-8.541238755631648,-8.653265106550878,-8.596396375663288
-5.833983029381442,-10.98317891751349,-5.479520982683911
-7.212732625375152,-11.6684813306885,-7.32528365368685
-4.856407573602884,-10.63621101170341,-4.675004591447871
-12.587608067776882,-11.283304599752556,-12.485914624777168
-8.053446870806543,-10.435710057303783,-8.346801632991191
-5.436536858897391,-12.92017732296485,-5.023542618373127
-6.323867103899261,-7.077848073070899,-5.788049659110261
-10.637777849039804,-14.961094360826259,-10.527565635485265
-7.278905277928717,-10.478034746023758,-6.886726203320757
-9.519448060427184,-11.172850044482978,-9.140937422549055
-2.0614052472728996,-6.552685536576788,-2.1567932100542335
-8.76194822930119,-11.311446100450869,-8.343024843975442
-14.027457644778382,-18.76321946143203,-14.008566412003935
-8.124780718118352,-13.926135185023636,-8.497934346220395
-8.18962378566254,-14.210061284651447,-8.36820164485706
-6.104467418834232,-9.989668289750435,-6.1466506414835695
-5.374968764444195,-10.667539259110788,-5.4972136307073765
-10.197524217515602,-9.960728826501683,-10.458863302863506
-13.530883595537768,-11.755258914093593,-13.077421258385213
-11.90416612020879,-17.022046741156284,-12.09885955989701
-2.727911592855655,-11.67376032121268,-2.2957440741372293
-9.42877050834706,-14.302562924611992,-8.942841342704412
-7.578710748835962,-12.080671696370231,-7.087339046410367
-13.49011310984175,-15.919684465913608,-13.533226485432857
-12.7542391934957,-13.612683612949155,-12.591679981902606
-12.699322056004029,-15.568407902729883,-12.240272460721961
-4.772476506607105,-6.873843951047451,-4.571989844389188
-10.655900973481591,-14.461185432213512,-10.361422991540154
-10.316663762734068,-11.126665589727274,-10.085931083576021
-10.168476651976047,-11.827799624308064,-10.421212292904393
-12.586015625739467,-15.226570145432136,-12.87343729996211
-13.510244390130648,-15.093621706807685,-13.22821447791345
-8.033050172002332,-16.434100463440426,-8.07616591979239
-0.8855475212648917,-4.596950623325078,-0.4559612722993545
-9.968450860393906,-16.294999652207014,-10.099196954131461
-1.5247249466564274,-6.914042056143928,-1.6431364879679398
-7.693081511995551,-10.112414153136788,-7.453971418815529
-3.257463485275234,-8.536582142625884,-3.1159795584957344
-11.33097474112288,-18.467822830967116,-11.657185544047344
-6.0907157274887975,-8.37086334925597,-5.882498479190547
-11.488303754765989,-15.621925635716275,-11.496529309278053
-7.8625215674472155,-12.744212326728336,-8.190798122812078
-10.275422682848752,-14.967304204869901,-10.39903959128007
-5.473697514017435,-13.361975321779893,-5.421042134657089
-7.469468199497514,-12.843979336712048,-7.206333622611115
-9.069183799453587,-12.90046981301696,-8.801996164407393
-9.970937958503002,-13.130441325824423,-9.661721654078468
-11.86190235878235,-14.434607301672425,-11.696950336253133
-16.27091521757972,-12.924964683960606,-16.46185391610443
-12.671275257262954,-16.81086768276955,-12.714410244460524
-12.301588574837043,-13.099185247587236,-12.169827059231423
-8.406676161352946,-12.412271500516104,-8.03355286075192
-18.831906769748013,-17.85451874677201,-18.733706499975188
-10.009362535150292,-14.484310972670684,-9.847332805978276
-4.246148243051084,-11.753249843290913,-4.855332365489532
-12.056774183431564,-16.676178774311698,-12.336821881286774
-8.339551015941339,-14.794945620664413,-8.010061155481976
-8.42942503050189,-12.029998113686476,-8.414251169010932
-9.171322279736119,-15.072132034292359,-9.12804543680364
-10.870485204306124,-11.853778732212065,-11.043022468077098
-5.664725415574368,-8.390849713927675,-5.661367796186978
-11.301807529341053,-15.06336413428358,-10.877558513330039
-21.536423675701904,-17.46449833454744,-22.023641043816383
-5.2112416795122485,-9.776458502576336,-4.626761926747437
-8.380205215565894,-11.164989487052186,-8.273270031361577
-11.880713740149655,-11.101975341543374,-11.530483354768611
-10.947828129056415,-13.802076730706482,-11.007565673366178
-12.118250610996657,-14.043927222950328,-12.5890050720039
-10.126920466951326,-11.28341858620809,-10.19786371185175
-7.16750125266632,-11.37880813601956,-7.428971765575186
-5.09692038294523,-10.375823365518361,-5.613869755200725
-11.463170066600421,-11.831432485055776,-11.461411492412573
-7.559078307105334,-14.649350182367083,-7.2008050473148755
-14.143575253926898,-15.258972314740546,-14.264773092217514
-13.12498629582612,-17.793082982159078,-13.14909001434541
-9.866198334134358,-10.549581794004085,-9.71407991564498
-11.090716768764514,-12.725870163210207,-10.962381593181929
-8.932590500219568,-9.68421966191191,-9.242270569564921
-8.299092692178755,-14.016094308866242,-8.280549321448662
-9.950081678029449,-13.281745153506877,-9.497262571372815
-4.150947874946992,-13.431363150738006,-3.927183471132628
-5.760005560192389,-9.979446752530754,-6.032436323171117
-5.6401835950156185,-9.518961244326059,-5.833797286817422
-3.0980626550542643,-10.465300303809352,-3.5545464969888405
-0.558308391625526,-7.338469164750444,-0.36004454149005066
-14.471487802410024,-17.49257792596129,-14.492300474839602
0.2035678324177681,-10.197602808349213,0.5390385492389477
-11.106959713563018,-13.30647367280175,-11.226286742991697
-4.195825264807992,-10.989997141542979,-4.020598381621956
-5.823871238288465,-9.656395532941131,-5.903904528882547
-8.328029102280853,-14.403339275957235,-8.277492765029338
-8.168787708410186,-10.129190170002548,-8.21014375915752
-6.254491536668028,-11.362436152087078,-6.453158693415493
-12.355371705120838,-15.704617351924718,-11.5979823283587
-9.436165686306008,-13.721802926340045,-8.507068467588024
-9.479664944700772,-10.563746639520216,-9.639243450822995
-9.57092102289965,-13.170533471324722,-9.968365320037925
-4.682050474229678,-9.903956511410412,-4.911002665703123
-13.986016164849252,-18.008300513727153,-14.287129566720592
-13.122532458917512,-13.829541931640206,-13.345106831154123
-11.511235784814092,-14.7624717784444,-11.198882685495594
-8.345954198401753,-12.034417693412374,-8.119589935785513
-8.606126811776605,-13.31425011218512,-7.91749796240659
-12.731353386770277,-14.95746858646695,-12.519654492139711
-3.4660026793001255,-7.294236355780542,-3.3816741517108144
-9.932945722886299,-12.171149650192092,-10.192028934533806
-6.385648282505683,-9.826449828742842,-6.453634151559558
-4.643777189470794,-10.304582417841377,-4.420291322012817
-11.470423410688056,-13.645258267035867,-11.414952984021813
-14.247286339665662,-14.842273517594299,-13.913620062903506
-14.936563421197736,-14.78483975935314,-14.264714329383017
-5.526278547460702,-8.734826472647049,-5.389091360085378
-8.801406475627916,-16.595608664358206,-9.208451341262682
-10.249465552433168,-16.170941393261003,-10.442775515430013
-12.972293097332189,-17.990605213265177,-13.572470067006106
-4.686763669425088,-12.857998123477522,-4.216263085487355
-7.976517688483216,-12.538574226675843,-8.405798664021244
-13.911203870208746,-12.370850627693732,-14.139836121437236
-11.64431984804972,-14.810077581466347,-12.16255246213886
-9.880881846425538,-11.385814388179723,-10.06151895281311
-12.879019210886604,-15.950122844764616,-12.843943470660987
-12.73027841863989,-12.959751567368727,-12.049898018269477
-13.59931099258292,-11.322012995791699,-13.71865180862363
-11.584409273617302,-12.953596968946929,-11.779203930080413
-16.97686920403065,-14.852249600314456,-16.786786141690357
