ho_likelihood,hol_likelihood,std_likelihood
-1.3105247008121306,-1.318617382251475,-1.4616940022958762
-1.5662074406025925,-1.5366696998274825,-1.6541155071394709
0.21752050110649893,-0.12128625970989775,0.04538473256846153
0.5201512654651484,0.6793849567768955,0.9143690339391791
-1.2847388044335015,-1.3076207221385712,-1.3358543002678356
-0.7760810795278493,-1.767268414027873,-1.9369615095482395
0.3094660927676612,-0.2986121890052906,-0.14972477184801192
-1.3108827839156303,-1.0279826016855595,-1.0256181485432054
-2.0606790184233468,-2.0040072071020965,-2.1645425582162683
-1.4616644506597039,-0.8970944130136761,-0.8610761550832868
-0.6109826741052384,-1.2200081315133666,-1.2405870804314274
-0.01973633185661661,0.03205156719573134,0.3126738384445755
0.4123150622914328,0.274447802712523,0.8203572553923896
-1.0606907919163844,-1.363352641333719,-1.418669271356136
-1.1603915702101248,-1.340340317101356,-1.3366067188816964
-0.9805192226042064,-1.0307903963107876,-1.0158394016863401
-1.1960949314661888,-1.326474364851757,-1.315481833074222
-1.400504220450179,-0.9620455075034485,-0.9351175393221879
-1.8252052598537902,-2.036752544075234,-2.246039105093745
-0.358792993984513,-0.37708795259253935,-0.08581198086424308
-0.7844794562744315,-0.9609680442001044,-0.9420775609076164
-0.9120268437578994,-0.960063738573221,-0.938910167718929
-1.9990915201171657,-2.076789678460099,-2.2440743489209183
-1.0916633710349217,-1.013626675858102,-0.9870674060430903
-1.7956528667172007,-1.5960671334483,-1.6887447480105384
-1.0986122886681096,-1.0986122886681098,-1.0986122886681098
-1.996330570663882,-1.3375164652722193,-1.3777722376647936
-1.2245489598296109,-1.1066994887519415,-1.0481567742016713
-1.624522086033505,-1.5994556969075047,-1.7727275395632565
-2.9243328905389445,-2.077519852860219,-2.4560607884166066
-0.9939754972758785,-1.0016227011448193,-0.9875909850223127
-1.9215106339536931,-1.2271605973018571,-1.2531734475806062
-1.0986122886681096,-1.0986122886681098,-1.0986122886681098
-1.3862943611198906,-1.3862943611198906,-1.3862943611198906
-2.992843806847109,-1.586099522314206,-1.6598848118867044
0.04903729265618945,-0.5429585577139897,-0.3055958222806763
-1.0986122886681096,-1.0986122886681098,-1.0986122886681098
-1.4465762495938688,-1.3230700555806219,-1.3121042006582053
-2.2272945751343194,-1.5329266090044253,-1.5716581026336025
-0.5391599034041306,-0.8423230093503529,-0.7936621443416498
-3.4760192369181375,-2.2747425237127388,-2.4968409735782178
0.8853747368141234,0.30358249397791753,0.7653794192554206
-0.48466779393331455,-0.40526189123189055,-0.2504734991541279
-0.9614484695662457,-0.9471393673859138,-0.7003058330467343
-0.7857830736819532,-1.6266901174739605,-1.6770189551406005
-2.0224077751964176,-1.2375944337365599,-1.357718539964445
-1.0986122886681096,-1.0986122886681098,-1.0986122886681098
-0.22214042322632982,-0.11709922774998961,0.1780838038710311
-0.36080732072917054,-0.41208133821184817,-0.21429117858550145
-1.4336255682486123,-1.2225825843278653,-1.2462731532601528
-1.876214036212555,-1.1525104074638113,-1.1390862339325472
-0.14667554617934242,-0.25133309885657623,0.025740640854303134
-1.1780521271049715,-1.3263719072834752,-1.3153414900470164
-1.0986122886681096,-1.0986122886681098,-1.0986122886681098
-0.6991568658756387,-0.9487485198158138,-0.9257377373218884
-1.3862943611198906,-1.3862943611198906,-1.3862943611198906
-1.7439801003290936,-1.2790398803707994,-1.3099185873600465
-0.038495851979150876,-0.0643268226344965,0.19836271164970048
-1.1210450775045104,-1.7654918814793636,-1.8472523183453717
-1.766118573355138,-1.529216097626425,-1.6895371968250803
-1.6522267199987202,-0.7363734790940103,-0.6380560801327954
-0.06649364671033545,-0.06808011494832002,0.4260568842788225
-1.221839362283646,-1.3058568979683243,-1.2881300003239144
-0.9827397243932273,-1.2901012338367892,-1.315170475468924
-0.13076617017217013,-0.10221283105635268,0.32839374606197175
-1.2395101301534805,-1.797357338275029,-2.012610871250496
-1.6134354369704536,-1.2787730177476504,-1.25817155705337
0.9821375543912692,-0.36389785599318425,-0.2736320799800008
-1.1530757664528097,-1.0099185431346835,-0.9910756750261392
-1.3759384470199654,-1.5365618183729242,-1.558897545687561
-2.2589922318203315,-1.8300614206053787,-1.8880223787277202
-1.1909745624185375,-1.349960627977949,-1.346308958028797
-1.0986122886681096,-1.0986122886681098,-1.0986122886681098
-1.3328246359563736,-1.2763201041490266,-1.2576894775091387
-0.21168270558822028,-0.02895383045039061,0.18293990565847862
-2.707184218944374,-1.6592804097237883,-1.812566040933219
-1.3806098477660755,-1.0498679041160655,-1.0449350515220248
-2.3440327958389333,-1.2901012338367892,-1.315170475468924
-0.6508526924173371,-1.2916434978304558,-1.332244767668622
-1.0409811942819296,-1.030692555680361,-1.0267862392923608
-1.2954190943623145,-1.6686146378484745,-1.701338751245924
-1.3733133625664222,-1.320420817509487,-1.3486898572063848
-1.1461322244880598,-0.9478806519093211,-0.899844132076878
-0.7608038983222423,-0.23156010770264399,0.37151518353598767
-1.6026423734149304,-1.2541439957598775,-1.2250235451833986
-0.39240693440731866,-0.9206764461069161,-0.9821629959354485
-1.6829492199231335,-1.9538776790681331,-2.303016588761715
-1.9149242486576028,-1.9790253043952144,-2.106219938025396
-0.7810844065843253,-1.2451070621081153,-1.2745149087651875
-2.405502668617709,-1.5954686123102166,-1.6028525479207048
-1.2211998883937023,-1.314208702908545,-1.3032282486403817
-1.3862943611198906,-1.3862943611198906,-1.3862943611198906
-0.43539016163831146,-1.5848262359613758,-1.6296150604210091
-1.280764378641014,-1.3282694601360638,-1.3172232953665832
-1.6710873271707767,-0.7012105901139161,-0.6001646141046705
-0.9432044858143286,-0.9411198467295827,-0.901185831723219
-0.8117070263270327,-0.9860264044488465,-0.957820257584159
-1.8990376168149214,-1.867437565804312,-2.059944131719107
-1.367510981848661,-1.0161143463702391,-1.0009792430385025
-0.9440367415512726,-0.5962091251804593,-0.3489325596118224
-1.0429818541033362,-0.7977062601205754,-0.7290791982389383
-0.8386405657493429,-0.9801985462760052,-0.9450594126837228
-0.8401687610998344,-0.9999475393504017,-0.9857816996161837
-0.9185561973494354,-0.8935637530217004,-0.8457706054683106
-0.20721881606880035,-0.4847966588096509,-0.07970496519519167
-1.7877460205040425,-1.7894653895759098,-1.9919226118830093
-1.395339504409496,-1.324585839783694,-1.3133736547982808
-1.1704245948831902,-1.3250683421434986,-1.3140736281510685
-1.0464427394951112,-0.9697803052648946,-0.9364858220847606
-0.7888378076299914,-0.9907821323936438,-0.9490935459599801
-1.6989051441969671,-1.2606769602354044,-1.2370131152080726
-0.8325741143509459,-1.0770185764219036,-1.1265324263143432
-1.7446870451334633,-1.302030005938028,-1.470328679237856
-0.8467131220541487,-1.0064246493045343,-0.9919714344937067
0.9831249093038339,1.105493044463492,1.2978756730009606
-1.6804959405545432,-1.2892823559349311,-1.2666794884603316
-0.01004706605350393,-0.02722004392105357,-0.06554537027505143
-0.9795383994397926,-1.0456855491640455,-1.0449350515220248
-1.3862943611198906,-1.3862943611198906,-1.3862943611198906
-0.3540778741054189,-0.4570521949633919,-0.33107498240638694
-1.3862943611198906,-1.3862943611198906,-1.3862943611198906
0.03054222007198433,-0.2478396418823636,0.02149793588184464
-1.536894286947649,-0.6676481610149314,-0.4275682696241372
-1.3718262279743885,-1.327276408127339,-1.316371110943068
-0.8268752398877174,-0.2907108947196095,0.02371393611395285
-0.3608073207819881,-0.4120813384313903,-0.21429117858550187
-1.2099913937427302,-1.2943672438267233,-1.3207108519415838
-0.7243526649728316,-1.4118783379218887,-1.5505539342195345
-1.3551567366836315,-0.9324782212387752,-0.9094472710256929
-1.3090725136808357,-1.3054731697097306,-1.2881806531659026
-1.3862943611198906,-1.3862943611198906,-1.3862943611198906
-0.3265499098073229,-0.6985482864193261,-0.6147506608466371
-1.3862943611198906,-1.3862943611198906,-1.3862943611198906
-1.7612619036032642,-1.6798135896767858,-1.9331992756789875
-0.75816739153336,-0.37620241825404543,0.26005388820469955
-0.46692331135696086,-0.3844265251826355,-0.18984411632887635
-1.3810872050846317,-1.3232418015069152,-1.3038236783429855
-1.3943710856008618,-1.0152316983391503,-0.9354847549630716
-1.814578800278898,-1.716795594314629,-1.861518358000648
-1.0986122886681096,-1.0986122886681098,-1.0986122886681098
-2.1302934624268697,-1.321302039320298,-1.3397262124745877
0.4484112438216461,-0.32934347496984256,-0.02211083527458435
-1.2261657436912874,-1.0850073353602139,-1.0257592582611967
-1.2145532671865003,-1.2158001049750935,-1.1854740850843863
-1.1870143711127783,-1.315285435694353,-1.3067453233800395
-2.462398392684344,-2.5718735681595617,-2.7827927836508604
-1.0986122886681096,-1.0986122886681098,-1.0986122886681098
-1.6063746197302369,-1.5984032388664056,-1.6414837412226781
-1.7244246529457672,-1.5371988585499767,-1.6861182757259612
-1.0986122886681096,-1.0986122886681098,-1.0986122886681098
-1.4646206941799356,-1.262674851032179,-1.239041438657198
-0.9258849376683354,-1.017232218002838,-1.0019412031286914
-1.6596226784528503,-1.6893962039549424,-1.7840985080546115
-2.158154049529903,-2.042976292855474,-2.1605633903099295
-1.4734244873124005,-1.345901081808333,-1.3472542473727893
1.0541920395383426,0.32512408851037783,0.6553087978917045
-1.3862943611198906,-1.3862943611198906,-1.3862943611198906
-1.3317597183738343,-1.3155778281175088,-1.3052780806091806
-1.0660605452565373,-1.5138359402882249,-1.6449023309793018
-1.3461621170743883,-1.1859548362430319,-1.173430478572282
-1.2003847185597867,-1.315268690668648,-1.2951346297456867
-2.5349221977422083,-1.4907499416683316,-1.5254392768928577
-0.10299898085672454,-0.21939988003148939,0.0577839612495615
-1.3876435336879782,-1.2579825604640165,-1.312307488763032
0.5749485015500809,0.6759579109379974,0.8274398484016998
-1.532615352179177,-1.2473745320485607,-1.2173142152747634
-1.1893387633561763,-1.2583668798827,-1.2364099404950508
-2.6683403137583777,-1.6240114354691633,-1.6922907655692767
-0.7723844032763258,-1.540314229929426,-1.5699956262745323
-1.1989877764174461,-1.3132233359808454,-1.302887194055526
-1.601937310828881,-1.9878551001106861,-2.108264814742949
-0.9822801143845542,-0.9820717226439251,-0.9484940149830267
-1.0986122886681096,-1.0986122886681098,-1.0986122886681098
-1.8474651071259989,-2.1049646977552054,-2.3693194869856455
-3.518439336381319,-2.268547976492788,-2.619696474422223
-1.3862943611198906,-1.3862943611198906,-1.3862943611198906
-1.2769727918852156,-1.3487078370221615,-1.3472542473727893
-1.678006587407534,-1.702702892552052,-1.7980657949246122
-1.0232037794331144,-1.2331761415246054,-1.1935353478883624
-0.7230351416964347,-1.4362718553982528,-1.4266604425556537
-1.3862943611198906,-1.3862943611198906,-1.3862943611198906
-1.0661567423285532,-1.0035618140295948,-0.9782089092821887
-1.2348767414451376,-0.9917544713238893,-0.9667847683365393
-0.36080732057520337,-0.4120813383043218,-0.21429117858550173
-1.6565038992399121,-1.5992335488269707,-1.7724860982149222
-1.0986122886681096,-1.0986122886681098,-1.0986122886681098
-2.2589822797955126,-1.1510729611589154,-1.1602675843443364
-1.0986122886681096,-1.0986122886681098,-1.0986122886681098
-1.7476975373466315,-1.2653262074035525,-1.2470125647173942
-0.5539661289549838,-1.6021030681588444,-1.6467220556737354
-1.3238000838801913,-1.3246808505084233,-1.3133244465004996
-1.0926174204806174,-0.8069393920131656,-0.7455718867600899
-0.8520289591064424,-0.9181429520998592,-0.9954922107964448
-1.480370400807019,-1.28403599358755,-1.2613883890799371
-0.42715011409175707,-0.45480467020400384,-0.2863636407556732
-1.3862943611198906,-1.3862943611198906,-1.3862943611198906
0.002832310799350161,-0.16752125948340255,0.05812692800037863
-2.065013028195597,-1.7639144881815543,-1.974899195952106
-2.120277644435787,-2.060348628387777,-2.176187852747587
-1.483273257532529,-1.3179625361693945,-1.307398680253784
-0.9750210229869282,-1.0462661455453384,-1.0409582374591697
-1.3862943611198906,-1.3862943611198906,-1.3862943611198906
-1.116799283295422,-1.031697489054548,-1.020393322280883
-1.2847947467309653,-1.1965481342234796,-1.1555722080190522
-1.7080908619138728,-1.7709973787310231,-1.9328797779418503
-1.195059984972396,-0.9874611188665574,-0.9672420608888356
-1.1791928522214186,-1.3030654072351708,-1.2826018557213263
-0.39367230883869075,-0.12627070179320365,0.18666545500257165
-2.010806235187675,-2.1232292886861086,-2.2619375789624017
-0.07506904144644057,-0.08398573072409049,0.23361393631969932
-1.0986122886681096,-1.0986122886681098,-1.0986122886681098
-1.4474830078363374,-1.3189342988372639,-1.3000185074567638
-1.1305507162093882,-1.232310158099363,-1.1878166514233228
-1.2348767414451376,-0.9917544713238893,-0.9667847683365393
-0.001457919458384736,-0.02363253108594725,0.2423982729110484
-1.6781419665356543,-1.6825885571721453,-2.0918237188401148
-1.3862943611198906,-1.3862943611198906,-1.3862943611198906
-1.43913569529369,-1.9784523847791962,-2.203420739528121
-1.1048784008157526,-0.8840380427369534,-0.791463974010843
-1.288419649447958,-0.9898572853880466,-0.9654616212181074
-1.2048347434612,-1.3072404152256734,-1.2890884167626353
-1.7558651090333544,-1.7314929874576985,-1.8291280430271921
0.16099104775481393,0.06568878230746429,0.6693581797626637
-0.27676074724798744,0.08539703999569405,0.3732398998386506
-1.477378231069661,-2.20671574361728,-2.4607150517280063
0.5052075815634116,0.008217285671496922,0.21410980297948104
-2.594453732896274,-2.541450423737225,-2.8482898714685843
-1.7553281184551048,-1.4747206081672857,-1.5964952188660808
-1.4157270655297571,-1.3266655786671664,-1.3153233327459988
-2.8421692927506896,-1.5474277602333608,-1.714746573421453
-1.1841703356879658,-1.2370312648281996,-1.2120597293427608
-1.2993009150534796,-1.0046332783001535,-0.9905978552320537
-1.797513850390157,-1.7831675686991482,-1.9291082123556769
-2.5126994070352833,-1.3657994534782423,-1.4221789942519512
-1.395339504409496,-1.324585839783694,-1.3133736547982808
-1.6992799230600275,-1.5306498430843531,-1.6892155297257125
-1.4575519691423973,-1.1267678204158063,-1.1806392548705795
-0.9687708682064712,-1.0182900501535468,-1.0028190139690354
-0.8151829326281693,-1.013626675858102,-0.9870674060430903
-1.184774426840995,-0.9158773309036597,-0.884409815816136
-1.7725834145292576,-1.978245943074587,-2.186247597412313
-0.23087445072110127,-0.17514208274699847,0.11942043321061903
-0.27180155100396225,-1.2328798038782631,-1.2479906522259412
-0.9770475826350732,-1.0460369469988537,-1.0449350515220248
-1.1873166373677604,-1.3212827427927534,-1.3134544277149551
-1.0986122886681096,-1.0986122886681098,-1.0986122886681098
-1.3566064563780567,-1.0369372512740405,-0.97727280379623
-0.8883739997373193,-0.08035568791617044,0.5548921426814968
-1.7158282566456609,-1.7736098482205307,-1.9092894685874564
-1.192397880850398,-1.2966168942259375,-1.2810961698017789
-1.0986122886681096,-1.0986122886681098,-1.0986122886681098
-1.8758280720018434,-2.050987232882589,-2.2347187051055184
-1.1514551300119142,-1.150068740907401,-1.1272865496719136
-1.8445051235758219,-1.753194153804518,-1.8554063908790852
-0.49363204284991835,-0.704223316093765,-0.6077945851948187
-1.2072891865550435,-0.9702597452329668,-0.9524649212108232
-0.5626234581913966,-1.5875507918691654,-1.623276985740423
-1.5662074405348771,-1.5366696998532854,-1.654115507139471
-1.1123916450505154,-1.2522303543494506,-1.240098566574695
-1.9520961831215469,-1.7662265195246973,-1.953203915566176
0.7742456379936992,0.6110492824296294,0.8683968948098431
-2.1944994521544308,-1.5044888841353599,-1.6185134611392944
-1.8720003482121765,-1.8194432954749546,-1.969671993960201
-2.640477783513411,-2.3824620824317138,-2.649086922484653
-0.8158870763671348,-1.0276173245962525,-1.0305067077630357
-1.4222373180764158,-0.9494072879275957,-0.9289812915508678
-1.4622867630888647,-1.532100307055993,-1.6946679155614828
-1.150563895661955,-1.2517119687984783,-1.2282444257101575
-1.3311115173732917,-1.4538437477567836,-1.528588683240818
0.08114324928609891,-0.1770630142446601,0.11770385476006189
0.139782204721307,0.3806796445040587,0.4740577492179055
-1.7543875836298066,-1.6955590027183711,-1.7967896363352156
-1.2122030031899824,-1.3379582324717856,-1.3363910677495232
-1.012583116599391,-1.2309400277352784,-1.2068255839752353
-2.033248028577235,-1.800399819085428,-1.8882745826236251
-1.0986122886681096,-1.0986122886681098,-1.0986122886681098
-1.0497747323463438,-1.5036921572033897,-1.5979368543889598
-1.3372935774212038,-1.1425650203089859,-1.1053231102458017
-1.0986122886681096,-1.0986122886681098,-1.0986122886681098
-1.0986122886681096,-1.0986122886681098,-1.0986122886681098
-1.3862943611198906,-1.3862943611198906,-1.3862943611198906
-0.9427504730647396,-1.0109241908593207,-0.9951433827299019
-1.4155372236085844,-1.289966570660392,-1.2784127345474565
-1.7244548971936098,-1.711685360304714,-1.7924189023588604
-1.418749983494708,-1.0376031554707872,-1.0291800826081632
-1.0986122886681096,-1.0986122886681098,-1.0986122886681098
-0.5572279490714783,-1.4750531580121824,-1.4926737501667142
-1.229233707186547,-0.9374619392966956,-0.9154135269976337
-0.9696341270400305,-1.3629212790303598,-1.4180655960655475
-1.0907561313696699,-1.0046332783001535,-0.9905978552320537
-2.221200188737149,-2.1974186451105324,-2.302466029389453
-0.3127578470248354,-0.613274833529355,-0.4065051415313277
-1.7244548971936098,-1.711685360304714,-1.7924189023588604
-1.5641363078191708,-1.4830764145127437,-1.477796629325974
-1.8337320128746404,-1.208735957143261,-0.9389812824573666
0.02854596068161313,-0.18338322463469467,0.1653594862047642
-0.9385335314381642,-1.2061762692848017,-1.1713898280031596
-1.8560344555144495,-1.3637141466281482,-1.4191529969087249
-1.0483523292185053,-0.890683199798526,-0.8564942688147159
-1.0986122886681096,-1.0986122886681098,-1.0986122886681098
-1.2409690615636602,-1.4366334808544585,-1.5661980376013067
-1.291269671997183,-1.3095113212140348,-1.3014266582083207
-1.0986122886681096,-1.0986122886681098,-1.0986122886681098
-1.4423859507401964,-1.2864306487781252,-1.2600049813445142
-0.8333194788754028,-0.9820717226439251,-0.9484940149830267
-0.2158882690662056,-0.3657385785024233,-0.11208458049204464
0.6986391404602187,0.6021625910362397,0.8017277650443583
-2.121116573895807,-1.944728995002246,-2.0895033074864195
-1.0742785172292866,-0.6835184022514901,-0.21407992156644465
-2.6328960786684594,-1.580425936965762,-1.624400919019468
-1.0484859707740233,-0.5192421801544248,0.08383311108420674
-3.084824702591329,-1.7559544628491495,-1.8747650062697654
-2.3907378669095087,-1.791995042923655,-1.874328335631135
-1.0986122886681096,-1.0986122886681098,-1.0986122886681098
-0.36080732064716375,-0.4120813384048202,-0.21429117858550187
-2.9661483345199655,-1.4695898871673625,-1.4605237480062234
-1.3862943611198906,-1.3862943611198906,-1.3862943611198906
-1.904664162774042,-1.805611766480533,-2.0751868805418603
-0.8575729764634217,-0.3393456713331343,-0.15206800992066064
-1.0193250096794824,-1.0119232089764492,-0.982906983452053
-1.317290893894029,-1.7987891253549708,-1.9085491735721283
-1.3577071153368285,-1.4371332304020934,-1.4875974451780263
-1.0986122886681096,-1.0986122886681098,-1.0986122886681098
-1.857562238527101,-1.5611933970548706,-1.7480987099720524
0.7404314121253337,0.7296040649222971,0.9789651289038559
-0.8636708859879066,-0.4833063631430205,-0.03929607963511899
-1.3862943611198906,-1.3862943611198906,-1.3862943611198906
-1.5376378546346654,-1.2424373993407913,-1.219725962986104
-1.3862943611198906,-1.3862943611198906,-1.3862943611198906
-1.3862943611198906,-1.3862943611198906,-1.3862943611198906
-1.7443923079238615,-0.647702439371921,-0.40373744255352584
-2.76919705898205,-1.58918779012296,-1.6333518624176742
-1.131926907314179,-1.890956598653612,-2.1832677106976885
-1.3862943611198906,-1.3862943611198906,-1.3862943611198906
-0.256630262189295,-0.4389803585338522,-0.29600339912127044
-0.8110628177843199,-0.7748173054435002,-0.7549972874037755
-1.0132496365486712,-1.006424649293381,-0.9919714344937067
0.10450916223899427,0.285017797953535,0.7303497486582002
-2.1946447516855674,-1.603453273893583,-1.6534549487918464
-1.221395476783073,-1.535260095157039,-1.6874339033178916
-0.19252666892640966,-1.489112062425364,-1.5339860617191954
-0.666231938920105,-0.9945924167178773,-0.9882123223880073
-1.154588366593151,-0.9649727876418489,-0.9423762316062224
-3.013994922480084,-2.030594326740091,-2.311474812139346
-1.0624228451666788,-1.4905031854859185,-1.5012401494711107
-0.21175803815908714,-0.462178988784614,-0.21705734141542066
-1.2193092607604012,-0.859817569263232,-0.7930797278424018
-1.684368439003237,-1.0707003465089093,-1.0792324762115286
-1.2175364415577195,-0.6752338517863946,-0.6062665824779563
-1.7969329115485078,-1.5543006936744752,-1.5568290307108263
-1.0986122886681096,-1.0986122886681098,-1.0986122886681098
-1.9881255031622513,-2.0405137908773163,-2.285362667949324
-1.6486193274500147,-1.3373342963464987,-1.3283393896065865
-1.7923665037400072,-1.586144103682602,-1.713091991792368
-1.3862943611198906,-1.3862943611198906,-1.3862943611198906
-1.3095058822103676,-1.237627363680862,-1.2229776152306382
-0.9747467772332431,-0.9168233236756679,-0.8838125757847529
-1.237490754604402,-1.3313936757264957,-1.3211480757729255
-1.1653485927580083,-1.2227560041134908,-1.291332128064409
-1.7219961579073677,-1.6693830493884165,-1.7533223448614184
-1.83147678841633,-1.4611249038623186,-1.4472914758461124
-1.143266360004743,-1.171942102791093,-1.271186591772336
0.20713216032939114,0.14721057074019595,0.5762276546404349
-2.44854825045655,-2.409660182223573,-2.6856585014242054
-2.696822725139413,-1.582564486525519,-1.6273768878731771
-1.6939190800619615,-1.584890266221259,-1.7440435988331286
-0.8848485462190101,-1.328812984296304,-1.4887212806654335
-1.0328450422066744,-0.9065318735816619,-0.8468732410631591
-2.7985321604321336,-1.6752906778694872,-1.7790485265830018
-2.0687490714840946,-1.5305769452450555,-1.5555482953739592
-0.827346125518333,-1.0182900501535466,-1.0028190139690354
-1.5758480014921643,-1.3305061120584296,-1.3201074191365822
-1.3169355659063604,-1.3484061207055997,-1.3464461972465729
-1.5472237153214412,-1.4383361800267407,-1.5427695676319992
-1.1244361545203987,-0.9285746829055922,-0.8949680476012642
-1.7518925687421711,-1.2641524601307477,-1.2433317547866325
-1.513520057102802,-1.270753855604546,-1.2448996575914697
-1.3862943611198906,-1.3862943611198906,-1.3862943611198906
-1.2211998883937023,-1.314208702908545,-1.3032282486403814
-1.34338539566528,-1.3357919119979245,-1.3329142405512313
-1.0986122886681096,-1.0986122886681098,-1.0986122886681098
-1.3760451088426673,-1.3489634052312107,-1.3851690428259817
-1.5201298249920583,-1.492822701606195,-1.6260568452786133
-0.39211000350138286,-1.4463425752429637,-1.449968383380503
-1.219253726769608,-0.8586036289143821,-0.7435166445066824
-1.0986122886681096,-1.0986122886681098,-1.0986122886681098
-1.0986122886681096,-1.0986122886681098,-1.0986122886681098
-1.0986122886681096,-1.0986122886681098,-1.0986122886681098
-1.0986122886681096,-1.0986122886681098,-1.0986122886681098
-0.52393671915296,-0.8724302438736838,-0.818521915891831
-1.3862943611198906,-1.3862943611198906,-1.3862943611198906
-0.9409187724578555,-1.2625944155253164,-1.2233396578115368
-1.0986122886681096,-1.0986122886681098,-1.0986122886681098
-0.7401947210719905,-0.9426718145074806,-0.9117361402948546
0.3185228032949101,-0.13753243617791844,0.028972573567495358
-1.1797155950217533,-1.0119232089764492,-0.982906983452053
-0.9155132641156167,-0.9586129153199014,-0.9377601511708924
-1.5819828123863235,-1.3381743604623508,-1.3320543167364336
-2.6605763221608174,-1.7176836418025114,-1.8349553470784323
-1.8094939093855609,-1.821834195833466,-2.1075890144863747
-1.8231651006478298,-1.6118515711983181,-1.9156520896736748
-1.644245919643705,-1.5624330368858201,-1.6557743378605112
-1.8235727221399776,-1.5970277997980722,-1.7779364655215983
-1.207388067867795,-0.8626222549946276,-0.8019842390066275
-1.312844645257767,-1.2822787082941103,-1.2671427081619657
-1.7260389441739417,-1.668039159954652,-1.7350028838971892
-1.0264462266012546,-1.0431844434494475,-1.0409582374591697
0.12463298983965183,-0.013234269739257848,0.5326751829406087
-0.7085386353597312,-0.32356994410014817,-0.12949762847193802
-1.7246047857623026,-1.3521695400857308,-1.465713843735366
-1.6637967488787895,-1.6594361943471443,-1.716862791639934
-1.0132496365149615,-1.0064246493227034,-0.9919714344937067
-1.0986122886681096,-1.0986122886681098,-1.0986122886681098
-1.739702281230894,-1.2471735806039637,-1.2690347232236416
-0.17162698955599814,-0.2603208262954162,0.010832738994279925
-1.2559977113406264,-1.1635304387141103,-1.1129182152699755
-1.2574337215187197,-1.2383488095817585,-1.2124643181154957
-1.1015245796792759,-0.7051905816818983,-0.5532175041295878
-1.3862943611198906,-1.3862943611198906,-1.3862943611198906
-1.3687830445595386,-1.6088254944190317,-1.6616578545157572
0.07733128472852946,-0.26647660868868994,-0.016356754314934288
-0.3214716845917263,-0.31326743289712455,-0.05816950579539469
-1.3862943611198906,-1.3862943611198906,-1.3862943611198906
-1.0135712449955798,-0.9129640510131765,-0.8689072856068883
-1.0986122886681096,-1.0986122886681098,-1.0986122886681098
0.3426527961488741,0.7716234321470021,1.0988231969723998
-1.2982736242100372,-1.3289180715745643,-1.3076675129097872
-2.103627390459997,-2.028378363609819,-2.210999329206495
-0.7525521489416268,-1.4814555158290716,-1.4949709213482707
-1.3862943611198906,-1.3862943611198906,-1.3862943611198906
-1.523275633426494,-0.6720184540703122,-0.2793910716564992
-1.475265548483862,-1.8019515576936964,-2.0157729084119733
-1.1873283172209663,-1.3365326961287807,-1.3282111562669507
-1.4493396719298384,-1.4925278155941568,-1.4994895601623064
-1.079274550492689,-1.0191214268905475,-1.0042508880761085
-1.429759652293772,-0.8343453883435719,-0.7796768640886973
-1.8238719180026193,-1.6835957096420737,-1.7791804582967077
-1.9904785974915793,-1.6779984659209475,-1.6892731774147158
-1.3862943611198906,-1.3862943611198906,-1.3862943611198906
-0.8681908649422786,-0.9500937641182609,-0.9222469889835184
-2.3424504150249867,-1.308386453867733,-1.3494862671902483
-2.070798079281479,-2.0628470615854946,-2.235278531320819
-1.0986122886681096,-1.0986122886681098,-1.0986122886681098
-1.0986122886681096,-1.0986122886681098,-1.0986122886681098
-0.5389932966094381,-0.8444313894583069,-0.8040934246939504
-1.0772183762842378,-1.2418579732748212,-1.2797072728290448
-1.0986122886681096,-1.0986122886681098,-1.0986122886681098
-1.990409124074251,-2.4827077240533786,-2.8658991746207727
-0.7155435846130292,-1.565093121068996,-1.5967282893573587
-2.503383744932953,-2.667021455252175,-2.869155976795581
-1.678695379823985,-1.6971167842336494,-1.7624011716519687
-0.721741764933907,-1.1555613037481263,-1.1642197918195765
-1.3862943611198906,-1.3862943611198906,-1.3862943611198906
-1.5253385414095346,-1.6501226677549294,-1.8317294991071986
-0.8972714418608717,-1.0379514289411804,-1.0317978923002469
-1.508130853676268,-1.4914219058260612,-1.607001181053309
-1.5244599497030196,-1.2805938320632262,-1.2490951602763884
-1.0986122886681096,-1.0986122886681098,-1.0986122886681098
-1.2993009150534796,-1.0046332783001535,-0.9905978552320537
-1.201103448872431,-1.3484061207055997,-1.3464461972465729
-1.204526063045371,-1.327813824498675,-1.3023845469014177
-1.8593275663625457,-1.3074614865566174,-1.3477460601449247
-1.0132496365486712,-1.006424649293381,-0.9919714344937067
-1.1263340714980659,-1.2495974154543716,-1.2263534881315614
-1.5297192895673632,-1.3264146765521416,-1.3153795175135774
-1.940571271839211,-1.9021497991277783,-2.233061833180803
-0.8158870763671348,-1.0276173245962525,-1.0305067077630357
-1.0986122886681096,-1.0986122886681098,-1.0986122886681098
-1.4940286735991315,-1.6975256125911522,-1.7902915542889382
-1.3862943611198906,-1.3862943611198906,-1.3862943611198906
-1.0132496363358923,-1.0064246492958422,-0.9919714344937067
-1.5246203991227183,-1.3164257063420233,-1.3060874818925003
-1.0986122886681096,-1.0986122886681098,-1.0986122886681098
-1.862646818485241,-1.7713451723175317,-1.9051518183543585
-0.7776967100942909,-0.8826068885898549,-0.8475633868519066
-1.3075438171066647,-1.2546359094270882,-1.2315121415159196
-1.3573628548761927,-0.8831934857957807,-0.8566434620653628
-0.8210683222625713,-1.017910122617731,-1.0028748263787555
-1.3029750802278026,-1.3381743604623508,-1.3320543167364336
-0.051078057067033264,0.10620229294326665,0.3401962924127088
-1.3862943611198906,-1.3862943611198906,-1.3862943611198906
-2.5469755715734808,-1.4066612859990786,-1.39458911938682
-0.7843907914435032,-1.1628294713508291,-1.106079488073431
-0.9526900998943726,-0.9132139898296628,-0.8789646292681328
-0.020955699022384314,0.00443271745017599,0.2355173604496282
-1.0986122886681096,-1.0986122886681098,-1.0986122886681098
-1.755865109003136,-1.7314929874398468,-1.8291280430271921
-0.7493540080511367,-0.6789999603935601,-0.5257922423913461
-1.1403260081846487,-0.943863207385089,-0.9256571860887128
-1.5209237063349983,-1.1161870619547387,-0.7698118339942015
-0.9185628716667218,-1.259051046972625,-1.2367816384745494
-1.3862943611198906,-1.3862943611198906,-1.3862943611198906
-1.6175912654894649,-1.535143375058813,-1.6912546967015067
-1.8326370646509234,-1.7957958818585804,-1.954803425587039
-0.9433906115762772,-0.9165660022802609,-0.8884955776995827
-1.4285702475475643,-1.315399588421346,-1.2966804700992187
-1.601736429635184,-1.9358138783853984,-2.090200647621934
-0.7583082685545555,-1.2613599779358855,-1.285926788105608
-1.3862943611198906,-1.3862943611198906,-1.3862943611198906
-1.340377683581691,-1.1676549921248733,-1.129091746449999
0.2546467388551582,0.3505100031287014,0.8097442026887959
-1.421730552386698,-0.9699289123341062,-0.6823174422551597
-0.8958202310339586,-0.8790219669626163,-0.8178829137089815
-0.22958495367132278,0.14321570534345657,0.3447890011288548
-1.523268617803338,-1.483450619484364,-1.598594613916312
-0.7608038983222423,-0.23156010770264399,0.37151518353598767
-1.4120538869313524,-1.0166620678635536,-1.0017366237912269
-1.1428160168700938,-1.2839443017340917,-1.2612641813954732
-1.2035635234309312,-1.3179625361711966,-1.307398680253784
-1.4532013433954014,-1.4649363049141362,-1.6239497407391563
-1.221839362283646,-1.3058568979683243,-1.2881300003239144
-1.2035635233735351,-1.3179625361908678,-1.307398680253784
-1.7934092214791482,-1.2800189250423777,-1.2563503640445841
-0.7676496110810143,-0.604113336836986,-0.4258435230005972
-0.8333194788754028,-0.9820717226439251,-0.9484940149830267
0.2923681831012223,0.0946704736818864,0.6553727918451168
0.5324751270434092,0.3847304162609157,0.9411489263079603
-1.250335605607142,-1.2830955912421846,-1.2601646655248762
-1.3862943611198906,-1.3862943611198906,-1.3862943611198906
-1.0916633710349217,-1.013626675858102,-0.9870674060430903
-1.483273257532529,-1.3179625361693945,-1.307398680253784
-1.3370055837337829,-0.5736356219729816,-0.49817956600684693
-1.903785593028703,-1.7424519483773948,-1.8797507426365938
-1.0986122886681096,-1.0986122886681098,-1.0986122886681098
-1.4779385883213154,-0.9323263734760514,-0.9043906153943349
-1.1534351417475543,-1.003166853165643,-0.9890632768759102
-1.1660357429437036,-0.8995171123453146,-0.8679559764945527
-0.5259748139676158,-0.539689480969399,-0.3821612791432209
-1.2731577023755256,-1.2989607836465913,-1.2825685107975968
-1.6354861330469321,-1.340889993251897,-1.33467736523531
-1.2058564704115917,-0.914653784254148,-0.8586579761520085
-1.348902807018544,-0.9012607167146757,-0.8693081369312806
-1.2249018293935499,-1.2379344339109302,-1.2071097717779733
-0.7638799112759297,-0.9301607274880739,-0.8970151546757367
-1.5125008504495272,-1.4334826154643974,-1.4466324953021397
-1.0132496363358923,-1.0064246492958422,-0.9919714344937067
-0.8680709741187336,-0.9519869419291505,-0.9314253774706641
-1.2035635234309312,-1.3179625361711966,-1.307398680253784
-0.4991908236677278,-0.20701956610425598,-0.007996073062991119
-0.844470469520101,-1.5281848934202409,-1.6588794028851475
-0.20285692329066077,0.01210963508109106,0.2763652770159103
-1.0986122886681096,-1.0986122886681098,-1.0986122886681098
-1.1607576847910637,-1.0312288501175293,-1.0167952039503065
-0.9566899250200913,-1.2676964234481989,-1.3104400892070742
0.9749334284914579,1.0648044497473523,1.255048678551219
-1.4581359363574953,-1.337949225720156,-1.327930639352088
-0.8531702694871769,-0.8058686685834433,-0.7998675399622226
-0.7084003043041982,-1.335989568545478,-1.4208427294354122
-1.5297192895673632,-1.3264146765521416,-1.3153795175135774
-1.044674827521564,-1.0337536231271338,-1.0201983698458361
-1.0986122886681096,-1.0986122886681098,-1.0986122886681098
-1.3862943611198906,-1.3862943611198906,-1.3862943611198906
-1.4259683888221035,-1.2446167674549689,-1.2217411863422682
-1.5077315363960608,-1.5983830588486463,-1.6847610912118693
-1.2527209525645397,-1.1650698935052743,-1.1017184992561153
-2.0242953140556232,-2.0393321856929627,-2.216232179695691
-1.995307717927858,-1.873174536497989,-2.080797500236168
-1.2706674732253749,-1.31502008065684,-1.3457353258709535
-1.3862943611198906,-1.3862943611198906,-1.3862943611198906
-1.785960824533332,-1.7900373950364306,-1.9593225249548558
-1.3900816998963808,-1.2171379433101701,-1.185881888759599
-1.3183985001186158,-1.4555718093555268,-1.491712430535255
-1.6300983439775465,-1.3254698571525623,-1.3145315576365768
-1.2186436137550485,-1.2770240224638134,-1.2570210548783953
-1.35480742675995,-1.2974511238762876,-1.2904481328473538
-1.1785218291421464,-1.2176206683650155,-1.1846105303021526
-1.0986122886681096,-1.0986122886681098,-1.0986122886681098
-1.6086770470341294,-1.684249913779152,-1.9749552338107836
-2.209597555625614,-2.154332771755245,-2.4706564475303523
0.856532012569902,-0.16107594991292495,0.1758704017677138
-2.196170468759851,-1.2725793525225597,-1.3263547557256972
-1.1274150564895176,-1.143778874060759,-1.035405359708577
-1.2236372532003146,-1.274988160465795,-1.2616925060667188
-1.5452830035919853,-1.2826572857617913,-1.3229222906883251
-0.11853241643257387,-0.1571408644724013,0.06972672353663581
0.02996046456762791,0.05780405543964577,0.33465878222071643
-1.5169447743370694,-1.5403721499372904,-1.6396101628676283
-0.2636501244335689,-0.17920249828939544,0.07438235689047837
-1.0986122886681096,-1.0986122886681098,-1.0986122886681098
0.08014962974249909,0.008056598111654299,0.30319378497473487
-0.44886802009683807,0.007160569238734575,0.2362831011647866
-0.4851373313835178,-1.3509854153230552,-1.4588088781130617
-0.9034310966574163,-1.0828706851615495,-1.0789505847722307
-1.0986122886681096,-1.0986122886681098,-1.0986122886681098
-1.3875510803394855,-1.11527110074555,-1.0677621070551535
-0.4021790045890269,-1.2634272411369944,-1.3250688214134514
-1.875759921780884,-1.6849072664024967,-2.093499665007541
-0.8310150994361725,-1.0460369469988537,-1.0449350515220248
-0.8590346568738441,-1.0336305978344027,-1.0315053792654654
-1.7906198064800682,-1.7860496543029725,-2.047272982480509
-0.5393070758333595,-0.8823625647357316,-0.8230727008477781
-1.0986122886681096,-1.0986122886681098,-1.0986122886681098
-1.169859517518132,-1.1554249333194906,-1.1104653412239958
-1.3105402844946372,-0.9591807107686245,-0.9288632623191765
-2.321258987816857,-1.2002712561475144,-1.2309325149687784
-1.797513850390157,-1.7831675686991482,-1.9291082123556769
-2.6391363496178206,-1.788247587880448,-1.885243578264348
-0.8089848086765514,-0.9994564691609154,-0.9733634873921677
-1.2233929879647898,-0.8608711907635532,-0.797313470971907
-2.0247723848065804,-1.7824540250432097,-2.0368462521439072
-1.2236837738038977,-1.1999450979679607,-1.1614089976768869
-0.8386405657493429,-0.9801985462760052,-0.9450594126837228
-1.296534097498163,-1.347124258360537,-1.346308958028797
-1.0343354406518157,-1.6557392485511564,-1.7447293077843864
0.2057358149957399,0.28164180936776334,0.7654484240061072
-1.6300260942601783,-1.6564145212571484,-1.7239091561027413
-1.3862943611198906,-1.3862943611198906,-1.3862943611198906
-1.1265144831891558,-1.0373449049789127,-1.0305067077630357
-1.1258655928277876,-1.217674486212884,-1.2313660537504219
-1.3358913861443413,-2.088152261992029,-2.324812893125605
-1.9924461967608027,-1.9240596731027602,-2.0557438352816004
-0.47436157031592524,-0.24471664679851238,0.0011976662699996745
-1.8813133121890557,-2.007103840012704,-2.2376697422036917
0.6440882465746677,0.008809204599709838,0.2104405498045729
-1.0986122886681096,-1.0986122886681098,-1.0986122886681098
-1.1545920867975443,-1.002923242111682,-0.9772490473795591
-1.5662074406025925,-1.5366696998274825,-1.6541155071394709
-0.6629646051441005,-1.5950423549941397,-1.642807359906034
-1.0986122886681096,-1.0986122886681098,-1.0986122886681098
-2.293498561629228,-2.2093119774551524,-2.3572185788600226
-1.0986122886681096,-1.0986122886681098,-1.0986122886681098
-1.3862943611198906,-1.3862943611198906,-1.3862943611198906
-2.446165259770864,-2.5052899062271505,-2.640610566249256
-2.323756422704501,-2.1078249401114615,-2.5496042018720915
-1.1976888259420642,-1.4007657500422788,-1.5430440926230764
-1.0067507673832707,-0.9676602176699272,-0.9463369006645216
-1.6459417489066235,-1.672795184303193,-1.7834743243529385
-1.6981769088478615,-1.7179495512546694,-1.8045453713183657
-1.0106425336910434,-1.0361290156562246,-1.0246013880190832
-1.1780521271049715,-1.3263719072834754,-1.3153414900470166
-1.0313220934471163,-1.204292116250905,-1.14720604968406
-1.380408036894199,-1.3166509942203901,-1.3063968717821468
-0.8634085863651229,-1.0408741195249305,-1.0297460760085404
-0.6644307382694764,-0.5915624190770287,-0.5300928318847079
1.1129539801388553,0.9353970363938939,1.2797245377060713
-1.3581174736711998,-1.238388479631553,-1.2151725201298555
-0.9424165653072789,-0.9056676375524529,-0.8573777834665891
-1.325333831073267,-0.9876467283213494,-0.9716309120908811
-1.2120388821382653,-1.1900451085944868,-1.1508915753156617
-1.6401781547158982,-1.3398017171191794,-1.3313060148277893
-1.3410487073203192,-1.0247205120041594,-1.0107720506888187
-1.66622003222703,-1.7099212823370455,-1.869496657609443
-0.8674267294260517,-0.8993351293508016,-0.82343866678286
-0.8229825557478604,-1.002767214257205,-0.9910756750261392
-1.2510875686987042,-1.2489413406000758,-1.2260568312882987
-1.455043190190745,-1.473223880810244,-1.5839402588284741
-1.244107342423481,-1.1228989786147252,-1.1446593999353378
-1.2259344177118572,-1.0064246492921471,-0.9919714344937067
-1.0986122886681096,-1.0986122886681098,-1.0986122886681098
-1.0986122886681096,-1.0986122886681098,-1.0986122886681098
-0.3690840146728838,-1.203504476064888,-1.2194478229035586
-0.8467131219826945,-1.0064246492921471,-0.9919714344937067
-0.9577406119008247,-1.552711405034891,-1.7129504270469738
-1.221839362283646,-1.3058568979683243,-1.2881300003239144
-1.5968222432849977,-1.6522763275754973,-1.8876005025736446
-2.489007016231039,-1.6930885027515838,-1.7479168122831852
-2.5826590094097184,-1.2131124854113955,-1.245195328529856
-1.2259344177565898,-1.006424649293381,-0.9919714344937067
-0.8674173003972752,-1.0376031554707872,-1.0291800826081632
-0.6849950124087371,-1.5268988992928865,-1.6011756647184268
-1.5819828123863233,-1.3381743604623508,-1.3320543167364336
-1.6566719550669011,-1.5852348378591952,-1.7416336512881503
-1.4894686822236174,-1.5013756349202088,-1.5771336999940728
-2.3391591178365347,-1.7259296093736782,-1.8182442446192664
-1.2971829409679712,-1.5888203759969928,-1.828432785920603
-1.6239916329952104,-1.6980301666548374,-1.9895534577844802
-1.0986122886681096,-1.0986122886681098,-1.0986122886681098
-1.3834626625223727,-1.013392595959619,-0.9984163601973852
-1.2613385806405308,-1.3128643636801076,-1.2938588703562977
-1.1478077367089217,-0.9688906921253689,-0.9325572490886754
-0.9906153367523824,-1.7847767839525692,-1.9266783693186897
-1.0986122886681096,-1.0986122886681098,-1.0986122886681098
-1.2613385806405308,-1.3128643636801076,-1.2938588703562977
-0.1552065028230546,-0.1491473820979071,0.031513703643999996
-1.0986122886681096,-1.0986122886681098,-1.0986122886681098
-1.0986122886681096,-1.0986122886681098,-1.0986122886681098
-1.3370055837337829,-0.5736356219729816,-0.49817956600684693
-1.862723632675654,-1.5289867301741342,-1.5996364779740047
-0.3608073207819881,-0.4120813384313903,-0.21429117858550187
-2.218514500588963,-1.661726230557288,-1.7625953970320822
-0.6323575154419703,-0.9135748442690728,-0.8838661237099242
-1.1794094702234266,-1.315577828117642,-1.3052780806091806
-1.4354301281676085,-1.2851940834635063,-1.2720528830325273
-0.218921873928026,-0.08927376142072667,0.3435953693110718
-1.0986122886681096,-1.0986122886681098,-1.0986122886681098
-0.9075597075867513,-0.9678375081263924,-0.9459366713627686
0.3214975690455076,0.1236798136714432,0.38756455844552407
-1.4983336209190463,-1.4849501988104519,-1.593660105489807
-0.32176445726980357,-0.04714190226210309,0.17966323853973099
-1.5169447743370696,-1.5403721499372902,-1.6396101628676283
-0.9199143448750375,-0.9048673781827955,-0.8725856670237725
-1.5142203289095824,-1.1689033660279917,-1.240415257334549
-0.41452210624972075,-0.9630659678732599,-0.9417697410344764
-1.7080337763752091,-1.6756226356280493,-1.7546962290104589
-1.0986122886681096,-1.0986122886681098,-1.0986122886681098
0.5176330599990919,0.2688650625911787,0.793252355295665
-1.3250092335761785,-1.4470806252646689,-1.494689085445175
-0.9770475826350732,-1.0460369469988537,-1.0449350515220248
-1.5225971017888587,-1.2097365613574294,-1.295805248072034
-0.32617792443093185,-0.3520088950862774,-0.08931936080208037
-1.9169120984116783,-1.51097227374893,-1.5162182691288153
-0.05331617266338529,-1.1305784742626015,-1.1315977851103167
-0.9859023783084945,-1.0339235941341127,-1.0256181485432054
-0.8467131219826945,-1.0064246492921471,-0.9919714344937067
-2.998338354111929,-2.5957259604794642,-2.829912077210191
-0.25367037571505585,-0.055536072839805994,0.14748528980813147
-0.994265289001792,-0.9893309147653437,-0.965531562361123
0.7045492823859096,1.2441886339445556,1.4743670050508906
-1.9201673411911868,-1.8825429580098023,-2.1772934617386803
-1.482238475025728,-1.68637386308054,-1.8118740644663678
-1.7186803264191772,-1.7308052602027224,-1.8740985405151822
-1.201103448872431,-1.3484061207055997,-1.3464461972465729
-1.2406595111083474,-1.1708896825767539,-1.192906294203537
-1.755865109003136,-1.7314929874398468,-1.8291280430271921
-0.3091662710511479,-1.4111494584635909,-1.4406367094497488
-1.3862943611198906,-1.3862943611198906,-1.3862943611198906
0.6056672695393611,0.803193363275704,0.9765784184919135
-1.6504432874080204,-1.2272437000905694,-1.20326203264953
-1.3199887396927135,-1.0204726411291218,-1.0054150621495734
-1.719355849342901,-1.2688683749557772,-1.3170501571397877
-0.9258047954840398,-0.7829847569261384,-0.728846402750129
-1.6179411324979311,-1.631689947694924,-1.6754702982922118
-1.7207755980510568,-1.7682725122394412,-1.9015023842109737
-1.9700314635331364,-2.7653461893964595,-3.0846536867852294
0.08014962974249909,0.008056598111654299,0.30319378497473487
-0.5757009688602482,-0.65335660595224,-0.405120061047958
-1.1215026828851329,-1.0313985719262995,-1.0339456319351437
-1.4831035851276761,-1.5576809528152598,-1.7199829187848266
-1.0986122886681096,-1.0986122886681098,-1.0986122886681098
-0.8923434931609979,-0.9422204316155516,-0.917821352282704
-1.3862943611198906,-1.3862943611198906,-1.3862943611198906
-1.509011737661642,-1.7425500312340079,-1.9211145312871396
-0.5402790411241983,-0.10251929024220895,0.19971740968501306
-0.1310230013632939,-1.1792374342236025,-1.1721711848036722
-2.458269439328144,-1.3165080928351676,-1.3664551532831775
-1.7151434778654515,-1.7049974013748812,-1.7778007368285587
-1.0986122886681096,-1.0986122886681098,-1.0986122886681098
-2.1695014220597586,-2.5799216129878157,-2.958718134393896
-1.281431209858444,-1.1885748073309987,-1.1479555623960613
-1.0212090439540016,-1.3726059408731621,-1.4317688483074653
-0.994265289001792,-0.9893309147653437,-0.965531562361123
-1.3862943611198906,-1.3862943611198906,-1.3862943611198906
-1.279782073627183,-1.5370592114609651,-1.6268322965047817
-1.0423223369654981,-0.402584354391476,0.05647237695148588
-0.6910646452730983,-1.2991262248032538,-1.3387875887327594
-0.7971718083437994,-1.6373115090441783,-1.7232014581287567
-0.8550726611306942,-0.5595171800457169,-0.3068724675376476
-1.3862943611198906,-1.3862943611198906,-1.3862943611198906
-1.1791928522214188,-1.3030654072351708,-1.2826018557213263
-0.9875427468484577,-1.1955901682957046,-1.1693886749143876
-1.3862943611198906,-1.3862943611198906,-1.3862943611198906
-1.2582887723385394,-1.387640961648456,-1.4896080814730819
-2.715423244303857,-1.587259182751257,-1.63362778074678
-1.0986122886681096,-1.0986122886681098,-1.0986122886681098
-1.557706745094485,-1.5950423549941397,-1.642807359906034
-1.607173195400755,-1.3230700555806219,-1.312104200658205
-1.6726369613854957,-1.2976136667932767,-1.4675831874699483
-1.9782389122055988,-1.7085219343693225,-1.8120032491656506
0.33911080863337867,-0.08227733781289867,0.2542096309740291
-1.2035635233470736,-1.317962536168491,-1.3073986802537843
-1.3105402844946372,-0.9591807107686245,-0.9288632623191765
-0.7303684765763354,-1.555298841959594,-1.5525981190506999
-2.0551722277733306,-1.033747235991251,-0.834147035666365
-2.5426551883224393,-1.4350453245724455,-1.4871687490670529
-0.8345074119671497,-1.1882623736265079,-1.1446105266910447
-1.1251794543281346,-0.8155609205294747,-0.7563081906875644
-0.2820057436881339,-0.2804154519217513,-0.018389271287485808
-1.2365686896638548,-1.0161152447619104,-1.0011104711054601
-2.450471233296323,-1.5627441629315386,-1.570302088207975
-0.46787949087909375,-0.7477644230204259,-0.6926637591852158
-0.846713122115569,-1.0064246493098308,-0.9919714344937067
-0.44727476618399875,-0.46945523116701815,-0.31579714506962275
-2.0148996353001687,-1.6829120130859703,-1.8762326415864892
-1.3919209123244847,-0.9128361935035473,-0.8670580639342067
-2.2834276988786555,-2.0505583405685726,-2.4740869584740572
-0.7799383567500981,-0.8522857181454349,-0.8031480675249599
-1.5968222432849977,-1.6522763275754973,-1.8876005025736446
-1.4543715069002539,-1.2426905530317518,-1.2086699303071928
-0.3859069997521132,-1.0954688657453118,-1.073475563114664
-1.0986122886681096,-1.0986122886681098,-1.0986122886681098
-1.3862943611198906,-1.3862943611198906,-1.3862943611198906
-2.251744278747814,-2.2333496478722745,-2.452055768975701
-0.9355235666457709,-1.0179485036884472,-1.0028958089813462
-1.0986122886681096,-1.0986122886681098,-1.0986122886681098
-0.9371261436280217,-1.0191214268905475,-1.0042508880761085
-2.192955169956909,-1.942194576250204,-2.136176850573853
-1.4725331471493845,-1.2377283608532015,-1.2038959530250035
-1.2821076416828694,-0.7927341574047285,-0.7097878413430295
-1.0986122886681096,-1.0986122886681098,-1.0986122886681098
0.5754037843137715,0.3551115876921855,0.9160737350791531
-0.9282761027664492,-0.9994564691609154,-0.9733634873921677
-1.7649232490640294,-1.6247566778207796,-1.6690211314170784
-1.0283994455198435,-0.9502931884156285,-0.9149551661568502
-1.1251566017772316,-0.9288422615144288,-0.8861503509534961
-1.680314624518197,-1.6420599245339311,-1.7614650544674952
-1.1709156240162009,-1.268726697651042,-1.2860489753285027
-1.5296934334516161,-0.8692460798947076,-0.8167040820862017
-1.9618453514917413,-1.5724852046188464,-1.660638217793465
-0.8541675360277462,-0.9498265159704964,-0.931344742154294
-1.5676835655140327,-1.406477929430814,-1.4184573015149409
-0.8902900659456057,-0.9605314243377278,-0.9438125019994322
-1.2619801494047032,-1.297745577323194,-1.2850889423387242
-1.5326631034475646,-1.3379582324717856,-1.3363910677495232
-1.7720426443871757,-1.6935317274767885,-1.9982831934254068
-1.2619801494047032,-1.297745577323194,-1.2850889423387242
-1.5679554876392343,-1.4980036964566406,-1.585115682038468
-0.6720715883739785,-0.7803397421128891,-0.7097688330052309
-1.3862943611198906,-1.3862943611198906,-1.3862943611198906
-1.8830590902538222,-1.404873009808463,-1.555482526770925
-1.264121791447699,-1.3794840290364863,-1.4978582643134284
-1.0986122886681096,-1.0986122886681098,-1.0986122886681098
-1.8788904310908916,-1.8550954255558902,-2.209710331672718
-1.2411391007164996,-1.51544581628355,-1.5738976221352978
-1.1101788339703496,-0.8395262248904745,-0.7943459036377979
-1.3229651705829353,-1.3179625361908678,-1.307398680253784
-1.5143541990860971,-1.2714868861418476,-1.2491012988318173
-1.1098776917273454,-1.2424373993501636,-1.219725962986104
-1.2758031931285436,-0.9333150842796538,-0.9089000157415276
0.2134033145733897,0.0278608167237825,0.3050035658241035
-1.9852577277596557,-1.618896464039201,-1.7128332861506257
-1.2805253573371551,-1.314294990741734,-1.304118902848029
-0.8276637448209154,-1.4209609080908632,-1.555257222845707
-1.3862943611198906,-1.3862943611198906,-1.3862943611198906
-0.23565602039646136,-0.11721014301678459,0.27148968431579223
-1.7354196594125129,-1.6993817863298768,-1.9904268635144409
-0.05014073308348103,-0.16738949000673045,0.0057732024956640175
-1.3292299218491246,-1.3539288535060834,-1.3916551998132793
-1.845706617569675,-1.8180896193130525,-1.979651223437323
-1.5783265220287634,-1.3289180715745643,-1.3076675129097872
-1.2884196494479583,-0.9898572853880466,-0.9654616212181072
-1.0986122886681096,-1.0986122886681098,-1.0986122886681098
-1.9131245130018126,-1.667580219435607,-1.74647344049349
-0.5024096357225003,-0.3656458543443485,0.04814400240873492
-1.0986122886681096,-1.0986122886681098,-1.0986122886681098
-1.0986122886681096,-1.0986122886681098,-1.0986122886681098
-1.0986122886681096,-1.0986122886681098,-1.0986122886681098
-1.7387867675785909,-1.700337235513442,-1.9930582457105601
-1.3346648925558318,-1.878560501881734,-1.9695835683500935
-1.3862943611198906,-1.3862943611198906,-1.3862943611198906
-0.8913495409855497,-1.638042434879938,-1.7693441405613595
-0.3589713229828203,-0.2802558067123417,0.17125310785219378
-1.3862943611198906,-1.3862943611198906,-1.3862943611198906
-1.7572049292795802,-1.6155510221895246,-1.8578594264595585
-1.4379978795306183,-1.2520757137899283,-1.228765101329139
-1.5096415266595178,-1.3509854153230552,-1.4588088781130617
-1.1108753313388589,-1.1985528470526166,-1.1697568871666824
-1.2035635233985458,-1.317962536186253,-1.307398680253784
-1.7827166700611483,-1.7891377843943923,-1.9430647982666502
-1.281500768232667,-1.2158520765892697,-1.177899718857009
-0.370955629838291,-0.01550720020040268,0.2113369127829175
-1.0986122886681096,-1.0986122886681098,-1.0986122886681098
-0.1116156978575327,-0.21395786649855647,0.11806945653435177
-1.0986122886681096,-1.0986122886681098,-1.0986122886681098
0.5428328403220204,0.29843210079536886,0.7093151237882064
-1.3964608439835458,-1.4560844844084275,-1.5454439830221087
-2.2620156461265903,-2.157092775111976,-2.4145021275838143
-0.28813000939293254,-0.4983009294015,-0.37372739962079526
0.7023969296272252,0.49855605980742324,0.6835988820175452
-0.6590206972510121,-0.9525757308873486,-0.9266608949861304
-1.7354196594125129,-1.6993817863298768,-1.990426863514441
-1.5077315363960608,-1.5983830588486463,-1.6847610912118693
-0.7370487834190781,-0.8824770975693368,-0.9045865925269045
-1.7441429933339716,-1.6542912043586795,-1.7982637129908834
-1.9137989709846672,-1.6929141768594438,-1.7691268930800432
-3.7424359759551473,-1.8116814167684796,-1.8826742142275545
0.11914334896850803,0.0979553899182106,0.38266815542976323
-1.0986122886681096,-1.0986122886681098,-1.0986122886681098
-1.404230242540667,-1.2622645203514122,-1.222820533355682
-1.9490022373988023,-1.2225602670357323,-1.254925339854362
-1.9255917931767954,-1.9528319005864296,-2.05807105898924
-0.6371619378809199,-0.8534356163731407,-0.9597428025690727
-0.7309868952514993,-0.8793844409323253,-0.8114559125112952
-1.5702879078579723,-0.8677758972278509,-0.8387134130535349
-0.8078800032792671,-1.017232218002838,-1.0019412031286914
-1.3811903134050925,-1.4972597730586978,-1.616326079636666
-0.2690566516194508,-0.3383325943990533,0.08851683847956685
-0.9797672505097857,-0.9415100594326266,-0.9131759906763182
-1.2231143631111805,-1.2575182434162395,-1.2369105731245564
-1.197920576769347,-1.298824327776579,-1.2733961305994352
-0.44169238529342497,-1.2560163868872278,-1.301633554094228
-1.203563523397083,-1.3179625361775624,-1.307398680253784
-0.43082911013464864,-0.88768018116551,-0.8422231126788988
-1.1917703117884475,-1.3117546286017934,-1.3014688186903245
-0.36348898700699894,-0.29479269526507096,-0.09365720800705574
-1.65487080643293,-1.6667429926307722,-1.7506543022376515
-1.6541567807035036,-1.345901081808333,-1.3472542473727893
0.7023969296272252,0.49855605980742324,0.6835988820175452
-1.3318098633646085,-1.545522003800617,-1.5733769501721147
-1.5163885245826871,-1.2640826949640565,-1.2422678828630767
-0.6629646051441005,-1.5950423549941397,-1.642807359906034
-0.9452623082548873,-1.1392317893412052,-1.1423390439146734
0.18482896423249215,0.23316484431905474,0.5461277674187839
-1.0106425336910434,-1.0361290156562246,-1.0246013880190832
-1.7240359422716967,-1.59322479042951,-1.6216274325078086
-1.7999795689487497,-1.6971510155619376,-1.820533061509279
-0.7844413996978735,-1.0368586549682979,-1.0317978923002469
-2.254158875003349,-1.183783231737817,-1.207164977173964
-0.5651318831537734,-0.9198894399300586,-0.8889115710911081
-2.7064553069538815,-1.4387037229211348,-1.437232970486802
-1.5391907737899773,-0.9628622998072373,-0.9573992719073804
-0.2244794695929692,-0.2630477033831588,0.010259105771355246
-1.3862943611198906,-1.3862943611198906,-1.3862943611198906
-2.0220143377283333,-1.1782127929226878,-1.21054139251961
-1.0986122886681096,-1.0986122886681098,-1.0986122886681098
-0.9155132641156167,-0.9586129153199014,-0.9377601511708924
-1.259224780852385,-1.323034182832086,-1.3116121179284446
-0.3657212701833466,-1.3568771984492167,-1.3252336653039007
-0.8201570541306241,-0.9997205323897309,-0.9733958627870282
-0.828676803069732,-1.0498679041160655,-1.0449350515220248
-1.7546365366928351,-2.253335209662984,-2.4549583554449006
-1.2788936074338282,-0.9550406264547646,-0.9111520252708171
0.05628341785235701,-0.2582195770063461,0.0085605903327999
-1.2079612605947827,-0.9479788995390981,-0.9237129012523655
-1.3862943611198906,-1.3862943611198906,-1.3862943611198906
-1.0297231493554362,-0.9287206512490557,-0.9076922819033091
-1.3734243913114315,-1.2537092215466124,-1.2304326816519797
-0.9697943161210307,-0.9948664044199885,-0.9837756216129673
-2.2334289656133293,-1.392602253239513,-1.5041591146953566
-1.0986122886681096,-1.0986122886681098,-1.0986122886681098
-2.5316821150888686,-1.5748203984355218,-1.6736510171599073
-1.2117162685216285,-1.3357919119979245,-1.3329142405512313
-0.5304189280975845,-0.7413401670312005,-0.6730126135842862
-2.188015391761025,-2.086861786247909,-2.206726462667401
-1.918495846709934,-1.6034800808728187,-1.6947429301357708
-1.0986122886681096,-1.0986122886681098,-1.0986122886681098
-1.0986122886681096,-1.0986122886681098,-1.0986122886681098
-1.0986122886681096,-1.0986122886681098,-1.0986122886681098
-1.8765494460761876,-1.7829561119115744,-2.1763338093525277
-2.1057455463483645,-1.9285926817312478,-2.044747153764497
-1.7233470255730203,-1.7309382267887703,-1.9173152988177102
-1.3940083120855051,-1.4170437461691432,-1.4194389610268408
-1.508985559310422,-1.2074977836379572,-1.182575214856501
-1.0986122886681096,-1.0986122886681098,-1.0986122886681098
-0.7543246556670195,-1.3717541218953633,-1.429180719188153
-1.6241454044109451,-1.2432053433057768,-1.220649734095119
-1.867574878105636,-1.730704604079027,-1.8737764540532555
-1.579999733582461,-1.4645700868340554,-1.567825294463226
-1.1803781897342882,-1.3165342357140297,-1.3062858605510028
-0.9265987110332734,-1.4789977488208046,-1.4862754552253126
-0.42214446694538704,-0.9316711091651186,-0.8829412309900094
1.4791269209459112,0.9221161143572671,1.25980623054319
-1.3439852447540086,-1.2933666360512803,-1.2780557117517803
-0.39344530204077566,-0.8529600623835402,-0.7985817144877096
-1.0986122886681096,-1.0986122886681098,-1.0986122886681098
-1.7760610801467003,-1.5316877142614644,-1.6267681355901045
-1.5620224788800552,-1.3071197910703365,-1.3015921062325813
-2.1021408568334645,-1.8759227547576258,-2.0472331498224126
-1.3288875438686791,-1.0198527323123305,-0.985091426224263
-1.3280342398413294,-1.3383514159335446,-1.3329142405512313
-0.9277521694321734,-1.3804037644685065,-1.5053716072372565
-2.0075568606560856,-2.269875249984957,-2.7505165454237472
-1.2880871909797404,-1.5500873450464407,-1.696908253210609
-0.5577724651273074,-1.3514982282699204,-1.3899744915522243
-1.8136741267472622,-1.829418429867573,-2.095371155598328
-1.9737255499128887,-1.858111865067815,-2.2062255343066175
-0.9348865357780531,-1.2017525276511458,-1.2953913896230793
-0.743794555474805,-1.3518040357457681,-1.4206274910446561
-1.0986122886681096,-1.0986122886681098,-1.0986122886681098
-1.6895123097520746,-1.7901506280211787,-2.050961898323916
-0.846713122115569,-1.0064246493098308,-0.9919714344937067
-0.08521477442248529,-0.17626535587676231,0.09475167509569185
-1.0986122886681096,-1.0986122886681098,-1.0986122886681098
-2.2981906506760668,-2.3596372668045893,-2.479390185443796
-1.4245800753280444,-1.521611192440976,-1.5828770429310357
-1.0436008811565944,-0.9390369418439033,-0.9159029823989917
-1.3862943611198906,-1.3862943611198906,-1.3862943611198906
-1.3586897160093192,-1.2433422013842135,-1.2164818787242815
-1.322312033745147,-1.5949038378793363,-1.6909511953060659
-1.2693234910651392,-1.017232218002838,-1.0019412031286914
-0.7913455101962283,-0.8697504358139907,-0.8332078533617521
-1.736326331614024,-1.2529759314437836,-1.2208824100596047
-2.744153897837909,-1.8971199881784084,-2.0399140093766555
-2.389912096893709,-2.187441158474142,-2.4163902124082175
-1.7715103896338902,-1.6468701678744921,-1.7403406200465248
-1.2630092091754639,-1.3263719072834754,-1.3153414900470166
-1.7925003438786622,-1.5876011308398612,-1.7064288566012584
-1.3862943611198906,-1.3862943611198906,-1.3862943611198906
-1.3862943611198906,-1.3862943611198906,-1.3862943611198906
-2.076711318500731,-1.854496006344863,-2.152736202791968
-1.2790987125817974,-1.0043254820581635,-0.9901735476030658
-1.490166978305482,-1.5028983947899195,-1.668465496340115
-1.0550970520111824,-1.2422249458021206,-1.2106006848809845
-1.0201526280993982,-1.0341636045610108,-1.0267862392923608
-3.551909698901119,-2.69428761603488,-2.8681405595824865
-2.04325076424602,-1.9538051154913108,-2.116032996002781
-1.0986122886681096,-1.0986122886681098,-1.0986122886681098
-1.3229651704515601,-1.3179625361711969,-1.307398680253784
0.37735120389950455,0.02666569543093485,0.2870524316496196
-1.3862943611198906,-1.3862943611198906,-1.3862943611198906
-1.0986122886681096,-1.0986122886681098,-1.0986122886681098
-1.608563415847338,-1.595325517577145,-1.7617992497245143
-0.38894519512630643,-1.0629361886073803,-1.0246031963649351
0.11346019660683175,0.01414928412414393,0.23309301481545977
-0.07351413059730183,-0.2551045085462202,0.024090072699238095
-1.483273257705679,-1.3179625361711969,-1.3073986802537843
-1.7820897267284415,-1.5476687419212662,-1.569701710735354
-1.68352505268704,-1.145930952089694,-1.1423707845822926
-0.9464106254054986,-1.2610414572993016,-1.240057308845596
-1.5324859149498335,-1.5921825080335372,-1.685497079779067
-1.0986122886681096,-1.0986122886681098,-1.0986122886681098
-2.2270559818457625,-2.122498143954762,-2.4644098041389446
-2.5274570205785416,-1.4950695775725855,-1.5267555748550627
-1.3862943611198906,-1.3862943611198906,-1.3862943611198906
-1.1062462041405718,-0.9968109662354048,-0.8498586241174281
-1.7461294416727136,-1.2446809864059127,-1.2225678914333966
-0.8298197993188761,-0.9979379531355288,-0.9838335453051226
-1.5661064384711474,-2.6057277430569785,-2.778942865539319
-1.4636669799512798,-1.2180533074129825,-1.1896073222049068
-1.0893311507521974,-0.9758131020166632,-0.9459591640221957
-1.2880871909797404,-1.5500873450464407,-1.696908253210609
-2.0205585382087996,-1.8225784635851976,-2.137263363397996
-1.25652419499384,-1.372341162258109,-1.4290255691863942
-1.0986122886681096,-1.0986122886681098,-1.0986122886681098
-1.3862943611198906,-1.3862943611198906,-1.3862943611198906
-1.3048200757296293,-1.582655852737872,-1.6063358336673024
-1.956037784350476,-1.738711978573221,-1.8757502975823968
-1.2805253573371551,-1.314294990741734,-1.304118902848029
-1.3105402844946372,-0.9591807107686245,-0.9288632623191765
-1.3999655223759078,-1.3365326961287807,-1.328211156266951
-1.5340019340073547,-1.6923658540268618,-1.8145045381840277
-1.3525301079247678,-1.3433062643191436,-1.3350943958446906
-1.2048347434612,-1.3072404152256734,-1.2890884167626353
-0.44578731649796693,-0.32431682192273437,-0.06499403258195566
-1.154588366593151,-0.9649727876418489,-0.9423762316062224
-0.504255205890178,-0.9505314552455255,-0.9322769207941758
-0.8263259304530858,-0.9241274442114055,-0.8933208726052327
-1.0268248901863657,-1.0166620678635536,-1.0017366237912269
-1.0986122886681096,-1.0986122886681098,-1.0986122886681098
-0.9311969173913639,-1.0450176792561443,-1.0309661590471408
-1.3091089139927548,-1.2363560828885323,-1.1951243557316156
-1.3862943611198906,-1.3862943611198906,-1.3862943611198906
-1.0796664144116341,-1.2287625999836183,-1.3297699617521157
-0.9479419335740347,-1.2232536395441653,-1.1852586511937675
-1.5974820172495818,-1.3417489728822947,-1.3363910677495232
-1.3575064200257128,-0.9393218664907177,-0.914415146642523
-1.446140521230543,-1.3212827427927534,-1.3134544277149551
-1.2644231876100762,-1.3327900973724789,-1.3223092683854352
-1.933274776888817,-2.0327634771606786,-2.2091409371258988
-1.3162316469456206,-1.2959388374870169,-1.2862067144430025
-1.7718486072579256,-1.666662184691617,-1.737363361473951
-1.0986122886681096,-1.0986122886681098,-1.0986122886681098
-1.6559756990488592,-1.6774338225665666,-2.089067839409708
-1.3518560691674515,-1.0339235941341127,-1.0256181485432054
-0.8325453075397509,-1.0307903963107876,-1.0158394016863401
-1.5742464764987945,-1.4853445389912094,-1.6003085679065359
-2.684911935992282,-1.4581361878024417,-1.4895312310840123
-1.7344333628549937,-0.9952123287413134,-1.02432877117062
-0.059645641346335494,0.04893121303454349,0.3251268913536571
-1.597379368086869,-1.6267518550631348,-1.6922640371611664
-0.9536284964452925,-1.1631972733908513,-1.1126005187140238
-1.8602905339789353,-1.7406877629260042,-1.88742830593767
-0.745250586679815,-0.9579800629897341,-0.9367710653224095
-1.9449544419430154,-1.6352594510207077,-1.7574228313573328
-0.8850710585395348,-0.9457986289696468,-0.9237800269223712
-1.0986122886681096,-1.0986122886681098,-1.0986122886681098
-1.3283478274917557,-1.2832961214149265,-1.268114085615856
-0.45598998036482147,-0.10571552174414141,0.13677398871943175
-1.3210531192793384,-1.3398017171191796,-1.3313060148277893
-1.4939613759111734,-1.3144260101897274,-1.3044039323358698
-1.0986122886681096,-1.0986122886681098,-1.0986122886681098
-2.759216713867689,-1.8536839302086192,-2.0834970323541846
-0.17320449403953556,0.040569818087689204,0.32042881718379274
-1.754878935702296,-1.6598640531262125,-1.9602478186840744
-2.7919063677092355,-1.3560892027895866,-1.3298185406306426
-1.0096149462502477,-1.8159484859875528,-2.0091700707844398
-2.0687928021666298,-1.770241424337245,-1.8172098506820515
-1.3862943611198906,-1.3862943611198906,-1.3862943611198906
-1.0986122886681096,-1.0986122886681098,-1.0986122886681098
-2.7061341328292823,-1.8382649021184576,-2.0501900239994373
-0.001457919458384736,-0.02363253108594725,0.2423982729110484
-1.443990517067811,-1.2349104828481572,-1.2088141040933162
-0.3660501703354352,-0.37936455234984495,-0.37270584164058196
-1.0986122886681096,-1.0986122886681098,-1.0986122886681098
-1.8361483117949586,-1.855966771031178,-2.123240731779126
-3.079017021879243,-1.853546802491203,-2.070879783670948
-1.0022712399694849,-0.463071449620986,-0.1790415595658877
-1.833278163072026,-1.0605809213882003,-1.052833146239882
-1.166970234242888,-1.3043198988327254,-1.281007190312115
-0.8386405657493429,-0.9801985462760052,-0.9450594126837231
0.03722585475782209,-0.5039049829267357,-0.32776725813342034
-1.1803171228039009,-1.2990495046714614,-1.287748271767119
-1.2465343109184166,-1.2898512143516785,-1.274027940102803
-0.5813592433342541,-1.4479691359257787,-1.456240139699338
-1.3862943611198906,-1.3862943611198906,-1.3862943611198906
-1.1548950500973074,-0.8886162483233718,-0.8441594158024432
-1.1376664846528806,-1.0182900501535466,-1.0028190139690354
-1.198122749718628,-1.0522996821360466,-0.8930448253709076
-0.9470360943002459,-1.12619466005917,-1.0865405531218768
-0.9427504730647396,-1.0109241908593207,-0.9951433827299019
-1.6713601299399738,-1.3662273752871192,-1.4449113832079783
-0.731691808277304,-0.9689045824438868,-0.9383845944270606
0.3254330335305278,0.14351284273385262,0.0916390249031166
-1.4575340532191843,-1.2391743577996577,-1.2168280073537305
-0.9951058169877776,-1.216049046404258,-1.1871835696001627
-1.0377375135475049,-0.9419462522308067,-0.909711392755432
-2.52253935537216,-1.2619547801702464,-1.3025245063842574
-0.9547577822172583,-1.017910122617731,-1.0028748263787555
-0.8644222250563834,-1.0425906457378074,-1.0409582374591697
-1.2761456828549331,-1.1894739011488416,-1.1581432293878013
-1.547460977418796,-1.2743443324809909,-1.2627395263319154
-0.638865452609943,-0.5685029788445976,-0.5231464141217145
-2.2013249441960343,-1.4054064302753713,-1.4602347398314044
-1.0986122886681096,-1.0986122886681098,-1.0986122886681098
-1.0986122886681096,-1.0986122886681098,-1.0986122886681098
-0.948584022647978,-1.2605637924684112,-1.2379745073874273
-1.1803781897342884,-1.3165342357140295,-1.3062858605510026
-1.0857272038647905,-1.2444314711325617,-1.217110130515273
-1.2896422839053086,-1.441159541987249,-1.5156805928461994
-1.4478763795227971,-1.1619753026179949,-1.1128478101834351
-0.832113512082263,-1.0456855491640455,-1.0449350515220248
-1.3223120337451468,-1.5949038378793363,-1.6909511953060659
-2.3681064732257755,-1.2690658347237729,-1.310230530291092
0.7680114876988284,0.42938890961522413,1.0500405339841208
-1.185051864045189,-1.3130573880025238,-1.2938823681791491
-1.5549788708055632,-1.8163697362535427,-1.9677089750347938
-1.3862943611198906,-1.3862943611198906,-1.3862943611198906
-1.8191373103337838,-1.686481366595407,-1.8172956264882785
0.18484529893777596,-0.3006043172583405,-0.06794855067205294
-1.3003383647520779,-1.3001867514766672,-1.275870646303599
-1.6620690614466191,-1.3323428919761635,-1.4153747211211545
-1.0986122886681096,-1.0986122886681098,-1.0986122886681098
-2.4968385123685453,-1.5868373286985835,-1.6271122978406034
-0.1259156431978037,0.03269488688340275,0.25966760619130486
-0.4582740542660774,-0.5152848831828022,-0.541992053746378
-1.0986122886681096,-1.0986122886681098,-1.0986122886681098
-2.144630054598987,-1.752921146862904,-1.9888966452198882
-1.2095511014453713,-0.8321021090655888,-0.7805583180945735
-1.4270854971998974,-1.2749728159834497,-1.2616685796771874
-0.5705771759878414,-0.6217275923345668,-0.44188446118842317
-3.6464004002602555,-1.761898180917564,-1.826081102080251
-1.3862943611198906,-1.3862943611198906,-1.3862943611198906
-1.1317680253314633,-1.3579059443428325,-1.5059009454918952
-1.0986122886681096,-1.0986122886681098,-1.0986122886681098
-1.0986122886681096,-1.0986122886681098,-1.0986122886681098
-1.9841111072779447,-1.461677182103219,-1.5046028439865853
-2.0535806708983957,-2.0538203820399237,-2.459446214688967
0.11344895268717095,0.05082078056014539,0.39923300054470084
-1.59907128384752,-1.615303651235288,-1.6640819394512636
-1.0986122886681096,-1.0986122886681098,-1.0986122886681098
-1.0986122886681096,-1.0986122886681098,-1.0986122886681098
-1.3229651706076666,-1.3179625361693945,-1.307398680253784
-1.0986122886681096,-1.0986122886681098,-1.0986122886681098
-1.3793415957475004,-1.295637371593448,-1.2740441415550834
-1.2790987125817974,-1.0043254820581635,-0.9901735476030658
-1.587874168850606,-1.6194240643739872,-1.8069779657974145
-1.8819259883694726,-1.6345023809982313,-1.7312714069063733
1.0011554772609563,0.6491872484485963,1.005820210217321
-2.1519096165387994,-2.021062436018115,-2.2579430880436124
-1.0986122886681096,-1.0986122886681098,-1.0986122886681098
-1.0986122886681096,-1.0986122886681098,-1.0986122886681098
-1.3147207275270403,-1.2480895551777136,-1.2247379806898961
-1.2259344177565898,-1.006424649293381,-0.9919714344937067
-0.6369186038109548,-0.964937619347103,-0.9436089766546666
-2.0685301889525065,-2.057860254490458,-2.230276287942454
-1.418749983494708,-1.0376031554707872,-1.0291800826081632
-1.2423077961778843,-2.0611417136584715,-2.3489744243003083
-1.1486342434297785,-0.8721313108133746,-0.8295980144768198
-0.3552959109218794,-1.270663176808492,-1.3630156034139875
-1.0986122886681096,-1.0986122886681098,-1.0986122886681098
-1.0986122886681096,-1.0986122886681098,-1.0986122886681098
-1.5771521853868675,-1.5201889954357726,-1.6247614938318824
-1.3862943611198906,-1.3862943611198906,-1.3862943611198906
-1.5996643426945474,-1.3412347482346225,-1.3392274266838082
-1.3862943611198906,-1.3862943611198906,-1.3862943611198906
-0.73925394903986,-1.5872109440212963,-1.6317356600656123
-1.0986122886681096,-1.0986122886681098,-1.0986122886681098
-1.0302465452152754,-0.9650245459404874,-0.9427868267042354
-1.6314040564841346,-1.1591090161915392,-1.1216884034445376
-1.0624514185464162,-1.235213564023165,-1.3431824929980494
-1.4022248333323855,-1.7521585581480044,-1.820688699283413
-1.3862943611198906,-1.3862943611198906,-1.3862943611198906
-1.0986122886681096,-1.0986122886681098,-1.0986122886681098
-1.1628340312124175,-1.5734926670643525,-1.6179517521443347
-1.2260037260230818,-1.1154990706535954,-1.0591909113845042
-1.0986122886681096,-1.0986122886681098,-1.0986122886681098
-1.3373476138980849,-1.2168409995309966,-1.1912825040003723
-1.1433639679125844,-1.0498679041160655,-1.0449350515220248
-0.827346125518333,-1.0182900501535466,-1.0028190139690354
-2.396261861947598,-1.5391154569942118,-1.5472014056989782
-0.9552767910119918,-1.0204726411291218,-1.0054150621495734
0.42168470533932606,-0.3686466905583819,-0.09161399553423433
-1.1456668256215403,-1.2398420266807657,-1.2056867149224781
-1.0744085888507755,-1.2028306062921217,-1.1666513297791155
-0.20144200900753484,-0.8041277093735814,-0.6358082852151302
-1.1893387633561763,-1.2583668798827,-1.2364099404950508
-0.8813478461562236,-1.257542184738057,-1.220674532780277
-1.0124289709042633,-1.151109555474805,-1.093433446947253
-1.3219594829106718,-0.9367486292736584,-0.9146176238592992
-1.5814377021378767,-1.4714168982211187,-1.6232299304579092
-1.8954891313215645,-1.3505133152143187,-1.4760880826922405
-1.193368018669781,-1.3468642312180525,-1.346308958028797
-1.2377707866962224,-1.3872114713789143,-1.3080802725842717
0.39505640929322544,0.030601704230115406,0.3043522903238161
-2.215492381816411,-2.2469102407025936,-2.408442689116944
-0.8938291136979768,-1.6662513909969277,-1.7998818472058247
-1.2438299153890673,-1.3263128564387388,-1.315269920724855
-1.1220784970149897,-1.1789019256875461,-1.1727531431815235
-1.0239740179707222,-0.9523044227954416,-0.9253582880334282
-1.1990560782132502,-1.6026604062957945,-1.652367547948669
-1.1008559210995685,-0.9204053973964234,-0.887721167808446
-2.1520453708819165,-2.0767841899425563,-2.3313823665382585
-2.513099417817326,-1.4512393160656734,-1.5794979841386934
-1.0380716677778006,-1.0297490955283062,-1.0245178927262573
-1.259625352477437,-1.3258885625934667,-1.3146811910509089
-1.2438299153890673,-1.3263128564387388,-1.315269920724855
-0.7039908936285362,-1.1775982444326074,-1.2758335491323454
-1.9196148885345568,-1.1914328446625364,-1.213791671506834
0.18950563266820716,0.53096375642313,0.7996460984215906
-1.5287424946717272,-1.2052336254531466,-1.1604339890745254
-1.3042464385719406,-2.0273883093967564,-2.150346242594469
-1.755865109003136,-1.7314929874398468,-1.8291280430271921
-0.4705530273165937,-0.545975972721371,-0.45275831129749405
0.4703591990734777,0.4647911752327157,1.011291713751453
-0.9769742233625396,-0.3470283843178999,-0.09569576020142981
-1.0986122886681096,-1.0986122886681098,-1.0986122886681098
-0.7306721383655228,-0.9246011406068466,-0.8929695618930958
-1.4192935700033986,-1.3185213298393132,-1.4353793523473324
-0.9905302167916152,-1.540474954305644,-1.5691879580429993
-1.869542304425762,-1.6492278177307726,-1.7761022954616619
-1.0409328965452769,-1.0879444256734503,-0.9994116270681345
-0.49259247221702346,-0.9309956224267821,-0.9031479664106172
-1.1298729663789906,-1.1849584495481802,-1.1518554923694113
-1.0986122886681096,-1.0986122886681098,-1.0986122886681098
-1.4633207626750755,-1.2525418165204028,-1.2279104571629695
-1.1376062661149784,-0.9565022840116714,-0.9223853661855905
-1.3536572178904642,-1.625288398989678,-1.7241110687869476
-1.1499417324142183,-1.015396824963928,-1.000368675404146
-0.4208193298188175,-0.2556175369098768,-0.0742632991022003
-1.4786516860593515,-1.2531320980316647,-1.1975342594049554
-2.2022244788752436,-2.126504204918053,-2.2738084639645018
-1.2338729861437445,-0.9186541868682028,-0.8807703262501244
-1.517574102981548,-1.5071934359843202,-1.6622635585774348
-0.008521798441495271,-0.12535413878559448,-0.006199286762287611
-0.9081010742306732,-1.2495283861987576,-1.226470820827791
-1.4699591263521041,-1.4275100740830902,-1.4263719095623257
-1.2011034488724313,-1.3484061207055997,-1.3464461972465729
-1.3267127777395078,-1.1065738201395066,-1.097195564577066
-0.8456020003451403,-1.0361290156562246,-1.0246013880190832
0.3916193298330171,0.23498965680689665,0.41968429200057616
0.33050796856030096,0.28100466818750636,0.7944499211298226
-0.17807648298281506,-0.3437495132828253,-0.13539549771939483
-0.5422877262417664,-0.8821433919738288,-0.7069693818060574
-1.2667947312873284,-1.0006851929267941,-0.9741780689771328
-1.6133191838811742,-1.3556583225935066,-1.5617679529771835
-1.5309384199606202,-1.5469935683886127,-1.7273103568739498
-1.2502271250888386,-1.6549617868997886,-1.70520739224121
-1.2993009150534796,-1.0046332783001535,-0.9905978552320537
-1.0571797440779016,-1.2387555664052163,-1.417408759968603
-1.533289812116112,-1.240806143534369,-1.2090861492976779
-0.4516100127223469,-1.3009370483132028,-1.429482577364284
-1.3486428979569,-1.2470765539854285,-1.2309023682845301
-1.7573113856887996,-1.6997814484758815,-1.7715322475854172
-2.5668125043542322,-1.581274588379639,-1.626342843239029
-1.5031071864393943,-1.1559367043541449,-1.1111428527450609
0.5231643576748091,0.12450491317699326,0.4014200423706576
-1.3862943611198906,-1.3862943611198906,-1.3862943611198906
-1.257002837142439,-0.9935193121483629,-0.9734221150756959
-1.8883844638834753,-1.727066867043991,-1.8585702128626451
-2.000695072118841,-1.800643059330054,-2.0724389449648863
-0.9019401322695738,-1.1842755965140443,-1.1499234473288504
-1.128337855154955,-1.2750694625748558,-1.2526967104706161
0.3555565013348056,-0.38198438792361245,-0.16461963621147122
-1.0986122886681096,-1.0986122886681098,-1.0986122886681098
-1.4919704083844167,-1.3155778281175088,-1.3052780806091806
-1.3518560691674515,-1.0339235941341127,-1.0256181485432054
-1.0986122886681096,-1.0986122886681098,-1.0986122886681098
-0.8360246649612838,-1.0180297586109703,-1.003035652869153
-1.9772048651303922,-1.755199022849519,-2.129765859267232
-0.7990200017320895,-1.0161152447619104,-1.0011104711054601
0.11344895268717095,0.05082078056014539,0.39923300054470084
-0.23273436057281216,-1.2073510272246009,-1.3122084391423052
-1.8262178546354617,-1.1314125303433362,-1.1334057822408483
-1.3640915588194338,-1.2688138152413533,-1.2525962689342431
-1.2818275537893464,-1.109337062912592,-1.0293476663713423
-0.8735523492265116,-1.4004823581222194,-1.5000386969192678
-0.2309044060163747,-0.34776037283195144,-0.1646898131080589
-2.5110927239219425,-1.7427425699719852,-2.006759988068421
-0.6185903728833566,-0.952760187352224,-0.9286311487488155
-1.350795100353231,-1.2448385143124645,-1.3063957961528476
-2.0165246879674075,-0.9895894851656432,-0.7464029142328916
-0.9259971419392274,-0.9453378097327066,-0.9149932631344173
-1.3862943611198906,-1.3862943611198906,-1.3862943611198906
-2.1569986029924806,-2.1610770038023817,-2.3170970046368846
-1.4040346421456675,-0.9326553611313829,-0.9008529938859895
-1.0426406905860301,-0.9117210291463307,-0.864974087160025
-1.544206267445621,-1.66002323470989,-1.716707641638175
-0.9976941227295122,-1.2620504448414485,-1.2381771678626246
-2.920848540164238,-2.323195460044746,-2.7228049159740277
-0.9037619932719667,-1.0178098898076753,-1.0027460073614698
-2.207634090921806,-1.8572941112933405,-1.9701474368091572
-0.9201871558297069,-1.305312051821024,-1.4214571726880998
-0.7933208604288209,-1.2275558626140046,-1.224782406189253
-0.6366995205063738,-0.6886361861482702,-0.5451046197052298
-1.1101149529660645,-1.2311705103963644,-1.2007863019445404
-1.0986122886681096,-1.0986122886681098,-1.0986122886681098
-2.172827408494043,-2.1378397629240835,-2.437063856864288
-2.9130750211699947,-2.8896711104544086,-3.265981439465808
-1.2694847791269142,-0.2634916629243002,0.4077796312136132
-1.4460330261195762,-1.3159374503422325,-1.3055490425651899
-1.3862943611198906,-1.3862943611198906,-1.3862943611198906
-0.9857475415999924,-1.3619832300581451,-1.4188788302721183
-1.2806648820547448,-1.2157122841118038,-1.1881778120178663
-1.489872044886177,-1.5712403176738268,-1.735639483748129
-1.2790987125817974,-1.0043254820581635,-0.9901735476030658
-1.347303183128682,-1.2258566038178313,-1.2301772006823881
-1.2117162685216285,-1.3357919119979245,-1.3329142405512313
-0.06764378020637493,-0.275581625645952,-0.006942051637214714
0.19309277974948175,0.0480192651814744,0.3128901843053262
-1.8713696726980693,-1.3239457366234448,-1.321096666283084
-1.2892158753408316,-1.2670673279657734,-1.2408229301566727
-1.2018640932940414,-1.2724067928602587,-1.256981701156364
-1.108935765996463,-1.2959764743360163,-1.2824387999925833
0.5753861889343678,0.480099497153468,0.6614237781568484
0.08624006344424609,-0.5164456369218005,-0.3481262127633494
0.17508817628401596,0.0157026812418249,0.162132387037482
-0.08321003167077248,0.047735639389136816,0.33669140304092904
-1.2544828335047737,-0.9997205323897309,-0.9733958627870282
-1.7126578681608835,-1.7108427494005634,-1.7914531523414514
-1.3565948818047144,-1.2401262660232952,-1.2030924289540266
-1.30886099440793,-1.3144482359012237,-1.304205137078001
-4.0684504001934005,-2.7157307496363803,-3.1179645592053995
-1.2297908508452973,-1.32672382590652,-1.4054762960301312
-2.1719123062270183,-1.83742583166361,-2.1015365401164914
-1.0106425336910434,-1.0361290156562246,-1.0246013880190832
-2.120277644435787,-2.0603486283877777,-2.176187852747587
-1.2365686896638548,-1.0161152447619104,-1.0011104711054601
-0.9282761027664492,-0.9994564691609154,-0.9733634873921677
1.0137031804420307,0.7428131432965054,1.1011182663508647
-1.2573161994918116,-1.6506033514821405,-1.7057476685173283
-1.1650975100109342,-1.181424141737997,-1.127263357143758
-1.1537776863531244,-1.130445457997354,-1.0803188209505612
0.38305822093693515,0.23696281293928328,0.42364499907543496
-1.1157544846312037,-1.260322897502068,-1.2365720009528476
-1.8968876147342342,-1.750924156488134,-1.9004127592666493
-1.148261062161013,-1.2521556973171524,-1.2292140443299668
-1.9018751807735872,-1.8128290629768813,-2.1759973842277898
0.24180211995081813,0.321581547648986,0.5222199445060635
-0.956726124154247,-0.9711045594914317,-0.9540016809995069
-1.0986122886681096,-1.0986122886681098,-1.0986122886681098
-1.2392147729515488,-1.341147165663099,-1.3366067188816961
-0.9675251209922907,-1.2646657394105099,-1.282620015756194
-1.2851530314031259,-1.013626675858102,-0.9870674060430903
-1.2992900145669082,-1.5807255600426129,-1.8874542903816949
-1.156040044802788,-0.8989187723928896,-0.8535603537159515
-1.3862943611198906,-1.3862943611198906,-1.3862943611198906
-0.9805192226042064,-1.0307903963107876,-1.0158394016863401
-2.1639013487532006,-1.7639303262504529,-1.9657669285137567
-1.521584721786857,-1.5317110030398597,-1.6284314448468793
-1.6211599827255183,-1.4513487866249932,-1.4821442821792514
-0.8700497052295497,-0.9328043120471952,-0.9045545458192539
-1.3836567811542184,-1.5353709598620555,-1.6900948298525027
-0.9547577822172583,-1.017910122617731,-1.0028748263787555
-0.24957802342287558,-0.17248862566359996,0.12784604611964065
-1.6044847909433888,-1.637633889890168,-1.708796776695728
-0.8430966280245162,-0.7317722688865491,-0.7017362026194339
-0.36877620115054893,-0.47506040971752,-0.3308824060513534
-1.0986122886681096,-1.0986122886681098,-1.0986122886681098
-1.4744755915960184,-1.340889993251897,-1.33467736523531
-1.5246203991227183,-1.3164257063420233,-1.3060874818925003
-1.1647559150370301,-1.22317615922635,-1.1760382773641913
-1.0456513473116273,-1.4300998980077042,-1.4426945734271541
-1.2259344177565898,-1.006424649293381,-0.9919714344937067
-1.2964734216076785,-1.2724016813563874,-1.250874453726803
-1.0817391158626817,-0.9975470584919758,-0.9935269973469666
-0.45294085441114934,-1.2134797046861532,-1.3602145026257648
-1.3862943611198906,-1.3862943611198906,-1.3862943611198906
-0.6940157847636517,-0.49639672257580425,-0.35123191933633974
-1.3862943611198906,-1.3862943611198906,-1.3862943611198906
-2.3512355057765366,-1.4919489076691972,-1.5250484942199962
-1.1793925033828745,-1.0077513785347798,-0.9818404581703238
-1.7400937007831185,-1.5767068341181043,-1.6521507509666442
-0.46673130729433404,-1.3724458966908901,-1.4281110489752618
-1.0986122886681096,-1.0986122886681098,-1.0986122886681098
-1.4270219696208601,-1.2566038092360299,-1.2249756810953951
0.526378888187016,0.6601097821060941,1.0806034471294328
-0.2635422278949365,-0.14410849323185493,0.28372446335762025
-1.1917703117884475,-1.3117546286017934,-1.3014688186903245
-1.8750350476600544,-1.2210419026392778,-1.1840787218951356
-0.998953458735724,-1.278522811996743,-1.254955906490742
-0.8967216565494313,-0.9411644517508018,-0.9005807226756979
-0.818928579845761,-1.0481762853656995,-1.0462126006920174
-1.3179684705914763,-1.5434028773128532,-1.6331433014841883
-2.3042130653934887,-1.5364069939546106,-1.5656837581081893
0.37325679728516836,0.4612472813591382,0.6982106420927481
-1.1944124958146034,-1.0862129851180922,-1.0266500744839995
-1.2880871909797404,-1.5500873450464407,-1.696908253210609
-1.4773850991515576,-1.6026200335151317,-1.7874208213524945
