ho_likelihood,hol_likelihood,std_likelihood
-1.118356349748042,-1.038687592321863,-1.3268811986385678
0.5367962700863734,0.16386832411057645,0.5407312966891018
-0.7288421952530274,-1.208729908349355,-0.7290512301185708
0.5438924088509461,0.32853315054989335,0.5501741916589069
2.5816333252785433,0.8041873609387168,2.92035222754372
-0.6931471805599453,-0.6931471805599453,-0.6931471805599453
2.2973731715388412,1.2146800025693734,2.55774793111934
1.4370414419881337,1.4033206606320003,1.5031969976270356
1.1581781733019307,0.0328941850411073,1.4769948439349772
0.8148125856211769,0.9827251824486553,1.4411647349348709
0.07024769267871463,0.281477755018885,0.07091685989041512
-1.9320071148804576,-1.7894710878622293,-2.4058873254724746
-1.778923338401979,-2.1183668675414093,-2.082636182660638
1.9128695712016786,1.1472618933196619,2.1939498512681403
0.2304370916774182,-0.3419067646510004,0.2382661676167375
-1.232596513105238,-1.4426857111417857,-0.9926080635208109
-1.3596045891193518,-1.233175152835283,-1.328179788342177
-0.9891209392783864,-0.813536795378399,-0.9282165799889037
-1.2006156347149393,-0.6838751325361597,-1.0453816355868077
1.8513156232954455,0.2272115418774282,2.147736380164566
-1.8826357856838154,-2.420560175571826,-1.9399745620258926
-0.6016345545753868,-0.43326581436179495,-0.6597048976833926
-0.19292366490347573,0.3806634595572327,-0.18639300658742902
-0.3776870335924936,-0.611488677484698,-0.3377106928197617
-0.8563504132425913,-1.3054715635690584,-0.7551078270383669
-0.18002485354093878,0.4081713088769587,0.27596953490214016
-0.9457539998389619,-0.9029722127312699,-1.0950344645100505
-1.8513448204133969,-2.0997125882180767,-1.8410992412204612
-1.1480788602476715,-0.2768234731876995,-1.1850847966605718
1.2543017829334446,1.1039149662907186,1.4146317643748918
0.6569952386352402,-0.7564598292565646,0.995831206809759
0.2087285904218685,0.5890778517283225,0.46231014485307514
-0.997881570764694,-1.9349818234008471,-0.68124301740327
-0.3654213246295622,-0.7477076594658982,-0.3794758139655572
2.026292771850012,0.22629332374785158,2.203282227663004
-1.0069484366844788,-0.1145758064565982,-1.0627631143608784
0.3059168419117661,0.06807209643364776,0.474491892782663
1.1105292064562597,0.20884747811553736,1.1677048463203443
0.0,0.0,0.0
0.9011588010087718,0.3350425115339264,0.8823655727004612
-0.1181716195879744,-0.21061657820071092,-0.008437324387099786
-0.05648641023542834,0.724847206082006,-0.12240395203170853
-0.5243337464822461,-0.38343131826649174,-0.6904781663439866
-1.1848650961860978,-1.7877877599919587,-1.141642217636453
2.5371796382201777,2.000805396971535,2.6973491119466684
-3.2805771860778,-3.1043414119663866,-3.3868920896471417
-1.0044463215471582,-0.358596425632891,-1.177519033235411
-0.9122266096887393,-1.3494002810554995,-0.9466676623628785
0.845771872077914,1.9600789117615216,0.7995428629843805
0.8093952934029575,0.8349964511496114,0.8620924018125626
0.8989000759747879,0.2582034748457966,0.9317193319034083
2.1936001632209337,0.7208006817948509,2.647546590263475
-0.1953622405769546,-1.3072528294207437,0.0014515844042703601
-0.527199230581242,-0.2963213834514433,-0.6263491061635347
0.6978887449085467,0.057920234915415945,0.6485498710373787
-0.7386141323849595,-0.0201916718731139,-0.8074539898159839
-1.6659675623809254,-1.526696611231281,-1.9674845133469832
-1.4966645069753473,-1.353526587625433,-1.254820219518057
1.0290237233202992,0.2181257013806668,1.1242132091638006
0.0,0.0,0.0
0.49853391760596566,0.42602845098285125,0.735440069917421
1.78989806669817,0.5896389601957532,1.8562778744436137
0.6297191872331306,-0.9259876670160051,1.0131433602462578
0.7762932898821016,0.38550225943274613,0.9468218922356438
-1.5941993539377055,-1.2854377270946742,-1.7864386585324048
0.027559180472116935,0.06062084636894072,0.11134433500701815
-1.4062747448067097,-1.616605670108713,-1.4064226670913826
2.202751934923207,2.171073417724061,2.7788933609899966
-2.0171893678543444,-2.158633056220244,-2.1875947625100594
-1.0016373450302567,-1.507742972302673,-1.0146370932450364
1.0932591247371681,0.357611596125431,1.6935653678532512
-0.4237934210770759,-0.8601949679569744,-0.4525016654860898
-0.6931471805599453,-0.6931471805599453,-0.6931471805599453
-1.7479503198587247,-1.4156849570401955,-2.1780700153560955
-1.3872339588518756,-0.41239482039482234,-1.512874648600016
-1.9795451796238697,-1.7663958416567325,-2.3187880899014632
-0.9660610334030408,-0.9678906710320351,-0.9950692085684578
0.7744852019296352,0.8910076018858585,0.9176007893270705
0.2731740592494054,-0.13243249080451225,0.3346416747599768
-0.7526766782197118,-0.5822772839861601,-1.1330037629785146
-0.4126400953710736,-0.35938616643663174,-0.3676803270865536
-0.9359903073601913,-0.8333948221549502,-0.9291230536893152
0.27175560820736727,-0.5404128693728754,0.3249706338265916
0.0,0.0,0.0
-0.6931471805599453,-0.6931471805599453,-0.6931471805599453
2.7979024960564236,1.189120589642045,3.1359298710612493
0.034836304926196715,0.32231816726889034,0.138738025659224
-1.791759469228055,-1.791759469228055,-1.791759469228055
0.5111503641813556,0.1938037192773654,0.7167270475144001
1.3816024894866654,0.4310245743451252,1.3896597544162397
0.31330958303919,0.21016803664722952,0.20800877566715018
0.14992123672854024,-0.10820385805720133,0.4530826621490217
1.2701633060369368,-0.4101440990123928,1.7526383981021731
-1.026975540623595,-0.9743323971410472,-1.2273977879295033
-0.27509187554974857,-1.6544035083772557,-0.33354002592141935
-0.6744694115004454,0.3692988747031588,-0.7550972448853722
0.3248433349892373,0.33056120428863306,0.30220952515299015
-1.7067966302500084,-1.0349980846384066,-2.2314905040789226
-0.9210800603153567,-1.1852165696169528,-1.010848913399631
0.0,0.0,0.0
-0.8648542166523278,-0.487961287971691,-0.9377451757559274
-0.7807919674723268,-1.1516767072142793,-0.6298074033487499
1.034732316888699,0.8726158843665545,1.4028229802227363
1.0036638110076566,-0.8915572596335849,1.2446858830412977
-2.2878503886402815,-1.9762944756430074,-2.1834101581107417
-0.4736639978944164,-0.6853217994525636,-0.3531539901227376
1.526797642084302,-0.3775090258703417,1.8517328960441775
0.433447484140887,0.9610751541521346,0.5008226748849356
0.08992831516222445,0.13455124878676714,0.12734025058740892
0.5238351347831536,-0.29591984117104275,0.7050817188969922
0.762151792518069,0.62716880311557,1.2743057829543993
-1.911016558196027,-1.700405129211247,-2.0494407121786615
-2.5312444038428583,-2.8795438671377145,-2.5324283915089207
-0.24369082724552488,-0.6486380967709617,0.03182764207339302
0.0,0.0,0.0
0.5126323470745454,-0.018431976221527896,0.47089468349168495
-3.14312551382585,-2.885077320312736,-3.2418975954325844
0.8050323932548192,0.49468884877130226,0.840461780639473
-3.880814274351416,-2.430004332861713,-4.1374482180710705
0.0,0.0,0.0
-0.30134918329802396,0.2849624272579009,-0.32907731919708816
-0.39009885525448984,-0.9039688816359491,-0.14952299249972525
0.0,0.0,0.0
-2.4714436777395012,-1.4829701504929311,-2.440240513317879
-0.7626691576968025,-0.9619432309201237,-0.978751394924209
0.10749605123910572,-0.33246307832891575,0.0959028701103896
0.3916823109058424,-0.8028466331651958,0.21793281277674997
1.2683023222344187,-0.2973855677531038,0.8754150226704016
1.0731757068211645,-0.16329282391902963,1.3010254083861899
-0.5997454370619539,-0.8489857884812195,-0.6001192194214214
-0.26779440850438807,-0.617322584379399,-0.18376096906680217
0.7071841499510756,1.3579331631652625,1.0213818896025357
1.5829192378527521,0.40988722046889714,1.2669931042784817
-0.3616247845111758,-1.3615726965658281,-0.3372745415463703
-2.156623551787158,-2.581564857484986,-2.434928008067743
2.063877174419082,1.2193003414418775,2.357659590428068
2.156696935115083,0.7808776983110712,2.506730999555135
0.9017718429624743,-0.4395603197265725,1.0318200874162464
-1.3801600166738677,-1.516755098075602,-1.218484794413165
0.7590203914884955,0.4584242708053727,0.8909643301878669
1.3471154863026458,1.640690151551942,1.6191609691571354
1.7975122323942612,0.3552355091839212,1.7694707702106176
-0.5500977198546598,-0.12258104464977719,-0.6195085770343509
-2.2582300172209027,-2.1098108992281097,-2.2762264712401135
-1.0925860238036065,-1.1886517890971076,-1.0591091956130188
0.0,0.0,0.0
-4.917995527746111,-3.9477914393639355,-5.375747588791634
-1.3346128871252811,-0.8350865289077268,-1.354856678922832
0.0,0.0,0.0
0.19211866972490327,0.394040365391421,0.23384792913428532
-0.8908888998026062,-0.446757712494163,-0.9941936220241091
0.36635774976240054,0.2375358749473298,0.2766031180520447
-1.0942183743163274,-1.8256440120609638,-1.247200300107667
-0.7998083067180158,-1.4756919923704033,-0.8533471330598759
0.0,0.0,0.0
-1.8257474266319966,-1.5061245465758382,-1.9331777391781497
-0.08319910901226799,0.07349062998660637,0.038307645863090774
0.5451177625428952,0.34055737423667737,0.6242722945493948
-2.193433969385603,-2.7838594464945623,-2.139723542344948
-2.424929359332552,-0.3624733729571853,-2.5637218070000998
0.7455944919975133,0.6475327700625259,0.7984365074345833
-0.712492235449331,-0.48200863236415714,-0.6421820491470217
-0.5325992129985764,-1.256480938404535,-0.462249902507004
1.9636701522149005,0.8863547435054272,2.1321295677890886
0.8801288864015507,-0.422817306005379,1.4506099397509409
-0.3066149197948694,0.2517179785545263,-0.3839546066348549
0.47915147549006193,0.42062358182177073,0.542617987480613
-0.8488430919139249,-0.8206750114055674,-0.7881342195414571
-0.8313581733882396,-0.944395403182841,-0.8746643443326892
1.000282915413764,1.3773974337243802,1.5229360026827934
0.0,0.0,0.0
-0.16468052396985486,1.469181395267646,-0.27757746861430527
-1.1439920701974797,-1.0052253729175067,-0.9682651123867745
-0.30767424770781365,-1.4271434016859832,0.12958447028214212
-1.9790671411602323,-2.2511113714480975,-2.2801174021389574
-0.11480969473330623,-0.004567221248889502,-0.0179183864963629
0.9642280549786332,-0.6050380944939499,1.233546754944207
0.9636418424905558,-0.06436947429679742,0.776998576775986
-2.1076147658098296,-1.6340845660806513,-2.5545623872014604
0.5319675464354625,0.03267541426635538,0.7142002399228226
-0.8977837245361905,-0.9079637433597518,-0.8460726988971169
0.2953795731267396,0.27028115422606597,0.3827863204922429
1.5695264996479037,0.8026080269609814,1.6948508220149177
0.7447242318785532,0.4922485867225115,0.9419798591266894
-0.6931471805599453,-0.6931471805599453,-0.6931471805599453
-1.3822721861475296,-0.604149145536341,-1.1675278251786465
-0.2994305918113597,0.029131235299102633,-0.29306133532577955
1.174886586849432,0.31881757094932056,1.1873558811492524
-0.46919929964124574,-0.16682126799524938,-0.49077878909054334
-3.092326632750396,-3.100493022352,-3.153185164316564
-0.08495501816574194,-1.3844846891056102,0.2492103062353651
-0.7256359839808412,-0.35330846964204343,-0.47631827420070627
0.06369953787285053,0.06817141791271368,0.06403392977448383
1.0634834810548226,1.0352592989545362,1.3782221838691273
-0.6218376632167752,-0.4600441327908597,-0.7058705019681485
-1.7060732709465327,-2.0850194072490456,-1.802135537721352
0.5212184418449854,0.12907652994129132,0.5541265660568483
1.8834994254262265,1.3645924377732543,1.927387654337116
0.1777519417369664,0.08955036302647217,0.6612851752554371
-0.30620709603198537,-2.525957964383053,-0.2460399043414304
-1.2376893379434242,-1.77326535553682,-1.229495564403608
2.333409448811826,0.7851062723791751,2.631595385595086
-1.1092084737671561,-0.08764106797791626,-1.2897227235610058
0.4994798121933789,-0.8456274656780342,0.8341146802249458
-1.0936985721663341,0.2508630286406322,-1.2168575059321471
1.4889655804152562,1.9383052748242289,1.6008995043426362
0.42606713054081,0.651935731321846,0.6816670721541215
-2.157513795859905,-1.8271845006463399,-2.1965950239389085
-1.2622426207734585,-1.2891274092545462,-1.2815724982245211
-0.2917990307508089,0.5673588140334992,-0.338289399317744
0.2419082778881715,0.7858732287551768,0.48206845482103766
-0.3140785498536296,-0.14080924863184016,-0.2834738818460102
-1.1898265695974664,-1.2883805748818795,-1.2121134401172677
-0.6456983420970388,0.5463293336188441,-0.7577752348754917
0.09202740607499488,-0.6908764546661588,0.19981532633724744
-0.2408620611359868,-0.718436974393693,-0.3649300404430893
1.5695680135314705,1.030483072394364,1.726687923669104
-1.791759469228055,-1.791759469228055,-1.791759469228055
-0.39895200613945914,-1.3312805396356149,-0.4212825236420366
0.9526447481285043,-0.4127050392892816,1.1215275748270246
-1.7284157166083614,-1.74252296679337,-1.4889365180107166
-1.2053547944134242,-1.1728607231927008,-1.0545152270008438
-0.8765400961587032,-0.07908215444805818,-0.8918074847327007
0.9235930350023044,0.7908366746521044,1.1267372649973268
1.649849991899911,1.1764235121899582,1.9433422758660226
-0.12017485761261536,0.1769684837051538,-0.11064249229906585
0.3267426540902831,0.44549673804266154,0.3076124570976677
1.0296214876045349,0.7152609324464818,1.1283666765930354
-2.2542249557920484,-2.3853705686996474,-2.297715859948841
1.1473070421043785,0.782303484117462,1.2202372792385932
1.4187676332376407,1.2649340133616958,1.5523910021141478
0.6939777534497726,0.9257694973073644,0.8357145820065176
-0.5050598178135508,0.08937925535266758,-0.461811050228406
-2.7247148012998736,-2.809510255156589,-2.578239660088866
0.8112329851616304,0.4036686080199202,0.8653917040476187
-1.3010825424612043,-1.4906600865553128,-1.3058268811368245
0.8000898751165982,-0.9026570286982762,0.8812216976228432
0.14979449243385884,0.10174992746593632,0.3150692689690626
0.3363475218339061,-0.8300504352544121,0.599218414381786
-2.0200579689805833,-1.2265135223873678,-2.0606134464880954
0.20865116397669378,-1.194049032152055,0.41294084657123536
0.1343779206321711,0.10006192460332439,0.09733528906298858
-0.22328150973150146,-0.23717210263550867,-0.1907085184644154
-1.3075748516724925,-0.9758801578918481,-1.1447465812645197
0.3143669393316501,-0.6761225436072994,0.42167730418064436
0.7858238029582353,1.1835741738608365,1.036123585032026
-3.278697214387089,-3.369668250795046,-3.553924757848798
-0.43673948212555586,-0.9601412873120665,-0.3517670534281043
1.3273147666427505,0.5857541680389843,1.440247574916324
0.6163822026708794,0.29873371494601986,0.6419008481733417
-0.9165998962658315,-1.0108122170397833,-0.9608340484572211
-1.0042619181771402,-0.4615368342780324,-1.0644265623265643
-0.3499771502596116,-1.1219849818214156,0.15115283087660766
-0.9854991892289781,-1.1796958351785758,-0.587142597559312
-1.1430262693382471,0.12961129232864552,-1.2327254115894026
0.06271321310614614,0.5897521718627744,0.1560724808170203
-0.2207896374136979,0.5460655078420938,-0.05665758839562167
0.33574263174878455,0.1337458012833459,0.5313643633068399
-1.177538235752774,-0.814987168787577,-1.1800339868121272
0.83475265497699,0.6668288760755899,1.281252232908432
0.5367837952260678,-0.5964800588571374,0.6614565908681604
0.46446765148507224,0.1390884167910097,0.4866131797104203
-1.5684501548791465,-2.177229834134112,-1.6147653311078027
-0.5961388331676685,-1.2072408707246463,-0.5243787191520395
1.856260394327148,1.006695529173063,2.252463168771495
-1.7642688137486062,-1.1313544082795997,-1.8912779076339596
-0.37754045439674194,-0.462989702933068,-0.07568616084765001
0.3846589819747331,0.4051067787795837,0.3793570978909791
0.4525935749486391,-1.2655397358930225,0.5610850952267984
-1.017501311423208,-0.7194358032604404,-0.974103094960288
-0.6646997234738417,-0.5241581264164763,-0.8840685644408272
2.0043071350959587,0.7703311883437739,2.3699563649996978
-0.17501226669458836,-0.03649907402468989,-0.036715011084455365
-0.7901786946013822,-1.2049780070826497,-0.8407150944364499
-0.6931471805599453,-0.6931471805599453,-0.6931471805599453
1.200708401433018,0.7521380079843789,1.2129533949878846
-1.3887838801795374,-0.5047231217783031,-1.529311981833297
-0.7823397638901295,-0.5064839925182041,-0.9589204876925019
-2.0935217992875135,-2.0930808779371666,-2.0722989106962144
-0.2989633648552355,-0.8155758895349379,-0.3217749738930362
0.23064870429209505,-0.7201737759613891,0.2025457831687179
-1.9409910273982474,-1.5078921669270913,-1.9902479254068015
-0.5359740932619915,-1.1202486958046514,-0.5373832709516446
-0.8114907861306999,-0.7183550143020654,-0.38503385042752997
0.6445821825666691,-1.7111913602766522,0.8302427709590914
-0.21934322916433113,-0.2691814521205117,0.05823839703181408
-1.986348980527134,-0.45561832014540044,-2.131133119704976
0.3091819174873527,-0.04106335170122829,0.22437373922856393
-0.8626336360593321,-1.4288983301324398,-0.8975730474801008
1.6926821846241398,0.8977518912136498,1.8443247124599262
1.2126629000847384,1.0804893708880874,1.3103117154028465
1.6283242799751494,0.4941971841658995,1.7683669712323167
0.0,0.0,0.0
1.9450859177982467,0.7245348703836711,2.02636387884074
1.215536089675126,0.7969682891329622,1.4121238498562854
-1.7839013818849234,0.1102960479540588,-1.8637919957974545
-1.3028591211925762,-0.7944807597013037,-1.3298540818041744
0.2737177122238949,-0.8280897838374192,0.24553671853511835
-0.16967296226069892,-0.6724567430774397,-0.21274893967704994
0.0,0.0,0.0
0.3053302401945571,0.13678685224380452,0.3362757150065282
1.5856841048653356,1.4770475099060745,2.062603730969549
0.4446552344071317,0.1225797414104456,0.7301239223177761
0.8906351955416315,0.778614354110502,0.8520397050031453
0.3427258186936597,-0.5246842491899744,0.4718617407409805
-0.9984084962973642,-0.09342950529974896,-1.1926450545130385
0.9743379028631991,-0.3319901059702031,1.0979253466402217
0.5875867959811344,-1.5414166414028836,0.8076713899795835
0.527487464574034,0.5307498901018947,0.5277313549464898
2.7696023730468684,1.6737835834608872,3.0018432625567577
0.21759201349796897,-0.301050804981708,0.5106620143858683
0.5138722720609972,0.5371581640713207,0.5880878715187445
-1.3458977597751052,-0.9482041139702694,-1.1819879455888669
-0.04524435622692903,-0.5370789828918724,-0.05850545978181477
0.6972034169386764,1.3344275952320195,0.7336610176760447
1.053019280327046,0.9736143057863843,1.2675410233704703
-0.14422063724489895,-0.20759486827668353,0.019636694727329644
-0.42163456450050024,-0.48535463942280055,-0.45488659036667906
1.9276721266269046,1.553225755352585,2.3424638274681815
-1.010943776908844,-0.7544243221586039,-1.2503758127719624
-1.4705865562128628,-0.2919955269990244,-1.294681997056022
0.030253198388202614,-0.8338604906793652,0.20532647826343037
-0.7681925699428389,-0.13536180183158938,-0.6719043077010425
-0.8903042586270029,-0.8943420903723995,-0.8979901170471953
-1.2737052169365006,-1.2112233202689355,-1.1572713953170253
-0.8866899776415604,-1.084851691624191,-0.967585437934827
0.9526909865906886,-0.12535473124212526,0.9633568443176518
-0.951111970978685,-0.9022395962874834,-0.9646682426073384
-0.7225850690464389,-1.0847755195930182,-0.654010934021965
0.7440463312798719,0.28137524971447125,1.030479185583712
-0.632052391049953,-0.2960030291614061,-0.6483080941468687
-1.5046465723547375,-1.6761497097274989,-1.5735964403004699
0.4875612114740238,0.27926156056972773,0.7729359272293584
-0.642645067150297,-0.23065677535041446,-0.01135919623424284
-1.368809040072498,-2.1941161148731134,-1.5230147945980688
-0.6316637061787136,-1.5907843322480457,-0.6129689515110294
-0.8754917592717157,-0.8881469404936615,-0.7194606021552677
0.3432860931852881,0.17537455701810123,0.3911622956637668
2.396548233410739,0.5824959516800318,2.5374001566939413
0.443898369769393,-0.36683235016877824,0.3712665719983927
0.9002305258324177,0.8333771894071943,1.122373023253103
0.7242403829011945,0.3171128738704216,0.8480406143754808
0.821733500345306,0.07651478108859548,0.9876649657615609
-0.38098788517540033,-0.13311592079927273,-0.2596271601051733
1.0733850583272484,1.2064206053806068,1.5533622685250212
0.0,0.0,0.0
-0.8710827709878763,0.8529290477723361,-0.6410809257380037
-0.9292026585455284,0.10601828868963914,-0.9435466988290195
0.5597194250038907,-0.5747496781801944,0.652653216701303
0.7321500659039594,1.040896435633113,0.9171699384969038
-1.105993666533229,-1.8606504569498759,-0.9792628629095165
0.0,0.0,0.0
-0.16022641897363346,-0.014543399801902298,-0.13974410479669036
-0.14227394828448936,-0.33946037301872845,0.07764545620483104
-1.701390026702292,-2.05460181316474,-1.945890194485952
0.536557478398543,0.811902829858117,0.6102518535861874
0.3474859710865317,-0.24943713789130612,0.4859497578857318
-0.8252714328162115,-0.8206961493123638,-0.8561507032656103
-0.6650031947312902,-0.8056156581948999,-0.7665664046078587
1.0269755406235948,0.9743323971410471,1.2273977879295033
-2.8257150675335097,-3.246982013644414,-3.0647580965827244
-0.38506806279809513,-0.4187994090937906,-0.36180704979038053
-1.8591332607137205,-1.88504210183009,-2.1505777377196145
0.31325698991046896,-0.0214552839973626,0.31356679739876514
-2.769377683615575,-0.936121423200118,-2.858179430440831
-1.7656344118822778,-0.5355594035458028,-1.802044813685455
0.8793238018774193,0.1223594471061521,1.1810892399545612
-1.3132325525018396,-1.0994158802055558,-1.3781721899577786
2.0460297993421466,1.525978028436606,2.4427277480688065
0.785945305829957,0.04388004034068748,0.9217999664248742
1.7608660055765837,1.6566658184932475,1.9720578172610506
-1.2811659447076595,-1.1743460534489694,-1.2791846732964736
0.3462582084672825,0.18870926793057138,0.8606945768117503
1.5804320337205173,1.1180412928382546,1.7280264501250693
1.5804320337205173,1.1180412928382546,1.7280264501250693
-0.31307642490868587,-1.826611295683247,-0.27558298025345296
2.0690199452430393,0.468894944480907,2.391704920386882
0.46569336602508893,0.2968850524733233,0.7424859001701013
1.1211895725444132,-0.06337229029439839,1.2360872124682958
1.4805949983417224,1.4608551854502878,1.8263998942980781
-0.1995477484015996,-0.37564586929252847,-0.1257055922057713
-2.515204361781636,-1.9532499491552378,-2.376183328584213
0.4260287460727333,0.46397218932080503,0.4228219930149975
-1.035474899190574,-1.7836282232720118,-0.905394486864458
1.185817884731246,1.6844139664172926,1.281242888677565
0.052992105795163794,-0.7441682653787175,0.3969666461476745
-0.8912210865450583,-0.8109142093628228,-1.046586074613353
-1.3506343586248857,-0.8371565444377005,-1.3408393642063237
0.647183215104715,-0.43976780323737963,0.7331579029304944
-0.11102265245905885,-1.6046002762023877,0.016479519534038135
0.9583846716867551,0.588519339183505,1.0066456326671291
-2.46600119647291,-1.6649151783834897,-2.615197020064307
0.5268797355868795,-0.3955118057273918,0.6015141117136523
0.5042559900522527,-0.1318028667955381,0.5715497461667529
0.18278437768359793,0.2802879375693284,0.2738393092289413
-0.23540800747715573,-1.0846577075098764,-0.21505766619441175
0.2519031725075999,-0.09979451745134114,0.2418850855703129
-4.812745435180561,-2.1944471603054736,-5.18121824464876
-0.424247966745509,0.5384382382975978,-0.4771224746908058
-0.2831297863858546,-1.3226302127315677,-0.27567749639049605
0.18114224740481474,0.07467633547273422,0.19339392329630906
0.6380138410595555,-0.1489046533819997,0.9953608240330541
-2.3546126100011193,-1.133349080813344,-2.6125827623249545
0.7469283074186164,0.615490298636794,0.8628726952594338
0.8100767763066277,0.30612137560168606,0.9301242315526936
-0.363049376359555,-0.693506537051384,-0.6161243870450073
-1.216327936080659,-1.82950935989797,-1.1840765319166842
0.0,0.0,0.0
1.5913201403168202,1.4128416139775297,1.7457824789449559
0.6478192682619159,0.21906164163480668,0.8445979668535492
0.16797925965798935,-0.7496021147585502,0.0814395411328573
0.571583178893259,0.37273654293137204,0.5672187203642938
-2.6444132954379755,-1.660486402746709,-3.2473789578581354
-0.39206288311224985,-0.49522544575125094,-0.2752666386220557
0.2802312476303292,0.3067461290687237,0.3774006014055166
0.5796570818392613,-0.6630452715703115,0.611618884344941
1.5947821048384396,0.912997098091542,1.8959477739389299
2.637348918113024,0.9836944895631176,3.06054162772234
0.5691340799984905,1.0589140984973928,0.7994919084932223
2.2797230144697473,0.2644894106924005,2.470869323642456
2.1716371110574944,-0.34434912350922325,2.3183285492394683
-0.9181348280168675,-1.5489990460746172,-1.0169523489618637
-0.13102769595894323,-0.5572242455205991,0.016347768408112976
-0.25827094258417826,-0.7082343864222925,-0.012829261374958989
0.288488725849015,-1.3539150472370918,0.5101318176066946
-1.6278747820325488,-1.3745914486680932,-1.6533623161024573
-2.4914993829276555,-2.347117492846139,-2.445847813507954
-3.053302082950537,-2.4910256000889124,-3.0902924216451675
-0.5976021984333076,-0.5567065376421951,-0.8098302487289668
0.06369953787285053,0.06817141792281277,0.06403392977448404
-0.8122550266102998,-0.43565031794711456,-0.8589807945125572
-0.37988909465692383,0.8308702504852914,-0.07936815206900553
-0.38473536593577967,-0.5381659484001398,-0.21006670439989433
-1.4936137876628066,-1.199994887053281,-1.5974133696561361
-2.8804560166353514,-2.097476519433615,-2.99446913214308
-1.2267252084207914,-1.5251384079759756,-1.0729513963989221
-0.1345411108582527,-0.10586219212619614,-0.14199366565987234
-4.090117295063621,-3.7242758103374642,-4.842900204611509
1.024141699544147,1.00885033628564,1.2995359509339992
0.0,0.0,0.0
0.43742756460911936,0.8048395231680585,0.4519655638650101
2.274702440089699,1.851923713090688,2.4608831022094733
2.6376981498731316,0.4107693323506494,2.656983381105408
-1.937401221502284,-0.9546729622832909,-1.9771566120262851
-0.306437104565544,-0.37059684954520405,-0.4389205294289769
0.2837799463597472,-0.4277651222181241,0.42068726833195025
-1.1459208369894767,-1.2271085823379286,-1.1670438686113103
0.0,0.0,0.0
1.3972773716507971,0.07975233496419995,1.5389082296951921
-0.9118872187386124,-0.7340800429890095,-0.9834851384666068
1.9649460716518872,1.6442519393064852,2.2746352249131365
-4.566092501230702,-5.3133623951275295,-5.038653258082199
1.9827864376520483,1.8510658737774097,2.4951843184608347
-0.32181132409723884,-0.5595470945038852,-0.1150958365794723
1.0190078526741402,0.9830437669778799,1.1754751882623444
0.2434619381363306,0.4727961688734253,0.2936671734190286
-2.883039959612477,-3.0122989416408044,-3.1200015124817155
0.48332127691028426,0.24072500444136144,0.5156714130580017
0.8380624321388451,0.8363229765706068,1.332426934041465
1.101896316927322,1.053254459133343,1.308098916400912
-0.40763510972342837,-1.613878328233284,-0.7223260334274267
0.8827450072389555,0.5148517583930267,1.0271106420130856
-1.506818478994866,-0.9212801108174181,-1.6407554653166532
0.0,0.0,0.0
-0.7676220247035382,-0.8749349884014973,-0.8203802286888543
0.7197684668514437,0.02690478329007619,0.7994419844904783
0.6675252593889632,-0.3794865544878847,0.9146763289455199
-0.5440047104278024,0.428817265034434,-0.6509212773991278
-1.298685606588904,-1.3027868686151423,-1.2271830121268836
1.5420615882539481,0.10579600570076415,2.189797053674043
-3.194593858512011,-1.9484325458331204,-3.343953446363598
0.26502209173984637,0.625404222666294,0.4710215847805276
0.42747514416334326,-0.04495951173270154,0.6038714764981485
-1.5378697098196,-1.183561979383067,-1.1950241806543833
0.8104308666043359,-0.46569433648198966,0.9201846994422828
0.7311725616261905,-0.7014213101961477,0.7796991759060191
1.7030721813164105,0.4931737321162474,1.8432963198852772
0.96269506077988,-0.25525298598899265,1.219839720190548
0.6853251731308091,0.5350641127007774,0.659186482063319
0.7446025263433593,0.13971003109982746,0.4772293085770304
0.6341090012772825,0.49811560526767246,0.5841215046112302
-0.0016945510752409832,0.09357925667064983,0.02684533595247773
-0.12792649330192726,-0.8251658734420579,-0.07063969328116941
-0.42520352201665473,0.6561046213348528,-0.4356254893711623
1.784499897453667,1.3777373756576947,1.6781762135942544
-0.9450686017348457,-0.9010418653645831,-0.7919641707359486
-0.3517320259264803,-0.7143588566835789,-0.24523978386608714
-1.2953130085015778,-2.2238183678341925,-1.3469926684404068
1.6550084696011524,0.6562387722143294,1.7826585555393526
2.465734938890769,0.985624365828047,2.772227779989758
-1.0831908588575085,-1.0756819251971457,-1.110057195426503
-0.8216873314459323,-1.1857050879035307,-0.7837883518571743
1.0561179712795212,0.3296819701685679,1.2380724624834447
-1.5679196294674733,-1.0117101230826424,-1.5184920689840415
0.4985302810790767,-0.17134987084220646,0.6828301054214573
0.6615682778554608,0.6010520801729838,0.9074452192037143
0.0,0.0,0.0
1.187906807296334,0.45632730552518036,1.293532418064663
-1.320875502678726,-1.1750031801697136,-1.4370495903157972
-0.36075005672570676,0.1424705396826326,-0.20765965951016283
-2.8286625519835265,-2.3188790196847253,-3.0993598566393588
-2.2615481175385734,-1.90409961635269,-2.446964137899636
-0.05813300609208011,-1.5162398437303375,0.2996896809855207
0.5618229827950756,0.6224186482249785,0.6424350196880956
-3.0412314906451376,-2.1284016997910857,-3.2841489516807902
-0.10762999891363706,-0.11226984111342607,-0.0972110427687905
0.4824406675396956,0.34876164570782664,0.34088859253451304
-0.6931471805599453,-0.6931471805599453,-0.6931471805599453
0.7572146208581924,0.7128322840504909,0.8214167621694645
-1.9483607832205219,-1.8083009099004963,-2.084141464333421
0.3621677961431094,-0.22695560919467103,0.4830361514189252
-0.2363295984678184,0.13613610238399648,-0.14484888348476374
-0.7108659108459362,-0.5378526946803289,-0.9182152914119309
0.09083987851486938,-0.2504691457725238,0.2138401061215653
0.013979704902366977,-1.463520978418555,0.09600838283069626
-0.24738333234432006,-0.5224177182688443,-0.38573034032295683
-0.771462820584678,-0.23426965090470606,-0.6311626756375907
-1.2292938127117137,-2.073164172797714,-1.1765355322997955
0.0,0.0,0.0
-1.0706338848380161,-1.0083931448433758,-1.139146741533023
-0.7357748382505246,-0.850473017050166,-0.5199750303311413
-0.2638289088331344,-0.44777720212242933,-0.4362489729630048
-1.6491251152252773,-1.6801662881751482,-1.929440780831685
0.21067720170235343,-0.19363137948028158,0.25211817015039745
1.669898654332401,0.6803920174681437,1.8680888241337357
-0.6931471805599453,-0.6931471805599453,-0.6931471805599453
0.25360713264650797,-0.16491044478713332,0.4101990902945619
0.5623013536196272,-0.6772535922849456,0.7661906293342728
-3.111221414364785,-2.196095135632669,-3.1164381572778845
0.0,0.0,0.0
0.0,0.0,0.0
-1.7097310885823669,-2.5721365265261897,-1.7331259350159052
-0.30889368349456087,0.2754918583493144,-0.32299149044560926
1.129085902115632,0.7156176437651015,1.4683786374221395
0.9135340406181226,-0.8819251083621158,0.9525204961999868
1.4512793423981807,0.4010917795234727,1.6269789661668526
-4.41646326026097,-5.2604073296817475,-4.720506636203347
0.7465700225338713,0.47888491811864403,1.0042553437263013
-3.4130612624365915,-1.2128228064611293,-3.4297381002713467
-0.537363338613998,-0.9373884724471524,-0.5928994869198047
1.4542926635686502,0.7153007532711523,1.5214448495074113
-0.3655841001895034,0.44333329241917946,-0.3608739122406872
3.5766377090969064,2.080165677292634,4.0485933503650795
1.7292239122068132,1.742492501455266,1.9779499833469834
0.9713821604823576,0.41138859163285924,0.9206258284814186
-0.8354732442418585,-1.2572815837875637,-0.8308881568632452
-0.9770386095393878,-1.2861960142189226,-0.8582093934743341
0.3977215770820612,0.13019349063818683,0.6593063195290995
-0.5286110262384717,-0.5253633689845227,-0.5283666788765078
-0.9829930309371135,-0.4805123538294217,-0.9643759427998095
1.067268730012265,0.06111958488327587,1.2434243686200126
0.8907266563503977,0.5381300976155656,1.0630482926149671
0.32836078767741794,-0.264907247920895,0.3359257187600688
-0.8710879793493193,-0.7218201875332245,-0.9231381321211286
-2.4116710812817987,-1.5941941417998438,-2.52813479342132
-0.6396442464179223,-0.9280748494205183,-0.429632594571096
-1.0833763536158596,-0.07656919746758978,-1.0210601526662189
-0.9559424543683132,-1.9466079612339244,-1.0084922164176178
0.5208024480974717,-0.37891735287045586,0.7050570530706031
-0.2801900800490714,0.34044361908526194,-0.18010780196080306
1.2877634538907616,0.03121166322329393,1.4161663297330773
0.301561131343741,0.9172514141908039,0.3143310704293862
1.7031206355759045,1.6627958058568142,1.957304083123981
0.28678378005615796,-0.242301154606477,0.3013356968739894
0.6606191048169897,-0.3335396876551919,0.6747057165320621
2.2275952037450506,0.9019126134454845,2.457477241374428
-0.7721207476497488,-0.9959613739035458,-0.35615042294572474
3.2862308595912153,1.8184972309286063,3.6426950295637397
-0.28957051310252857,-0.14872658764951802,-0.3008174428939951
-0.11743866972988741,-1.3827645470127683,-0.06635359676382394
0.3592910972386479,0.4489914427735565,0.3506928787594919
-0.4815352315696218,-2.19232443434687,-0.2943057089099748
1.1670671980614842,0.2076247645797041,1.2466873538144858
-1.4541106683017804,-1.4222838126517166,-1.4119718725225872
-1.7174140257878794,-1.7568180473691375,-1.880260732844247
-1.1750164283401747,-1.2212739497252245,-1.1645882533647274
-1.2854243161415104,-1.248376629365374,-1.2077334248574763
-0.17117339571297388,-0.02213869250623235,-0.17894167611559
-0.3047729833856013,0.07725191445549848,-0.33852486084383043
-0.3007359805347242,-0.6356582859148868,-0.17343799347984754
-1.0771406041378897,-0.38944391529426975,-0.729992948417727
-0.09811342369078022,-0.1869083989855748,0.034985578581177464
0.3846589819747331,0.4051067787795837,0.3793570978909791
1.1333071809450326,1.2629440961183176,1.2857474666201447
-0.8912210865450583,-0.8109142093628228,-1.046586074613353
1.1210388257811814,1.5684783402904643,1.4209730888777563
-0.7156990171254543,-0.2540462902425004,-0.7654540289038179
1.1473070421043785,0.782303484117462,1.2202372792385932
-0.5609389973367336,-0.4030904381978392,-0.9306448535499907
0.0,0.0,0.0
-1.791759469228055,-1.791759469228055,-1.791759469228055
-1.4916610223317455,-1.5445410555928085,-1.45248209232909
0.0,0.0,0.0
-2.9759673629435257,-2.9874183093451623,-3.573860251507665
-1.3572698799477554,-2.4460036738727693,-1.6759032489441
1.070763016997011,0.9154778277417794,1.3014173951748733
0.33206436935770045,-0.18093590417196234,0.2791040354438926
-2.265010375650783,-2.0214040872363053,-2.5151019166536535
-3.365936130756,-1.23551174672118,-3.556559123479423
-1.2436464591584517,-1.8789122936402964,-1.0661439521643568
1.2134862975710885,0.3850959031007752,1.6028092482808534
0.5798214371492149,-0.019020172521189857,0.6860984543638221
0.25017318066511857,0.41913866700432717,0.21128898407349583
-1.1273543830572643,-0.5544697031712642,-1.4369034160302572
1.566267288102964,1.2962371417052678,1.609441088404366
2.6561976502219484,1.1584358032661208,2.739914848383438
-2.386593969619862,-2.039952365146165,-2.36987374552231
0.35277816305229154,0.5423308375748754,0.4537916539709763
-0.5075020889366548,-0.9344637559316179,-0.6028907912494618
-0.3320535631150819,-0.8711194515972445,-0.5084037793576732
0.9838025939348035,1.0940450674192204,1.0806939021717468
-2.2344038957095793,-0.9370806650086437,-2.2788816570866666
1.2563983109612913,-0.2700724063116842,1.7199664223080964
0.5584574170081253,-0.00811870657872657,0.6887299126851422
-1.4029386398241679,0.10490202466286108,-1.6029674995402237
-0.8182844682586004,-0.09387951420423267,-0.7520288442330608
-0.20166339922064036,-0.21642648956320967,-0.12571367009910062
-0.9026037143930267,-0.969230676822931,-0.6403256088690541
0.9148706632054909,1.1976771257015735,1.1079683563963671
1.7201294669299456,0.8771721969816813,1.8569417495338447
0.11604630750332252,0.8055768238897477,0.12612696767603246
2.012320327530578,1.1418297424636847,2.308662108128271
0.3265390473959883,-0.07708690400647382,0.38841470224884855
-3.052587039099839,-2.5838268833110187,-3.3538540132539674
-0.6931471805599453,-0.6931471805599453,-0.6931471805599453
-0.5625203919151385,-1.1725620917533686,-0.5579133527269234
-2.252958136004238,-2.197826868917286,-2.306128488382806
-1.1603185058571925,-1.4327829832127488,-1.440363164994383
-2.915086089964668,-3.3518345891568617,-3.170579257450846
-2.425996124472533,-2.1786618663359794,-2.6387154914382824
0.5299224489411454,0.853834052496222,0.5412982140364263
0.6262190287233015,-0.03347658514189815,0.6872868627530644
-0.8636227101167965,-0.03722272043256514,-0.9838742686482312
1.613055431862857,2.130527675140917,1.8163697972846342
0.527487464574034,0.5307498900927277,0.5277313549464894
-0.9089159164448422,-0.587059900211758,-0.9014433501571542
0.8316096058414874,-1.0578493065289007,0.7605200228951717
1.1189947126634243,0.906605394496451,1.3640929887796411
-0.5062576919239304,-0.3216391127920512,-0.3256135328625606
0.7823626545589353,0.1868478352453957,0.9014844912892611
-3.0669109816676983,-3.1681392007561464,-3.177208141337429
-0.9633338438412538,-0.7846801402407604,-0.9108796185302479
-0.2755472267244486,-0.10118052350875026,-0.056445588068567955
-2.9631705237436434,-0.998401549645923,-3.1737723879691586
-4.192827128939655,-4.116921984500337,-4.544554610667523
-0.7750290444361673,-1.091122083844211,-0.7936267851958498
-1.5959179091868123,-0.7983017934055727,-1.902398442182651
0.8416837621850054,0.6580325301194418,0.8665959367981461
1.263655079890758,-1.0703865610827241,1.4673270655160264
-2.105945858908235,-1.1610522799787404,-2.2909115470047454
-0.16453615432147378,-0.16778381157071764,-0.16478050168343739
-0.500445389915875,0.49750157310145776,-0.5430401234055844
0.32518514435016166,0.3713533393823875,0.3094007693008997
0.15774829808110738,0.1504860375873122,0.2696918284085219
-2.122420522738556,-2.5323235825985684,-2.2562652647199872
0.527487464574034,0.530749890100821,0.5277313549464898
0.2408620611359868,0.718436974393693,0.36493004044308913
-2.8376439624286647,-2.906310521701627,-2.93183531146581
-2.1493322000088493,-0.9602755750381509,-2.1607500789704868
-3.390800291159225,-3.8634377135658107,-3.6400536466092266
-0.31468275652961253,-0.9134583361791501,-0.3759463251317653
-0.6558359880915182,-0.3058920461060388,-0.28463471714536187
-2.06446215550232,-2.3844618529153103,-2.438554826246768
-0.15963744583753486,-0.17941266073390902,-0.037292305904575176
0.7821379646307134,0.7288427951567775,0.8555790764380388
0.916293020016116,0.4674648570274868,0.9994957741062267
-0.27631661939338653,0.1454645193094008,0.04175328645918935
1.9433475931038788,1.3329117253370446,2.043488794188547
1.9096984549538725,1.7184058480228215,2.0207958250297873
0.9078340502043564,0.5131946739939818,1.253227051229481
-2.5873931115113593,-2.091632385051085,-3.056037739139581
-1.7221709038802446,-0.9112728819406121,-1.817360389723746
-0.9656337079456664,-0.8356976435187002,-0.7346018748290126
-2.4643737358917464,-1.476456720246664,-2.7367291915841974
-0.6931471805599453,-0.6931471805599453,-0.6931471805599453
0.664289725386257,-1.1938748379727868,0.6000677705047378
-0.9600195584157419,-1.1866536182753484,-0.9153590225646802
-0.34273417269647727,-0.04824178779561795,-0.22363201099305016
-0.7195635122031497,-0.8103228475150821,-0.6827754012188769
1.5321007792537438,0.5391953493231558,1.6748344432944908
2.044559204429973,0.5819664648056538,2.253823491648208
-1.0186895637841462,-1.196823335567939,-0.9651398142205526
-0.30932081315070414,-0.2848822586802105,-0.085733904667393
0.244716610683067,-0.15196850536661613,0.17348053281579015
1.0718953788772791,0.566082556143888,1.3048742185191005
-1.251099197281963,-1.2677439180613366,-1.1827855314002085
0.6097362838790717,0.11183568896818656,0.7914067119732272
-1.0038075573169596,-0.729506086257358,-1.3508216102144235
-3.256296960553609,-3.051026247113134,-3.4966750225674743
-1.3912946637111394,-0.733788636473821,-1.6374203185864096
-0.15529664439911775,-2.331886242252288,-0.07700491395229495
-0.13549717547179338,0.425693805049141,-0.10754379564453954
0.11808580460168515,-0.28947857254002507,0.17224452348767333
-1.151999949702442,-2.2758078632969108,-1.218832117330081
1.4960519074350898,0.3920847687313602,1.7004020734392182
0.988477893672094,-1.2122672431945845,0.5613356398730572
0.0,0.0,0.0
0.35449378519702435,0.6813122756335039,0.14733317706622964
1.735499761766532,0.8043445304452039,1.8615368647597532
0.11186088981280388,1.0393054019217647,0.35547534813007275
-1.412025727753198,-0.7919304336028751,-1.74125475202481
-1.7521707148435008,-0.5682425423645062,-1.935532862076296
-0.5694242738455859,-0.9709027782261224,-0.7365721265787163
-0.542468171091489,-0.8469707804375604,-0.4882451357515044
-2.2291870338371744,-2.5965989923961135,-2.243725033093065
-2.758548952030564,-2.405496540259749,-2.7699282033880164
-0.6966205446219664,0.8250990913686238,-0.5850951708648485
-2.3972275065946103,-1.357331182237237,-2.5422983096234595
0.5957924020443107,0.154955992217973,0.8261433468825848
0.4520269752898655,-0.5416479960301523,0.5512252497471816
-2.635586771897038,-2.4778523695685726,-2.730705124952722
-2.626433799194597,-2.622378381335436,-3.187803343851821
-1.595166125892574,-1.9263036317776194,-1.4953235543150438
-3.228293046626123,-3.0956374603481946,-3.3678791560723056
-1.7712265553318012,-0.7833095396867189,-2.043582011024252
1.0663810139322605,1.0890863152103711,1.1836615686988754
1.9117421238075405,1.2754620289670273,2.2219856154244413
0.04991773916652883,-0.13446642226012626,0.2067095394855865
2.0006357889318793,0.10041434913428247,2.4052197038279446
0.2563358648535715,-1.4960444677610152,0.4781938986749167
-0.453817351343637,-0.21862079053256833,-0.18116353043896488
-0.4649689768500254,-0.5931357675162162,-0.46278180444209754
-0.11713578667342303,-0.14620108904469992,-0.10290739939196199
0.6805024105773411,0.33232585254060804,0.67717273508571
-1.4972078328179967,-1.7441164089489871,-0.7237159714545214
0.9866547937746053,0.7776636357143825,1.1456886235034531
1.3148586303115475,-0.19927752760676753,1.5489837414622611
1.7606326743552496,0.8035479678762081,1.9867507309272803
0.09319473232399679,-0.11265496652011009,0.15879514907173545
0.9389858651629709,0.7883576976900966,1.0608462049523455
-1.1512120639857724,-2.2392899164429934,-1.0825607232567016
-0.12136650917650897,0.015521728406816076,-0.1405041108890341
1.1422330639217666,1.0483643920269448,1.4121941552830095
-1.0454258403483372,-0.19482893752783675,-1.057626055030485
-0.424247966745509,0.5384382382975978,-0.4771224746908058
-0.5708597069288878,-1.551131552427451,-0.43470117310332723
0.6929036980557932,-0.4119313700010805,0.7668917052349621
-1.6764649881145561,-1.1390124371945358,-1.8723457639167203
0.7726110620836433,0.07180201926994056,0.9997153340830405
-0.18350386609406583,-0.8815368140358268,-0.27761049835022117
0.0,0.0,0.0
-0.9545113616473178,-0.477944918640636,-0.8892735788653934
-0.5532748864723147,-0.6115040673701481,-0.558009023165185
1.8164225690419058,1.4279066480204883,1.9191038329378927
-0.040455450195023474,-0.2802957255983245,0.011478821721764742
-2.4889685409227504,-1.964864178216824,-2.6117664430871446
-0.6218199873287842,-0.9866598097129364,-0.708975806932273
-0.4074537913986588,-0.3967374835889546,-0.3933454995766656
0.14076092929940529,-0.449742229915397,0.21672562959186603
-0.6931471805599453,-0.6931471805599453,-0.6931471805599453
-0.6931471805599453,-0.6931471805599453,-0.6931471805599453
-3.1643806606165836,-2.8351122069716865,-3.7488817962739547
0.558424103826589,0.35754142159772573,0.759174386362137
-2.845489148925365,-2.1052090876264176,-3.2346148191174278
-1.1350319566764053,-0.5037845111676871,-1.0944713631034124
-2.6658526925150947,-2.944933059224737,-3.023712064152972
0.6778692902983982,1.4279954721147263,0.768561987364128
-0.16570437409961516,0.20493423102272268,-0.2002093138711039
-0.6416897734748684,1.3385145475759195,-0.750952877470071
0.610698046757333,0.778548827215748,0.6156702080848081
1.0008396941386983,-0.09432030071612822,1.1028060101713228
0.6911619758903799,0.03447365158576308,0.639755297521043
0.036024423750143676,-0.36909790447796426,0.0016448342487791912
1.0996409495855137,1.4695098271502398,1.323942780086063
0.5911689579413101,0.7804884461533618,0.6570592046503211
0.014538637343982882,0.3602397807551432,0.43306312045948087
-0.7355174485159857,-0.9067988589631447,-0.7133813128088129
1.7213489704970142,1.4958509271977383,2.0884818803522207
-1.745553150010984,-0.6521535630592719,-1.7630156070024512
-0.26189148265044526,-0.2063238783680615,-0.2365442671472802
0.20996864968736065,-0.30331502910940117,0.4470855741208943
1.3952388743343958,0.19389570554520796,1.5507171354779627
-3.267707282474177,-3.6442981761387543,-3.340416232728812
-0.5661422037245344,-1.1039128363881112,-0.5873093787032928
-1.9289547548024515,-2.025148768314191,-1.9832157484210797
0.46533671033957535,-0.8139648933442732,0.46630277103893214
0.6985822158338089,-0.5278784660470452,0.9108838353921157
0.982571536016926,-1.2834258073772888,1.0235919434155702
-0.15368275201548356,-0.000875745911391537,-0.11223480364680878
1.8984359188833162,0.02736457485512654,2.1751713777767674
-1.5124016775810385,-0.5252924965368516,-1.4429296036805073
1.4398824751250674,0.23493424831248658,1.597096886850174
0.9943953145245543,0.9205108269570454,1.0960096590407478
0.07838584892479118,0.23932044260573193,0.10419080502348034
0.9358304539601958,-1.0836810075136298,1.0340923389216348
1.5694912414267501,0.21110329640199577,1.6467171180233011
0.5015457048898749,-0.9081964817884477,0.6962335658543862
-1.348072419232669,-2.335838249953607,-1.5485790342626737
-0.5264496853332489,0.056809516076811645,-0.7597099483630482
-0.34148757654911566,-1.153452281190196,-0.2350790703430927
0.9075439977443115,0.9631059204585255,1.1965248183837869
0.22346401288605552,0.12390958579459707,0.3864289620164217
-1.0385124180429066,-1.9188505289370084,-1.1729830046950274
1.1388016723889842,0.1316676461901862,1.2756696695895389
-2.3167851045169483,-2.1803388231037997,-2.4865107065101406
1.2708123476020736,1.442275805492498,1.5156613351315695
0.5993551966722066,-1.0419203588675,0.7012929145997613
0.34663275900550433,-0.29650132144247326,0.4417325321061043
-2.67476662367357,-2.8830231129847586,-2.7769301456782833
-0.35632438987393295,-0.45318467720893624,-0.17128202746092852
-0.9510091594882394,-1.1092566083907045,-0.6857018188198266
-1.1525108509141113,-1.0684579125967224,-0.9928146106540345
0.9979610443829094,0.3956076704305407,1.2800694985032857
-0.03692468482804957,0.3888213575991742,-0.10500048208953146
0.2712962972413941,-0.034596986679397417,0.23473068529919966
0.6691330331558518,-0.4724982634148863,0.7347213431556474
-1.6495727464060277,-1.7104481169337782,-1.4962207858160967
1.461975433971772,0.6293155976716971,1.4003941171285406
0.5357569091730902,-0.16428512606753196,0.4209413961475802
-1.603936028966013,-1.954269008511731,-1.3814671960089981
-0.09487970954431878,0.16008038793045992,0.06973842688725636
-0.644058815039676,-0.3681528923406146,-0.9154051598069035
0.6637892081388127,-0.011804775493659261,0.6984373534002546
1.5308188395415847,1.5191302296380513,1.6738232033566545
0.29631695464904934,-1.0654091035356887,0.5905003941971673
0.6131736628555563,0.2374899520804765,0.5173552864531925
-0.1794644313662915,-1.6423164021371175,-0.08517441313175743
0.8285180334066499,0.33780412565568996,0.8744793644890294
1.1736169096870699,0.8059649801040168,1.2104816937349356
0.8081584663495709,0.39422745533475423,1.5470022940975405
1.8620515838550693,1.484766053601408,2.2153761906840543
3.3402674158168773,2.4212340731535362,3.855201326651494
0.6861152574421808,0.6606364123251661,0.7333021362465801
-0.9879778194848567,-0.7216217385380095,-0.9409322693638522
0.40398841948048425,0.2461050635503568,0.6218260519502202
2.0295228237747893,1.4295673869145231,2.1340890207924397
0.5229013833613297,0.5017897702149611,0.5401703685487645
-3.0867196332301092,-1.8587549744558935,-3.288887807260366
-0.38265068406797537,-1.647079812503491,-0.8506406954835071
2.620493657662284,1.260725954892316,2.9733222344366967
0.0,0.0,0.0
0.20850581457432882,0.6735612182161824,0.30187286864732554
-0.6134431179667855,-0.5458630937720726,-0.8090186313678783
-2.3665351232987297,-2.1655954058353144,-2.411471567351888
1.2596253221435563,1.3838974497667231,1.366630876799588
-2.8007127846810747,-2.4445323514007193,-2.7578363286048067
0.4162322921812225,-1.0097323744904307,0.4142599695671311
0.3664226145213242,-0.09902866765363143,0.3364635446870073
-0.9813465781415421,-0.9684346342114014,-0.9557950550874337
-1.8132513366880465,-0.9838821755244023,-1.8156530692665602
1.8993210656182833,0.7054606645747996,2.0146165620944276
1.172840211950536,1.796505503138329,1.5841755818413767
-0.48595135613563745,0.6774959520234004,-0.2653661701236119
1.1014902386223386,-1.4852560383754405,1.337330582997989
-1.7712698584379514,-1.8208415189413611,-1.7707371214998429
-2.9491227619604374,-3.363306638868631,-3.1943849938624784
-2.3269589606042547,-1.4041398403289143,-2.2925314775273193
0.0,0.0,0.0
-1.9196794106237016,-2.853466552949751,-1.794411118665436
1.6570403054854688,0.4833360918375711,1.8980765415696756
-2.381226567508632,-2.746545665460012,-2.7693411628972844
-2.726965327662116,-2.019222588596617,-2.890211173751945
0.8577937254047855,0.38660823079681544,0.9098627648603025
0.641002878801574,0.4975292671920062,0.7088290529856063
-0.25592999925754306,-0.33594173165687813,-0.2423276598495387
-0.004202980336623766,0.47836898771862024,0.13366590493872085
1.5060861621238435,0.23286729944974643,1.59786112792296
0.0,0.0,0.0
-0.46935723214719915,-0.5883163726973898,-0.4812536429988755
-1.791759469228055,-1.791759469228055,-1.791759469228055
-1.8825772501831142,-1.8830574976079628,-2.3514122446264807
0.0,0.0,0.0
-0.6931471805599453,-0.6931471805599453,-0.6931471805599453
-1.791759469228055,-1.791759469228055,-1.791759469228055
0.0889907840707681,0.035695614596832195,0.16243189587809348
0.20850581457432882,0.6735612182161824,0.30187286864732554
-0.6448641512196133,-0.6373230566055493,-1.239333799279462
-1.0365502931174113,-1.614516386622702,-1.0887264311744287
2.328585964636718,1.5146214630935206,2.55440391828022
-0.1796782395485184,0.41508237485415195,0.007942697017500144
1.3102242386486496,0.24261955429703855,1.5194129093894824
-2.2661944211222584,-1.1718510239931754,-2.4643818261933053
-1.166003920847464,-1.3120873364294678,-1.1796595516387551
1.115125853124218,-0.13130033272822292,1.4371014427585775
-0.8987455884375231,-1.2330861594106153,-0.926246760195977
0.6786562024263989,0.014208706477497016,0.78254484287352
0.6390410921659825,0.9496630164994118,0.7881063778508038
0.6598359620874389,0.3713903383256403,0.7171861667929158
2.67631186594008,2.6042668165401888,3.005161525593099
0.7203185353933292,-0.505160002119845,0.6870052634381486
1.796755796947613,1.3489549910122993,1.7685201588652053
-1.2610817193262642,-0.8748866073002698,-1.3160362970006327
0.4249446104191724,0.16183707492976462,0.7241966228134655
0.11398405147218636,1.17252404634248,0.09502529228795947
0.41911674031960533,0.15277279205102076,0.5142294864144044
-0.613596502121861,-1.1399836993051542,-0.4072703921094701
0.4147631578390561,0.5385111789757169,0.4451852614789428
0.6520087654579731,0.30196085851230176,0.6229857835379504
0.5490447172678572,0.7988911563917506,0.7455926261187834
-3.635351678100955,-3.303643620512035,-3.735779006508753
0.2695736598669869,-0.7107339126586557,0.19976646304075973
0.8062602799990771,0.6120636340494793,1.204616871668743
-0.8443650784594159,-0.20487319681075145,-0.6088677518457741
0.7451103992729307,1.0998871271178234,0.6660370364729171
0.0,0.0,0.0
-1.5860525784291042,-1.5328107734317131,-1.6987482137085101
-1.378641851728582,-1.0975429869436069,-1.144042378147502
-2.1130973987362083,-2.06363508426164,-2.2715860558670973
1.4336579712076696,0.6510828930822982,1.5380844855195421
-1.7929591943920207,-1.393427494818979,-1.8852101422903793
0.3604427539722965,-0.12463896825042767,0.25629691035015734
1.1909325482825655,-0.08205909767859894,1.3956450554766267
0.47922712375080884,0.16483368628990064,1.0011151707606676
1.6449836755432057,1.3348738209006288,1.762901294658122
1.4522027097490962,1.0617990514103977,1.9777792285057014
-0.44843056987687835,-0.8451156859265615,-0.5196666477441552
0.5265812255006528,-0.47217395030479925,0.42208811176997835
0.6924723138469676,-0.9661756227771814,0.8816405445308213
-1.814303985280192,-1.8201133243307286,-1.8265900659898198
1.0871304243595736,-0.9619507934061554,1.2310198842997309
-1.5161233400219674,-1.461614792335143,-1.5245048128597678
2.520177168571051,2.211068153259122,2.9100164399598634
-1.2772347990682937,-2.627507737617154,-1.4249688184078053
-1.3006922134805952,-0.20841573124458837,-1.3943712435123954
-0.8230595328295981,-1.0150638833152277,-0.8908607689611422
-1.5754812831116611,-1.6588729675240916,-1.6160849865354674
1.3177054743304712,1.341640379154113,1.5993843580010623
-0.547200451910705,-0.4878228718056539,-0.561254410114643
-0.9680548477055755,-2.0229986363803945,-0.7985748859499584
-1.803678644324251,-2.161202925451534,-1.8537920135571544
1.1132795476660875,0.7917896311563807,1.3723319967420344
-1.0960197819459643,-0.09896968515125906,-0.9555734465591248
1.8751293415002672,0.321564847447032,2.0305184443237403
-0.054062066769315506,-0.03990302449678225,0.35008929084892076
0.6531380405126022,0.24754070213650417,0.7340151904443337
1.1928912263249138,1.2678194250217691,1.4622646481136428
0.0106433957692291,0.975316460241274,0.21612397851667425
0.0,0.0,0.0
-2.273023148901354,-1.4227606884811,-2.538318633175283
-0.029959193148332976,-0.7832063428781288,-0.01814639409876777
0.021943413301456757,0.1626018225691498,0.17877649898398437
-0.9239473765569706,-0.8232804780623009,-0.9092175472820057
-2.3767086361127925,-0.876875773907696,-2.4046949815080914
-1.2036371920743119,-0.3234105049849256,-1.410456872939246
2.4026526559397294,1.240622425555156,2.191767856055883
-0.13956510230596555,-1.5839192785705385,-0.21667418777210898
-0.30686845282259034,-0.10797538547132647,-0.27456974269401047
1.9081920022629442,1.2883500174159705,1.9531564799871999
-1.2292396447730554,-0.3540865549307926,-1.2799139232637482
2.5262932233603657,1.448586164488964,2.928702863206933
0.09638545082741513,-1.7101679249113486,0.16869608597563737
-0.003816340107462206,0.10722807927063566,-0.05837486451308093
1.5185345767346896,1.0092464670475005,1.5891036940618144
-2.600105236045038,-1.5840720893725828,-2.5191014144005854
1.2939172332210571,-0.12411449382604839,1.5326781398772402
1.7661043707416113,0.8355500307561653,2.1057741965699526
-0.6329560814041182,-1.002442320231262,-0.6246778400403522
0.39689128236778454,-0.47928186569213505,0.4335855774371538
0.46620376309223477,1.13831104421785,0.5214959245867491
-1.8777390717309046,-2.0324069452991567,-2.221718606187483
-1.9097049176442151,-0.8513882079241334,-1.9027882205919002
0.4230277032648205,0.7673792550924114,0.5741859375010422
1.4797689759064176,1.6962970514838307,1.8506637512223558
0.7686501342080759,0.6361519254781073,0.9673703449376411
0.15581785179869984,-1.7448786507358753,0.2866887981426882
0.9336489314727868,-0.8982443691233747,1.0419451752668842
0.5751192996983756,-0.1025295838284239,0.49933786451656725
0.5286110262384716,0.5253633689892276,0.5283666788765079
0.5070681192540937,0.8035898685244061,0.6285846029467264
-1.3924602518475542,-0.24127838979634417,-1.4797424080749317
0.978614786439289,1.1460816047975837,1.1756374441775974
0.8846536757040183,1.5960843099276165,1.080097227782885
-0.005130078200575428,-0.14923392057546925,0.043565717553088266
-0.16453615432147378,-0.16778381157215463,-0.1647805016834383
-0.11346083972292452,-0.023352126527144378,0.027294822658050534
-0.10145871850130062,-0.06677770077192262,-0.10490936193149197
-0.5677851841673502,-1.3292251114079663,-0.6058448344821344
2.860544293791552,1.3216288831089824,3.1283947737482483
1.560325384397515,-0.43893379450978987,1.6292169482471062
-1.3314539621685113,-1.341072493049352,-1.304279258715148
-2.4974149536575894,-2.388294195452146,-2.7213731567873887
1.4630438917797945,-0.04741977417146015,1.4590579705095033
0.02651724155131071,-0.6827314025288382,0.05324630000679338
0.9465768810626375,0.6643665248031144,1.071546743798839
-1.1751464902666138,-1.1979369602629928,-1.1513468033574548
-2.1774200143009,-2.861054518750478,-2.1532687460929276
-0.956080619180094,-0.9838975089755797,-0.8698274173938431
-3.6493851751210054,-2.3448332971022414,-3.9438846868480484
1.5915096437256337,1.1394485490686592,1.960943860757423
-1.12260603896477,-0.9969307562616431,-1.012993709373221
3.7099188121032456,2.1495089198886737,4.1677536905640515
-0.6748607837383436,-0.025407204177995735,-0.6819270048225854
0.2684964602838981,0.3068187801631894,0.355889098549118
0.35813515833837684,0.07748843021692293,0.5885753593306698
2.163142058744256,-0.029633345475313006,2.370855445960542
-0.36529333868353203,0.2820194674563181,-0.27734630125951243
-0.09399758992761291,-0.034015910054201876,-0.09755582196466768
-1.421251946175696,-2.0943199144692133,-1.286852604714587
0.5885417956955701,0.47030230584006966,0.8366175575901538
-2.0969161172069954,-1.50336192210173,-2.3762917530402126
1.4654488119275995,0.5411821054437506,1.5741613203585025
0.730095908621425,0.43286541708313836,0.9844171414140446
-0.8568019937190327,-1.062217066574782,-0.8654392930879562
-0.5358399303355474,-0.7326966652332025,-0.513964882067874
-3.8993539057307065,-2.402834538387298,-4.175044813830172
-0.19347170746823347,-0.4976703401973233,-0.09043954799140128
0.06943760812646797,-0.36907119993269283,-0.009304040016022398
2.6389503621948145,0.9094136450130555,2.9164279419054555
-2.2995044937498954,-2.6983026371200816,-2.267017391170571
-2.429725296333425,-2.149610156528822,-2.3582610542349416
-0.7045329644510991,-1.1675791272927647,-0.5815945634234654
0.037626218707972,0.384409300871881,0.1320981677470047
-3.418669580123032,-2.9139793578881634,-3.6002818862296926
0.43214295365455774,-0.6806497503533769,0.40973329055597224
-0.644058815039676,-0.3681528923406146,-0.9154051598069035
2.3783572069122014,2.157508461501925,2.6599907683070536
0.1499719447385859,0.16830770378111706,0.23882348497638115
1.5718161032476208,0.936794124802967,2.0514797722566516
1.0291723090950193,1.3913288204669367,1.408370008390427
-1.5978696162469748,-2.1517807406632046,-1.692414913854122
0.5437151755511558,0.24579898216497523,0.6263888830142923
1.9256371622514274,2.725421228031103,2.157065623040561
-0.753800651907823,-1.5237829896993498,-0.7229035016422333
0.2606570428700811,-0.602851213964394,0.3448594376705515
2.014436186422937,-0.1473161416199879,2.451816528872915
-2.3082609257103095,-2.5248905212628787,-2.6794371366454692
0.004751914543180901,0.32978023199331297,0.13735511550812157
0.836172494702377,-0.6814403380236573,1.0016145743162892
-1.6449909747618892,-2.3587170211582533,-1.6401211593580838
-1.8732332724870684,-2.2434434822080167,-1.951756471063365
-0.1343048019705472,-0.5780915929608346,-0.1996876121692114
-2.353752473280711,-3.74325979445201,-2.866352499936313
-0.7899977996907614,-0.15232268033481822,-0.7041385863857336
1.182336181805271,-0.6322762654884191,1.3756692295071482
-0.5020090947695535,-0.9107973282851671,-0.5803299300734966
-1.4999950948108485,-2.011289982787637,-1.5722921052525463
-2.962503348623507,-3.0499869175691767,-3.038041595696873
-3.6468859379746443,-2.785200516866994,-3.7482100305175705
-2.2046769142200056,-2.5590677906348493,-2.600962189263173
0.3745565847632585,-0.8974941576849228,0.32483419603790126
-1.3463642024587719,-0.8682078993444531,-1.8578955940648
-0.49681836899050896,-0.37058136326813934,-0.663260370823397
0.9737987676268232,0.9460039797367149,1.130222554522993
1.348580127955783,-0.2688491913032,1.4035671952215922
-1.650762523673979,-2.393296736633087,-1.6367261154840644
-0.7242720156393659,-0.1192639751489707,-0.5611828821562476
-2.0675618403229037,-1.648046848430973,-2.193802668168071
-0.6057580233562193,-0.33506638240960285,-0.7359033036439068
0.04684916163083175,-0.37276248489023744,0.48311742034707383
0.8069418724426295,-0.9029395314898877,1.0728835889456767
0.6918671656652703,0.6765330901420291,0.7602786613507226
0.07902992834874017,0.5115183938286059,0.3101052507800009
-1.537198685581982,-1.6419594883738053,-1.588187152424428
0.3009950244228497,0.7275172155613648,0.34512320312761924
1.3988591357647424,0.8405156842917418,1.752420912615959
0.6166920441267543,1.3750302791347024,0.6082016595846182
-1.3145297692081277,-1.2814207130503446,-1.5637370980679648
-0.023988784616834055,0.04136358637174564,-0.0866825612698549
0.47202421045511994,-0.5888173550710853,0.4664354716348628
0.0023151293894396073,-1.1099570232510907,-0.07247226312269536
2.327715961534918,1.3359426476809202,2.6113400942046163
1.0348794159575243,-0.9241718370213136,1.0277354991514571
2.0337690045069903,1.2070951676306387,2.3430382590092407
0.931873294170815,1.1524165315742023,1.053653323307258
-1.029092565474385,-0.26621337785359267,-1.0564718472157675
0.05686536827590829,1.0498604629815222,0.24285576108615697
-1.9007868592812394,-1.566021818209685,-2.170095203252708
-1.255945018367066,-0.16900087686658016,-0.9740017007360782
-0.2230510557709053,-0.21465922270984178,-0.11981913390868267
0.8062602799990771,0.6120636340494793,1.204616871668743
-1.141735301992804,-1.0849505916240632,-1.0401868027939585
-1.4885819343749205,-0.4328654170831382,-1.8479863515384987
-2.230980831989721,-2.250634425227024,-2.352422273495345
-0.01583729358982775,0.07610483733726946,0.09736940225148424
0.18393401458824268,0.007250935559938844,0.2190871372711615
0.6548218014302045,-0.15427797132575047,0.5509943101756555
1.6897645001213744,0.9410114418627273,1.9746441506997123
-1.3025629679605137,-0.011730361088890204,-1.4605009831103017
0.0,0.0,0.0
1.3622036595148153,1.3515485254402235,1.5828940702853855
1.0460798226866141,0.9381830166756256,1.2250283404341396
-0.497785280012506,-0.08127248661323551,-0.47898570712237093
0.0,0.0,0.0
-0.6221697992372546,-1.0309513062156352,-0.6510949917617856
-0.39458529836007383,-0.28903469389368047,-0.5985264776329933
-1.9401218704349064,-2.2374947176572273,-2.0702161430842483
-0.16453615432147378,-0.16778381157179512,-0.16478050168343739
2.8714330200973155,1.9337870661419894,3.128380549779075
0.04119619761291454,-0.09566409837954305,0.06397340235199744
0.29533088068826463,-1.0496674222035167,0.3458461135291675
-1.6210127044340552,-2.214092876669327,-1.6610080889469725
-1.8591384163389129,-1.2704827560837002,-2.104628622182215
0.49657245180837967,-0.6029216525773483,0.7071012242978747
0.9152827567663322,-0.6993377527591921,0.5405093383485883
1.7494063847193972,1.1938795065196637,2.0000126497583466
1.3296842557550896,-0.0636581630323103,1.5077267570635922
-2.019492596587344,-1.5029628125917198,-2.3192160233844143
