ho_likelihood,hol_likelihood,std_likelihood
-1.5427391876786345,-1.4342056032473978,-1.4936135604363296
-1.9187215502772774,0.02230560603333244,0.33338664058269996
0.5771124040908923,-0.9211664030633732,-0.966071365855804
1.0650565732617532,1.22657329621635,1.8724956520444997
-3.3009414090760667,-2.9690968348095645,-3.4944304216113715
-2.6014699861795694,-2.5306756833421047,-2.7427186081429658
-3.192723444603326,-2.676425257264466,-2.9753288953923516
-1.8908206872682696,-1.9476947298104454,-2.653088977604704
-2.229748650865566,-0.7303436883404365,-0.48698726123396197
0.0956508841450184,0.02175077085335875,0.7225982267750105
-0.9583641696224906,-0.740976008253583,-0.24909717329162057
-2.975589658992402,-1.2391423830573323,-0.26137196128910334
-0.690959959613709,0.08144925844192812,0.03454590129293129
-0.8174051666846545,-0.9233231535867931,-0.8370108057822904
-1.1199681276953586,-0.38774692379201825,0.05459936594498215
-0.8567991302873808,-1.4962328710775192,-1.5009551064503146
-3.1382971974140363,-1.9704918657363584,-1.9695944121492261
-0.6095647916361756,1.0123546262259298,1.9480215139960348
-1.449476615962835,-1.814717771424999,-1.4793589661279392
-0.8556416646103062,-0.12233896202299165,-0.2918645084886389
-2.674382804160648,-1.627461755754678,-1.7124122416936867
-3.009129767077259,-2.926056502558806,-3.7440671641371366
-0.8445778912854782,-0.20369316903817922,0.9300505027268435
2.205730426839445,1.7019282010308643,2.350231420691329
-0.38272639845631196,-1.033131638114126,-0.4069103997343475
-1.9811002721398274,-2.8671411341755504,-3.3575358278004517
-3.227111691982044,-1.3381391101164146,-1.3405235671201174
0.4703763570740228,0.9198905268841508,2.546638389582403
-2.827458615372773,-2.395238272592286,-2.4062766876458794
-2.8417868041567704,-2.053332220293832,-1.9474056438487375
-1.3398852217901764,-2.7892516351656966,-3.6081462407290923
-3.340927445271371,-3.1966119472701084,-3.978027443587195
-2.3514366701784626,-2.1001033991646874,-2.3892249273678225
-3.1080327106144776,-2.9275571232825124,-3.44880857622617
-2.462429226528292,-2.455755764440435,-2.850882540045449
-2.128247328665887,-0.9634871594066464,-1.0895304162296893
-0.846117603316207,-0.6018278712740527,-0.2681708110512536
-2.3248713380666173,-0.6509499669355269,0.08447544192451723
-2.4424115856405586,-2.3076745369738263,-2.6951027322697576
-0.6730583911389308,-0.8632264102982773,-0.6460417443444655
-0.28860248210276,-1.3865021347667685,-0.8904542362295741
-3.893195937599766,-2.3530010704626165,-2.717237477908862
-1.9239493941625052,-2.0581517360198314,-1.5130208931469387
-3.166542139792288,-1.0684247652747738,-0.9183899204465297
-2.470302384578999,-2.8234645755947554,-3.2223595513898076
-1.557164622579712,-1.8815942048429586,-2.4065472121616724
-2.781592633787817,-3.5155231030907697,-4.12411533777055
0.00832086207330531,-0.9315623806274131,-0.26504103422272507
-2.347243228392487,-2.4277377739333232,-2.288241483538421
-3.7938772936478418,-2.497071246893666,-2.04533601583931
-0.9104046261689228,-1.2843082944011182,-1.060805017894205
-2.9942920245064384,-0.8804304380010209,-0.9153512788821646
-1.258270805582428,-1.2828252406314204,-1.105171933998438
-1.7570073089341194,-0.7821378480647517,-0.00586648199325148
-2.5906927055691,-2.1417937228454806,-2.612667473667624
-1.9403425923067759,-3.288118988968292,-3.9069473649093576
-1.400961919990321,-0.9419740262500786,-0.5572912270012574
0.604452594196148,0.8833861844037234,1.491068032317484
-2.7577175741886206,-2.5120915950999376,-2.4025113223498855
-2.133043582214209,-1.126677879533349,-1.3204860001080694
-3.785978714559852,-3.574246069599577,-4.174126757443858
-1.9284268994649194,-2.468826506806863,-2.6198025119605157
1.3559633287883794,1.7352770379062827,2.4873350260279055
-3.0934920951349048,-1.5477759336107826,-1.4916935159282916
-0.3113598121867161,-0.2667720110954639,-0.5660876938951568
-1.1721888261708644,-2.347534409751765,-2.482877797767313
-0.4983528685057437,-1.0558103472835636,-0.9320064119353527
1.6463809938621747,0.6578677125927685,1.635771233867576
-2.104081916512411,-1.2097066441884436,-0.6897316489652003
-0.14162620772633142,1.6325018821682755,3.058207027824743
-0.3099026705919769,-0.3979177241323211,-0.5248288194139384
-3.59684083584239,-3.2424000596722578,-3.7712580486534675
-2.6130560977872914,-1.5959548381504778,-1.3848915638997448
-0.8808368594000338,-0.9321519169683515,-0.7740066014015523
-2.6702592164591428,-2.2363293160208415,-2.262681216440003
-1.8136405534311573,-0.335614496030343,-0.473999285929406
-2.582324623445654,-2.6512437725143587,-3.2701638577453247
-2.1978494184882438,-1.5440233039424214,-1.8620654322603523
-2.8431824602440376,-1.8728204124634875,-1.7820123186470262
-1.4074770479122587,-1.7522884085949935,-1.9240085190753524
-2.8449512905757066,-1.2826230095374016,-0.5549517529150108
-2.302133237591415,-2.551647272617267,-2.57558485294359
-2.385254382271107,-0.7420377471984702,0.01787718256402983
-1.4083002618219331,-0.7161104151835284,-0.10655847803087427
-1.8701312571143323,-2.3615214605447363,-2.668847095586671
-1.3942920188849006,-1.1928871940738082,-1.3022724133211587
-1.9755427067486262,-1.1413378447732108,-2.054150353640175
-2.80210672170181,-2.3016947705504402,-2.128144286559824
-3.1710755544461597,-3.039847799880462,-3.404449933491977
0.22431033458513325,1.187565259601465,2.3490861921250588
-2.9680258123302696,-0.8717165874884409,-0.757027123196454
-2.8353537706879584,-2.0406520416859193,-2.3487085890660633
-2.925664004293148,-2.185657669533726,-2.221292537387747
0.07696376756190086,0.01842218382169891,-0.14795212795872026
-1.6641775574209001,0.06664873355928437,0.6585476958905463
1.1887825990400251,1.256859721740184,2.100262965223602
-2.279498101075489,-2.299209159542155,-2.557439664489073
-0.31814634348003556,-0.9272345190897259,-0.8519902336058824
-1.9308497946291838,-1.1135221495163155,-0.2875824929349329
-1.5122073043504247,-1.7967566831155066,-1.840022016846375
-2.5169319090088056,-2.6789532618505425,-2.874530165935355
-1.9388224095410327,-0.7126623215679389,-0.6908640662919154
-0.04644702826369206,-0.9535994189828788,-0.9236590632027063
0.30005173427080944,0.6790593965780103,1.7988182368499954
-2.982351802064684,-3.5312434990767856,-4.249525817424162
-0.7328441526786107,-0.5067297734233897,0.1379631308571141
-2.325409961025295,-1.6814888307171647,-1.6039252874284322
-2.04990653405304,-1.8478918315105817,-2.2237851577205587
-1.4796177295748751,-2.8441555793478632,-3.0352002206261615
-3.1874501108950617,-2.0972536208015122,-2.245430476390712
-3.2996141229902034,-2.5103893411388545,-2.9542921183143895
-1.1359042100346226,0.4773248040278109,1.105446816169596
-1.3258207897498886,-1.2063495053170965,-0.604369133710447
-2.0703324318677025,-2.3076516886530265,-3.650304704265421
0.5717373115855977,0.9096971451961496,2.012161713180711
-2.597292128229833,-1.2891381157824338,-0.5338824339102234
-2.4579939458285343,-2.6360473264111177,-2.78494868305735
-2.347812582197781,-3.054525564245376,-3.7870570562752275
-0.6906082508402414,-0.9552115357271243,-0.18289078592895866
-4.589218905188817,-2.4397789009675312,-2.768542215329765
-1.4208568921296294,-0.6991016080369499,0.23522105539786733
-3.0336866028968523,-3.042954309720085,-3.7276012412232133
-2.465301824080835,-2.598463717142555,-2.5353389326860185
-1.1890289588948528,0.4610512398254274,0.600222121792438
-1.2152471335730597,-0.7778416633810634,0.09559127951583819
0.20092850563311027,0.04913410325879802,0.6058811741565134
-2.201169835001496,-1.5510674706263645,-1.4017244403470202
0.42095537181528886,-0.8581283781221195,-0.735257769518621
-3.296507102409408,-2.6198009817117445,-3.2111226169827702
-0.19410482170501006,0.2878923759618932,0.7436285096785881
-0.7018229833950022,-0.26989757680008003,-0.12416772234594348
-2.6997068743495003,-3.2598613626778765,-4.018343542791392
-0.0513903611358322,-0.8554321066588069,-0.9231149653659504
0.47210850262217535,0.34905124064193505,0.5434015077344315
-2.537199931717807,-0.592938413822375,-0.5616711382665246
-3.6634756272780336,-3.0137420440649234,-3.8136049877671905
-0.994460861885788,-0.19565484036625014,-0.14871822374368876
-0.598052029652979,-2.315851879546749,-2.9742829079662743
-0.7234811921181163,-0.6081747738958464,1.1951124998366436
-1.3552767059764559,0.2864804060609569,0.4168974596544445
0.6843704366807043,0.12451572582240002,0.6664347721129635
-2.005224895619325,-1.237437856257521,-1.305032058886164
-1.9776225940621983,-2.966328156153668,-3.1919140294205155
-1.1383555981501217,0.5190833406788664,1.864396296851384
-1.4323900380608259,-2.6178852038811637,-2.908819083024343
-3.796220704611116,-2.6925519954183486,-2.9287660326033076
-2.3439526324358626,-1.5226055187579541,-1.5291629209598534
0.8087737532778855,0.0028802419538447705,0.6005955425999319
-0.8305728379758218,-1.2347415990403559,-1.5493755789900545
-1.6659735506519142,-1.2663818193198941,-0.28750587496271773
-1.363089167303508,-0.5360044959908148,-0.5278854361496294
-1.5252265341463929,-1.005966373430429,-0.32787228643993643
-1.276519514751327,0.20730915426240712,0.3739003700588736
-1.1282138248763431,-0.04887119534874567,1.1418940542994922
-2.637103098245084,-3.172767847720398,-3.294870786142824
-0.1715401937117198,-0.5648343809187457,0.1665350318798609
-3.183922867958412,-0.20014384077107314,0.787605992888312
-3.4836662527348725,-2.6457808495292436,-2.9991295041094204
-2.0997384766669143,-0.1951901420174989,0.012238287898548646
-0.9685634283299576,-0.019506936796577362,1.1221644376981217
-1.9880439505517775,-1.173816000265843,-1.299862575578238
-0.6991053847133284,-1.4066074808911002,-1.579629311022927
-1.1667766482980995,-1.5104094595295394,-1.78569112467029
-1.841552461113159,-1.9690785201036614,-2.7181979675943535
-0.6547165446535733,-0.030725680977836203,0.17035870894711855
-1.3491333018393359,0.28130042452783377,0.7201250229734639
-2.0545604221233225,-2.372635298757886,-2.822283940228759
-2.456593634254819,-2.62396011663373,-2.840838687322752
-0.5903027265342164,-1.0902391474750568,-1.090508986339332
0.06813320207138301,0.25861913410374243,0.8419980530706295
-1.3012935185165364,-1.043282146450767,-1.0063775371678665
-0.46401004515980165,1.6915980619618078,2.599210659959224
-2.6905689648628233,-2.831787741150769,-3.3126457087958756
-0.29800053227640927,0.10959735289703738,2.0357725411361933
-1.5505257038812041,-1.9825795016311503,-2.1782483782301645
-0.46482930240839804,-1.0518590635969067,-0.7024536864963112
-2.7748468402128297,-1.6649064247455798,-1.6132694903979774
-0.9710175246367382,-0.9783499126930258,-0.2753906601703934
-4.3112768523494935,-2.6362428579902213,-3.0098363486472692
-1.2241920512680216,0.7680496371898595,1.5354008840700208
-2.238142237300616,-1.920700573370508,-1.7654360090137815
-1.3342083965328793,-1.904727542174626,-1.9777710353133477
-2.4101996799175054,-1.4336330951187415,-1.4967075102496694
-0.10113497544548969,-1.8464751238010506,-2.4582282262035955
-2.7228024905715076,-2.307052274436953,-2.856342400337798
-1.2664733824264651,-1.025858055957005,-0.9429948160690437
-1.2575220611691165,-0.6643390891142301,-0.3293680952113505
-0.6685117290893999,-0.2898808291016585,-0.24943708129090517
-0.794656449515178,-0.8317006744443552,-0.9853148190634669
-2.2157897513294893,-2.9754910385251043,-3.624439499135286
-1.85732896139419,-1.6109740393013252,-1.5861659373483983
-2.3364012081124694,-0.65859257645712,-0.6830034826380896
-1.2879256560242753,-1.7302140049759525,-1.9252597888208183
-0.9354012926419772,0.6681060190426539,1.3189985050704731
-3.6396247427446085,-2.6201058825094505,-3.2884170317746415
-1.6014154202706374,0.6624357261460341,0.93837964447237
-0.5716305777791668,0.6058166133943359,1.3873493752062127
-1.4014717917621757,-1.89354642664967,-2.227553116323141
-1.1220987419682686,1.2075561678493023,2.056921811879134
-1.5229506570062064,-0.2737925330686205,-0.5121018030171226
-2.2660686009107223,-1.795737700406258,-1.8957239439845455
-1.2395502905285836,-0.3380922966620148,-0.4023176258597076
-2.734201253396507,-1.0346440738924134,0.26566477437628216
-2.8080087083168763,-3.500996914603942,-4.431501274674116
-2.9314077051322336,-2.7290642486683567,-2.667624846500384
-2.310071491767683,-2.421331150538563,-3.188018915316203
-2.6957763271100976,-1.0993095275705809,-0.19327268815688828
-1.3910977960941562,-2.942038219017456,-3.4159809432204047
-2.2078279664213216,-0.3627099873794702,0.19428924352229243
-2.7995523369936075,-1.7209054808305453,-1.6125955255790803
-2.928305907712898,-1.1551867149622406,0.03496773804795814
2.073836816899313,1.9617758844260238,2.0792399344649026
-2.372569304707848,-1.6605469412128095,-1.8989935068221204
0.1990320528107857,0.999771268622969,1.1767245839485516
-2.071809967601724,-2.2230889788340478,-2.523520133140871
-1.869014872209369,-1.5796424186728841,-1.6774494801298632
-3.1241087509445555,-2.3992841790914756,-2.5867086121629494
-2.2216427842743895,-2.427649254566241,-2.4668444199625066
-1.5051176147775356,-2.8415895404152467,-3.3002417416037813
-3.048203573960804,-1.9272374397082277,-2.0060444480132924
-1.518406392143785,-0.9329961637399657,-1.1477095975937892
-0.8896169854709405,-0.5052823747836869,0.6384463627197916
-3.0737797187542615,-1.5583510049979559,-1.0360128551399306
-3.6229521257210484,-2.7289502150269223,-3.2306681977372813
-3.0904131614521027,-3.413543304247336,-4.4827696544032944
0.7802368589912038,0.8813280340426366,1.1126442136898111
-1.4873984361370052,-2.304707883131075,-2.6666690178156753
-1.9872903884100943,-1.2922888151722374,-1.1735299292360344
-2.3763555473864475,-0.8991375577428289,-0.6996381909919729
-1.8526385888932952,-1.7274857889033188,-1.774622626212372
-1.3752467182548787,-1.1598612365008774,-1.1513806945805312
-0.6955039406897334,-1.3470316433431182,-1.3803520665039977
-1.5969297037769545,-2.001802379228843,-2.3558354056449025
-3.3986261073504953,-1.9883058864718286,-2.2814392297410784
-4.461468840049324,-3.050843643291633,-3.5956379821525646
-3.439367441524311,-4.077192346265385,-4.597819698776139
-3.0763747974516193,-2.522500598002335,-2.6927463944999652
-1.5942015285875153,-2.8604989428955543,-2.9441956999024037
-3.025565263684175,-1.5272924903798406,-1.3989175906992872
-1.3410092691853839,-1.1245839574404397,-0.06731523144992944
-1.8686358114898527,-1.9273149306313735,-2.2370264032568676
-1.8998277763863909,-2.332317096213154,-2.4116545347257774
0.9549347481178018,1.0122293536006757,2.8615676089310567
-3.320504334735436,-2.354779296716939,-2.4035627109439868
0.6839421715218253,-0.2766827232079298,0.4681720158951766
0.8797265647378717,0.9498090693512572,1.0515832635754712
-4.424689101973367,-4.409907037881513,-5.137397864288669
-1.829133736844837,-2.2708999031379045,-2.7648792543628216
-2.065536808439275,-2.3086068042492585,-2.6995002948945515
-3.381290569198153,-2.15329087562033,-1.9214607923737412
-0.9671129972531156,-1.2646301002512061,-1.7723214849557831
-2.792818957728501,-1.627732381395715,-1.7489338095150408
-1.6431919386414184,-1.1665356559947495,-1.4671136801216738
-0.22509837968751473,-1.0077282306405893,-0.8060240267606907
-3.2941701977983397,-2.1626266211508853,-1.747378039555558
1.4111344609528902,1.299315291755744,1.96350339388246
-3.0031282843813005,-3.0450857127456157,-3.956119873263864
-1.2140028392447704,-1.364827129812864,-1.613418462187359
-4.042285918601051,-2.468950768452853,-2.9224968510515072
-1.2660548404234466,-0.4215171603768023,-0.2538641511132244
-0.31934031158144016,-1.454462318073503,-1.344655387681161
-1.8507354931625355,-1.381198320824359,-1.2368521360964935
-1.9966020906641986,-1.603799768423164,-1.899670982854914
-2.8250525969316325,-3.0750583052036164,-3.6421189463298966
0.12835355661749615,0.4630391980227423,1.1306041291838036
-3.5493008361965246,-1.9530028320221804,-2.246433477429646
-1.7116630577200602,-1.591535306917581,-1.8234718808592887
2.273097496520927,2.391077181404753,3.240555987773798
-1.9825332473049513,-1.7638590528544806,-1.5971516934502175
-0.7887145417642758,-0.7896335254768695,-1.0654832934724554
-1.8450598848958524,-2.364295421740169,-2.6863021388805626
-2.0480973530651205,-1.4834163416358122,-1.486110415118557
-1.5724316141334163,-0.5772627096263118,-0.5904026464477355
-2.64131226740943,-1.4851158623686005,-1.503438010394881
0.112294954706642,-0.07313870618340926,0.18178681044437126
-0.9044631970583568,-0.6345373773169315,1.019744780092432
-1.3692922443324593,-2.123842697230812,-2.2315452332654
-2.3712769740561646,-1.1935384714408357,-1.2678583806968378
-2.542733344085182,-1.7764852381672978,-1.6021801638107034
-3.330696097629286,-2.94501526637844,-3.7543669701255746
-1.185564351827699,-1.8434503803974343,-2.38170603876535
-1.0674606980319146,-1.3238215573190022,-1.3096464850585061
0.34635322713215877,-0.10934536474074583,-0.054006619682476165
-0.45404525586422806,-0.7709880798255442,-0.719130082025523
-3.5934412309272865,-3.8021884452413905,-4.373864092787
-1.0121374046313882,-0.7424309706765388,-0.5896405925725898
-0.6546677885277754,-1.9230292162157996,-2.7714856171374462
0.10656243040464505,-0.8584831703792759,-0.863598629836864
-1.0313574387246203,-1.29610908540818,-1.60713519954759
-1.8417024846651013,-1.7723551327731384,-1.9912286940466655
-1.8651791822331536,-1.8209329850214973,-2.8850643090357098
1.7799801637448904,1.1122485211672617,1.5140345128100594
-3.1678440552407636,-2.6607283093068315,-2.919448410125423
-0.07385112710070856,0.9360681752028107,1.3998052391453222
-2.57517187136667,-2.591827947393894,-2.8369729567268287
-3.4552858192651814,-3.3805658717001075,-4.269428774615307
2.4492820777114828,2.818474764820975,3.552976820077402
-2.915351688895689,-2.0959416198448904,-2.448247287980179
-2.294450405745791,-2.520806190155823,-2.7817347727489614
-1.6265874455358176,-0.2546033738124624,0.5325508169730928
-2.913572004410031,-3.365250488221688,-4.002838175460492
-0.6126675266377125,-0.6460640117958479,-0.24474945265909076
2.738796722774882,2.211174686741172,3.115462642332336
-2.6163419335561056,-1.946560558702529,-1.728954655891717
-2.5221304273725225,-2.0602729571091887,-1.9326444099851765
-2.522286227595838,-2.7581615950441005,-3.392935683150783
-3.650936504759972,-2.21699380420938,-2.8905036300309
-1.7930580119375599,-1.2804189400144987,-1.1570101741689693
-0.2763484682419527,-0.6612382369060888,-0.7493634375210719
-0.7243178691518364,-0.277574106225761,-0.1772716461047855
-0.8599177748634178,0.2463755164515608,2.079784913673605
-1.4791058929709184,0.7306089142189092,1.0842575505529857
-1.2282414284631378,-2.7382073983744544,-3.911004761427345
-3.333847382309593,-3.4319875954689647,-4.30092886234361
-1.7916300503480007,-0.8719988845811009,-1.0003449610927924
-2.337067092706411,-0.9556385084259739,-0.6670792264309482
-2.0219332796741054,-2.0344097503646914,-2.03969135092608
-0.29041282079645897,-0.3668528414000834,-0.6384678788731396
-1.3387594775898128,-1.848083875167919,-1.2411343513787927
-3.09134068562353,-2.537265238082327,-2.7942051682117794
0.5307350506528454,0.38348272441416503,0.5942190171339015
-2.0645614923581794,-1.5121714003368898,-1.6733678823478113
-3.0943126072003397,-2.2053646287787347,-1.3129746291002329
-1.9220123737642423,-2.3398443393857384,-2.5373751447513264
-2.7959476775247647,-3.1180225452588446,-3.345443553652448
-3.469277697020371,-2.743025068733209,-3.236367433432801
-1.0843889480629532,-2.601520345461144,-2.8077326387510047
2.7459767466210425,2.559781277615104,3.2834753369399268
-3.0644979130250833,-3.3147259616145295,-4.181448456622523
-2.1378411968518285,-2.3120863774249845,-2.799713673526974
-1.2819162533517023,-1.043252574873684,-0.741923444113879
-1.3588280234671324,-0.8320382320490618,-0.915188155243627
-0.8312780019148834,-2.446690689126092,-2.946217464202126
0.016769845190028783,-0.45295966068077004,-0.02672279604555095
-3.1781598960958606,-3.3080975192559556,-3.871993864414715
-2.348019035271673,-2.0920869396417308,-2.5582885244526468
-1.466259559841355,-0.9978444608407089,-0.6805555698440586
0.5378584742704762,0.8537084293377983,1.6525540875337905
-0.3284097070758089,-0.1662504360982346,0.7866741948274648
-1.138880577129199,-1.000028459139994,-0.5838843127481285
-2.0255470142001677,0.5142048655385699,1.342392502586506
-0.793862021723509,-0.8419429899088013,-0.965026951772458
-2.4615382191825343,-3.2323811438016476,-3.843436824942571
-1.7605383030005501,-0.8161687452420032,-0.2210778875732679
-2.7847280209551295,-2.1866712297108166,-2.2831583275415266
-2.02341748716139,-1.8325752320185795,-2.3745681845637785
-2.145429877634855,-1.8507349097394057,-2.063588859141765
-1.8119375554261568,-0.9211192442450026,-0.9796036723910605
-3.1313099210915576,-2.6283821365706688,-2.8928209744874867
-3.030841836203419,-2.34848272805732,-2.6342145764700406
-0.9776194030826023,-0.6474915620291719,-0.17081071535514522
-1.8452377339578911,-0.3851229521260825,-0.07570344405841632
-2.489074505345982,0.0742787210483902,-0.8091217425555793
-1.143905489997009,-1.2684245664787483,-1.4130901312052868
-0.893693702969478,-1.3008130620417455,-1.8734825891138525
-2.450585211890263,-2.180540441769314,-2.5862130049468477
-2.43046840889834,-1.3768122011700497,-1.8581933106196642
-1.8553490233519312,-0.6373919533133517,-0.6012185288111782
-3.455011381249579,-3.2090966762811264,-3.764348569823729
-1.3309683972324104,-1.521758507002822,-1.0787794443640255
-1.8733405712683793,0.0005957961106688884,0.4185687708077467
-1.8284394311646535,-2.4763134191644327,-2.9394914075759133
-1.5975197020390917,-2.3625332632667617,-2.8407974995103746
0.05837369361384881,0.16337315340738295,0.1646145771799063
-0.44761280538570913,-0.33748236266459025,0.4274225404462183
-2.380044340782216,-1.6369666232406668,-1.7174013818124465
-2.238172531726163,-0.39172453000820445,0.5252963227895455
-3.422487523971565,-1.4629705408929292,-1.4453416362759677
-2.3701112491722314,-2.458528329094069,-2.677621526321964
-1.377936857192078,-1.1258566933250587,-0.47686508641505787
-1.69943561391515,1.284781596714371,1.9838036141593076
-1.809208516687881,-0.4442805352956067,-1.1494532617256006
-2.7782595245330555,-2.6985428078297744,-2.9826967330337584
-3.069800650770559,-2.7046692858752084,-2.8137085087159583
-4.186770364978791,-2.7133479216293344,-2.97348282672424
-2.241326548882136,-4.050631307154102,-4.772018444394157
-1.0440983707169118,-0.2053329878771912,0.5822967709983439
-2.4573863310486628,-2.330662361924977,-2.520183129636373
-1.4110000375931673,0.060813201296288165,0.8365017484874763
-1.8232902951961651,-2.5816598068984997,-2.939453987430112
-2.9138544536861493,-3.060628699245449,-3.6698649740938722
-2.7505131594601675,-3.5369724038710033,-4.08946561922606
0.010513095282363348,1.2684752938875858,1.665891390721794
-2.152359702818512,-0.5456038379707049,0.23281724523113648
-2.3722044263234405,-2.1279958979011413,-2.5243436370526866
0.6878010331502917,-0.04744720086754893,-0.049026702634339316
-0.9626053006347373,-2.387234511416435,-2.426228412954546
-0.6515532222611499,-1.0746482219425166,-1.1302860204041392
-1.9479576534693719,-0.9990016105085254,-0.2396867124056882
-1.7081110142997888,-1.6847928805569046,-1.7613366673071456
-2.3891999818075105,-2.5773837944908413,-2.68448572080473
-3.368527123730683,-2.8741209703672634,-3.5452168332670144
-0.8284797985730051,-1.9358642569817142,-1.8128381424132953
-0.12546991335838567,0.09206013113735054,0.08174816709121989
-2.9536617911805343,-2.9133813093644108,-3.414636404056249
-0.1477391131436688,-0.625667057546054,-0.5358021592381271
-2.7874008014836775,-3.3305376955402632,-3.6945909723339763
0.6441371312836143,0.867783092025576,0.617301569456475
-3.761424823333129,-1.7800638443005194,-0.7680605583525804
-3.1869853231488197,-3.3912495893714287,-3.694491533212577
-1.509651548110255,-0.26025115972114954,0.5012107765095011
-2.2519626164323467,-0.7910106244264374,-0.623020529477692
-0.24514065216334385,0.3995935727732782,0.4220868971628757
-2.152626596651464,-1.9746428774385216,-1.5737047725396889
-0.9985913488098617,-1.3676145313338217,-1.081238583679821
0.4633209675060178,2.641731012807,3.735588278459696
-3.468902303964574,-1.062610521710903,-0.9420184727280294
-0.9827153384176202,-1.6006193342265465,-1.9528792577814515
-2.525302464704483,-2.279607758300564,-2.364381722456539
-1.6198576135872575,-2.2127357382135977,-2.638992688218422
-1.3085212667925044,-0.8381406021937526,-0.6915057099819658
-2.159472001283266,0.7248579234350295,1.6187187779113494
-3.25647151822806,-2.1811601718731186,-2.296598210989782
-2.1321322983851965,-2.8055906603475,-3.5773706561722802
-2.9134277825898396,-3.1450331435352448,-3.6355139104422465
-3.4534428037455007,-3.204477850358376,-3.8027315038910396
-2.351573168415826,-2.56744318513296,-3.151120449728238
-2.950005685815108,-1.3610199713974267,-0.7838579692895002
-2.8237365738777203,-2.072730896246535,-2.174221559479747
-0.037512492376543805,0.10393841744272281,0.25293430999241545
-1.7794045720415466,-1.7551762827134352,-1.7290348633401866
-2.5325200238938397,-2.879558563815905,-3.3120446467863847
-3.2189684309485753,-3.055032051871377,-3.534721546528275
-1.9834190888997951,-1.8921932737584253,-2.02495655966528
-3.3393661787281768,-1.831681661039614,-1.4862371024444638
-0.5769779041840782,-1.436479850324013,-2.214675174081202
-0.6669916039203535,-0.7698024528008675,0.09252598851799936
-1.8123175035169146,-1.2122944079749625,-0.9331346508054267
1.2449577287900184,0.9465436308664761,1.6084933035566744
-3.128940987816377,-3.3192861517119083,-4.420175037297368
-0.5120392585976214,-0.3026460836244826,0.019932122063010357
-3.0017398658481413,-2.145766155319314,-1.9591702877264048
-3.585467929168059,-2.6630293440416826,-2.80184877775182
-2.3856024316800846,-2.0836313671169857,-2.073059749614462
0.06482991638321697,0.19340073459221177,1.7565592329425532
0.16484045133328376,-0.681932313606206,-0.6238267885394647
-2.6671049218098597,-2.734185295881211,-3.396110971570936
-2.253214835818015,-2.0075578646751016,-1.891648201323554
0.041165426056182945,-1.0312308513385726,-0.7659215228056253
-1.2316435866518822,-1.8494844195616966,-2.672809355782979
-2.8813254953334866,-2.7188553682893684,-3.2674387827234694
-2.6129254131506094,-1.745474388681868,-1.2224952675889338
-0.8411831460456306,-1.7084157611748714,-1.8854629575230322
-0.9796749517003908,-0.5226960932198145,-0.5261749607481617
-2.9740807641189564,-2.4907420460230223,-2.411679606218766
-1.3796192380027419,0.11669266154428555,0.8423695913003316
-4.694306191039283,-3.4406912666151213,-3.894457457422778
-0.9595157570024485,1.49755987391293,2.321044974660286
-1.7407166765125597,-2.680859255814023,-2.738929012759423
-1.7401699369614476,0.6338420059297276,0.942529934022544
-1.3985864637974486,-2.7948873087761386,-3.0027097026157636
-1.3002446857044043,0.3594265801846723,0.8879994068511663
-3.1802339464799605,-3.2675669111475036,-4.128652827151604
-3.9281313462623895,-3.209475532957269,-3.7085146314390296
-3.179937839214607,-3.0832681417717756,-4.066166619443908
-0.5794036000423832,-1.3276918641014748,-0.8467522364630757
-1.109310539482561,-1.7074772445098318,-1.6666966173766207
-1.47963133777765,-1.7548664773501212,-1.9929238441890884
-1.4312860764011457,-1.1842600165216715,-0.9242826433582838
-3.2097221363605204,-4.144846245809764,-4.9501910990883715
-3.5715989493725666,-3.2901543296911764,-3.9823686061042283
-1.0999083677348753,0.3534052958172219,0.49523097349640827
-1.1070135396266727,-2.175364089912348,-2.6855559653634815
-2.415125222957774,-2.783776578623016,-3.1640423012439336
-2.3389717362889217,-3.2342284732684354,-3.9487140210361753
-3.9244281005003487,-3.029895036157091,-3.663368878679438
-1.4768663593635232,-2.147849658062876,-2.1396532951023097
-1.4109583939760553,-1.9079745872309803,-1.9238875633982895
-3.3026198611719773,-3.0516319792426985,-3.3451297014491495
2.303378487128454,2.3706381697415044,3.0525033221630777
-1.3535580326533063,-0.7719511625524477,-0.1847351450575198
-3.088042267128422,-3.0962061794913476,-3.4468344936301976
-1.4160477860597336,0.9622273851040012,1.4651578266695227
-2.69144837939563,-1.2920816939034612,-1.244725792631801
-2.5281052986200323,-1.4293760316269457,-1.055182000586817
-0.9124530258434514,-0.08658944873831435,0.8343304431382085
-3.2010975539868882,-2.8284358722105143,-3.180720565873499
-3.2486883081203666,-2.769560102611843,-3.4332689092395112
-2.43006218467808,-3.1086891411662863,-3.8150824529458505
0.6924231099764441,1.0203917214526173,1.1344406493512593
-3.471558264167407,-1.6453261506281855,-1.7198504049044634
-1.3661780562642543,0.02883665344132939,-0.002413360071323609
-3.165962179819824,-2.556693345624556,-4.038831124906457
-3.1285889825868685,-3.150320246584054,-4.411136850248824
2.064870634535963,0.037357413846103034,0.09508591128819305
-1.0699075249939145,0.6178725346031898,1.6031526292128822
-2.521274744588129,-3.9523632663447676,-4.8105940485845515
-3.03276672771141,-2.945799634933339,-3.4327010702044367
-3.436908526732608,-2.0740417161308815,-1.7726864825867614
-1.1833855311274117,0.2678331672942935,1.245715549652096
-1.5584558180239314,-0.10730395763404513,0.5795134470141857
-2.0365903503023106,-1.0152211454434024,-0.0750436586084336
-0.7905817245267295,-1.0959866630566706,-1.1422766459235054
-3.6710560179814724,-1.4232653474753276,-0.8531487161010659
-4.724577655403321,-2.6897749192987788,-2.7972651798219177
-1.809327037706532,0.046331217360717276,0.758042939598245
-2.45082659171892,-1.1406216081866731,-0.3092647325352829
-1.5495882063123214,-2.117911824349072,-2.3930097383927644
-2.8423435844926694,-2.802735035737228,-2.953317005623727
-1.5034728710697576,-0.20905144328830086,-0.2682041629628256
1.5265363510581005,-0.14383632613077088,-0.28138983503659337
-0.4926284124368354,-0.14148590958061424,0.6317379302053335
-1.440035623079426,-0.8798022329331038,-0.433743125878473
-1.7621781229618263,-1.2245659787417582,-1.350586616158366
-2.1946371320251687,-1.485587915786225,-1.6337852591932829
-2.349115676495296,-1.9622867607811851,-1.8566232810471834
-2.81062147415446,-2.7093125637738797,-2.877913959638056
-1.0074519090644563,-0.7728658502401748,-0.9858910803721872
-2.4239009734688097,-2.6918601253502135,-3.0527453842806187
-1.9651251107892638,-1.399602043469224,-1.0457169785860165
-0.5293348968591526,-1.2603731525278128,-1.260824100135033
-3.2064641060519743,-2.787983419379954,-3.070855536967344
-2.4696962687834016,-2.1511717093360763,-2.327546540570156
-3.2334616824217064,-1.5222362621984833,-1.0595700916898976
-2.092812490728031,-0.5159742809177451,-0.38729224441678567
1.5262305809787278,1.505825332230764,2.0545554220802034
-1.7630525248491906,-0.8018874551137402,-0.36334741233229956
0.40359354374729955,-0.0795660742727067,-0.022231200447817182
-0.5881016698218674,-0.6914548249059317,0.1176707435957191
-1.411367036794767,-0.9815638324905291,-0.03334995622636471
-2.65032821999895,-1.6198073659256524,-2.1520356794009476
-2.2834939814278234,-1.5861462852175734,-1.4789655695337602
-0.6211293399785224,2.0463945796857477,2.7454933325062094
0.05120936077940736,-0.009930223137899003,0.5491434157420025
-2.4246481248467897,-2.2029701469105665,-2.491051906943276
-1.298644844969129,-0.8216806256372795,-0.4532198125566896
-0.47697631895779496,-1.266597132635384,-1.5724009432601778
-0.34471398821965926,-0.8550378610392252,-0.12608180687843795
-1.7442129993901974,-0.2544311775858583,0.7267436580264968
-4.385893643969763,-1.6765290885816488,-1.6776448631509047
-2.5820692456923084,-2.278043622798422,-2.4309835668195774
-1.1470067388420087,-0.36859696232024636,-0.4775696489709813
-3.130989273616153,-2.1725623392305775,-2.5699684431317507
-1.5099223020162598,-1.574403537931456,-1.0898524134486145
-2.266109817845328,-1.9145319280941933,-1.9083066810319402
-2.4795766191617865,-2.1518987768904365,-2.434158244149433
0.1732430111226233,-0.38298916310187914,-0.3169691991129093
-3.89523967286419,-2.2749789881885003,-2.965182564586832
0.5269625688702578,1.24229792585946,1.9870399318835974
-1.0298716181702923,-2.360628690612368,-2.5957882099353866
-1.0181304999390215,-0.5747044848931081,-0.5731040313706076
-1.3561566231251214,-1.6391757405502545,-1.6708730652184922
-3.4240835914219985,-3.5798492152915173,-4.326464294477446
-2.9753708696404946,-1.3123711959918396,-1.3999739089048964
0.0653434270377316,-0.6264663895676279,0.42638186506929315
-1.3085695609316956,0.6574040919423764,0.7023200850664484
-3.406577248470965,-1.412993173340134,-1.4537971602909034
-0.6218627429332094,0.42635138567095454,1.1032110943855833
-2.721284433017529,-2.618896479051643,-2.614181377838723
-0.5457227058688303,-0.26570381041498226,1.3244851834331333
-3.0618430927917757,-2.4655107217793435,-3.0190125600526105
-0.5540388611712063,-0.8384376018683452,-0.892518466216752
-4.100878466806704,-2.828936831248519,-2.9706199257914667
-1.9376794353022275,-2.7323418834265607,-2.87164934963668
-1.8832406652608003,-2.421400761294006,-3.134269610258968
0.29214654020373804,-0.216922316730327,-0.31388306280165346
0.953473749803436,-0.027145471991979482,0.0690840053030188
-1.939958491410775,-2.943711701075831,-3.2273379081613425
-0.7001711383863263,-2.1104950608129833,-2.761824861273483
-3.3198546706466403,-2.8282154456142115,-3.029230349625742
0.09868447987923563,1.1733707042287094,1.9000577443520061
-3.129318767430759,-1.0968320330027874,-1.0578668634889357
-1.2775464970303896,0.7897267782192872,1.4400525451002961
-0.2995164094799524,-0.6983613085631574,-0.5157609891381681
0.5826031589293852,0.31342282076173067,0.7485894220304876
-2.8571370121678425,-2.560433333664997,-2.5249850603445587
-2.076553641359302,-2.18742985590055,-2.707389791516245
-1.8972432567409352,-1.9129765841490427,-1.8094338863706274
-2.0405985795276673,-2.409040985633828,-2.276350347633836
-2.748560620061377,0.2784432363207389,1.569437152768572
-1.281464589894285,-0.10549445092300658,0.34938874752441124
-4.95865894911363,-3.9018038439410017,-4.79710049176057
-1.4621214939977156,-1.597593771391717,-2.583591805307084
-1.8846534285739218,-0.9023361846182568,-0.8517346433959279
-4.817952520462006,-2.5196220621873096,-2.8371917831431337
-2.207791229867396,-1.8730665894095635,-1.695186726736475
-4.253920742374117,-2.4697181164812507,-2.449215526874919
-2.7152769095751315,-1.729977006658036,-1.0936827776607103
-1.8901253886475495,-1.2173472193669557,-1.1350457418672253
-2.000669489872361,-1.5195561170669434,-1.4226951992149806
-2.1680275997538807,-2.0798100643821824,-2.2036469801597636
0.3568572853898484,0.5496351890296752,0.9380252681075203
-2.4415446565016317,-2.4248210014383456,-2.80441185178675
-4.905316548575339,-3.6721410792185174,-4.445853071239568
-2.1424916693853286,-3.6648717562276905,-4.516264887302339
-1.2734243150115392,-1.3586487902061288,-0.7415554941787339
-3.4773770426057444,-2.4315011224542484,-2.5723337685612533
-3.1869022788960977,-2.442492413987115,-2.1647984432837606
-3.382320837894274,-1.1099504372975617,-0.8109930711970501
-2.8233263147894845,-3.7341507867868287,-4.52394898124217
0.4229913651696692,-1.0603430548333341,-0.7591956654837853
-1.4396014604437797,-1.038690400103149,-0.5291576048893059
-3.9050928856527394,-2.0029103805731756,-1.610051723193641
1.8053127457423648,2.4796344628625433,3.6621301024645323
-1.1087669902145612,-2.1850053032538987,-2.6178063102643083
-1.9709151609127207,-3.0254866663591193,-3.7099237064946466
-3.3053880467990595,-0.765128428887117,0.00463852169672114
-1.1551940705393817,1.2379710602645126,1.9036647259360635
-3.114007312050634,-1.9274234076388364,-1.6327278213006753
-2.372506155108227,-0.3113918391909202,0.2331467739925931
-2.7009780711373796,-3.0770378796928766,-3.5815578189816226
0.14330824305541848,0.4480990468246534,1.720184990714477
-1.7634608306480781,-2.4492494628776567,-2.707269442449384
-0.40309105931949996,0.24466707846047572,0.982908460318751
0.3641333815852342,0.7244265759917884,1.4003439147224641
-2.6068738802574494,-2.1181660321026627,-2.0368358958270822
-2.9574493593373297,-2.4396235558429304,-2.880975807046889
-2.1186949865817226,-2.6026916514766825,-3.0008853568375127
0.3162413019207327,0.37081303112269964,0.22424271454433492
-2.126831621587428,0.140466888893776,0.2633251725066625
-0.0854302118829361,0.01511854631416065,0.21766953992060298
-3.268156889196,-1.303039714084204,-0.798499656606318
-2.6721848810606836,-1.7213078098595032,-2.0697507390262557
0.8464360087962755,1.079024096911669,1.6314369903159975
1.1040887283081482,-0.4258033415944176,-0.2732585761927108
0.3249859219237504,0.5664072404918742,1.7377700918225054
0.43852648290488455,0.545698201742166,1.1072352979921227
-0.7728837390734461,0.25537703791816824,0.6563699767581753
-2.9771436949008288,-3.1357377241951143,-3.530793738149559
-1.2443509436697144,-1.340125074887678,-1.4045345121064157
-1.2500133865231364,-1.23026292324797,-1.3635755642856728
-2.7568342259070318,-3.168288672727963,-3.697656878283023
-2.64826802633318,-1.3550029284987812,-0.5572514609356886
-3.1782281069059235,-2.964083183642671,-3.4987435397185696
-1.4216866163000654,0.5624108814759833,1.2160203657691506
-0.7565032132132946,-0.38370985444602707,0.6485494955048523
-2.429832203773363,-1.8518289944845652,-1.7653294649537041
-0.9067506484453302,-0.9150499018244921,-0.4301578818444587
-2.301639459950096,-2.089019603687965,-2.124942220631271
-1.1212376601411027,-0.3241680985513978,-0.7677575311058172
-1.703584677334039,-2.0761003581756508,-2.031273109750485
0.9985055565313303,1.1079475139191723,1.711684033881975
-2.55807504628619,-2.2112894646522587,-2.432504306080404
-2.016739017909464,-1.771752086999655,-1.8489755093380793
0.49981996824716945,-0.14210745645821105,-0.2910861428969145
1.1657884853682765,0.8732100706460354,1.3556545574810748
-4.117912573852236,-2.522280377294723,-2.6385865282838994
-3.806363944586464,-2.345384308648799,-2.605341692048363
-2.8880443964173255,-2.709084437303943,-3.135966666862344
-1.031023961909521,-1.4335662595083856,-1.6161347214203932
-0.2313120980785398,1.2200748872855993,1.8830492054704735
-2.5147437861249693,-1.7547388835325965,-1.3431110092089134
-1.4604873036559236,0.5128786307354977,0.9938570956143874
-3.7682176420127043,-2.801034702143831,-2.6905766397196267
-2.2235152240378184,-2.2436614593029502,-2.263520788553042
-2.5557868668323276,-1.8809619924766867,-1.7434257238855597
-3.6342719091421145,-1.6435817438771807,-2.17269231632436
-0.3729686979407297,0.029886502774191994,0.3023416458923891
-2.809528102997361,-2.556976990078019,-2.6836277874903542
-3.561245609221545,-3.0327154879011116,-4.040509614244755
0.041889591012513,-1.4046237086209932,-1.350562883085515
-0.3129231519890572,-0.2585711502437994,-0.27255053099301774
-1.483599996383671,-0.7428134250586985,0.14346425236820634
-0.3211168850490886,-1.7083788029651628,-2.1459884144283876
1.785224764361001,1.5905633658308789,3.291084533317804
-2.447504570670774,-2.7042283158781197,-3.130816535396377
-1.731856450110422,-2.2911224126013496,-2.6827232895270106
-1.9022103545207278,-2.962062441112806,-3.3406119006282773
-0.5236388219939383,1.4883438324908038,2.428205555361073
-2.4702859644793422,-2.8305425994365647,-3.397325565994786
-0.009007627486816227,0.6705694704212779,0.7380099204287157
-0.7113296660208878,1.1909091078281548,2.2026931974334327
-0.9725410400522706,-0.9997773471409227,0.28591991411420076
-1.7117315277412761,-1.3948024153315726,-1.602339184647249
0.1811218642398344,-0.912607268350075,-0.7780752192230922
-1.0590626445757958,-1.2900276758444424,-1.43598390977715
-2.2594755581076282,-1.1451731522360113,-0.3702557493421572
-2.658832714335847,-1.6621516581476952,-1.0229438623296343
-2.158544233901693,-2.0071979274304934,-2.3023477112863167
-2.744860798664254,-2.7959547669110925,-3.1722670049255957
-2.0895033747982037,-1.5465804888180315,-1.4504521003212343
-1.851533076367889,1.0047129727082393,1.6362884670361468
-2.0053309816085148,-2.9511188098269505,-3.651471074860255
-1.195300515877784,-1.82020073407064,-1.5277402115155285
-1.1545000140648645,-0.03662299232978924,0.5799773136419027
-2.1940079585915218,-2.717107329551492,-3.1302838307967296
-2.413494439353548,-1.3157659228208767,-1.7107627775557028
-3.030929980130979,-2.657537400806253,-3.014306144587676
-1.0614058991307485,-1.451318964711007,-1.495968664766952
0.212330469011462,-0.18354992150599692,1.0184681991519446
-2.4128078180138974,-1.3805747540398696,-1.3258832694846228
-2.014972676850296,0.30359051572787565,0.6549770323472947
-3.460232339121921,-2.872893643843062,-3.8522559751345025
-2.0165230523251854,-1.724605597660802,-1.6998839839383217
-1.152515030817829,-0.3034740004124195,0.15292113692733791
-1.625169282857071,-1.0487246962967822,-1.0533240145335123
-0.6615044262364759,-0.8492383671440228,-0.8005711798767181
-1.5450013325140235,0.23159982704871723,0.9927145978997473
0.4615340265765254,1.2969319116973912,2.2646354101881676
-1.9784111478638637,-2.74666640902069,-2.7883904892702756
-2.678763381012935,-2.5771808126992624,-3.065151988748281
-2.3136499831316284,-1.3952877780139599,-0.9775261326638452
0.49160202696104693,-0.2718493246244093,-0.06524944991295853
-1.7290504299959766,-0.385597196427315,0.2665742228470536
-1.1400513286324512,0.8021479072839849,1.184112555973993
-1.3988626778549187,-0.5430250706519801,-0.10917397431841339
-4.320407471471438,-2.6179880254725885,-2.6173883666474325
-3.645538392041143,-1.612963013030959,-1.657273547932103
-3.0293171689462888,-3.1099983526722097,-3.8858773343239683
-4.128891468181254,-3.0808599533965766,-3.3402233878252807
-2.765387156774562,-2.934042048102725,-3.243165995214401
1.3384250964292819,1.50487573708932,1.9369584108618627
-0.8164216878977053,-0.15976321936481314,0.9228216484284418
-2.6645455731842187,-1.960231954853131,-2.5227039554757886
-1.5366770417813365,-1.8404890719664166,-1.8185271429820364
0.5604365896116522,0.31702996733836336,0.8120159852313907
-1.8668571495930455,-2.735431223726579,-3.221358967944959
-3.0823381204439495,-2.0723122280285406,-2.483060293819106
-3.2402911181840772,-2.6396899963079123,-2.576538792702779
-2.191616857634895,-2.5834104365504857,-2.586364764248824
-2.8359046196936135,-3.3211539963209455,-4.021054735000655
-1.753114120940508,-1.9664420408356231,-2.2592147519728702
-2.4390668645863416,-1.3035150821396821,-0.5804205734581117
-2.0236831518753826,-2.52643031955014,-2.8741825626553785
-2.816579718591293,-1.2972072443129836,-1.2518740811885791
-1.5726009305594195,-2.2384346736358887,-2.6348763852542327
-0.5571294065135035,1.4581699922391516,1.8968111421849558
-3.145676805041846,-3.271736844372009,-4.204824324402683
-4.23089435115763,-3.7326415849595573,-4.419073433916624
-2.529768055438046,-2.4136904506483265,-2.3370565601075883
-0.9551247413995786,-0.7983640629789227,-0.7244178208039046
-2.9432861932368755,-2.049316253198319,-2.370234118589373
-1.2669405969744356,-1.0997522254613115,-0.30777640397093875
-2.1499048292807648,-1.8546872213630274,-1.6722335741366317
-1.9370859943303327,-0.1925928668929211,0.19892029902966932
-0.5092761130904621,-1.6251471255415268,-1.5899144827634741
-1.6531898587728524,-2.6107027500438336,-2.62318780165743
-3.24742194256754,-2.6082656615349364,-2.7564873812317634
-3.1666001760434237,-1.4126379130132618,-1.2432420235661779
-1.273140577452554,-1.280047390892208,-1.2509203657193275
-0.8629118114323939,-0.7091256058077684,-0.6562455407101172
-0.5363116936495327,-0.8342138187607648,-0.7484446701610771
-0.0008856282482620191,0.07465658859592313,0.7187625746355903
-1.9919332105401721,-1.1051199458930938,-1.2460823963321197
-2.293299113352529,-2.3275326897348463,-2.7139948811500414
-1.885060347143481,-2.0513497663011195,-1.976581000744482
0.8439488147756788,1.5726687086108266,2.3377169773315214
-0.16964290236788931,-0.5520568104972886,-0.01584059178532096
-2.78452001712822,-2.370668137797503,-2.85988750044937
-1.3783346372892678,-0.9355877711446025,-1.3912335910322837
-3.659423571178197,-2.4826848090582816,-2.5654556265953703
-1.209531176614097,-1.1839611820253184,-1.0756596030521295
-2.8200219048133324,-1.9117447420373244,-0.8691567665760155
-1.3271250187187191,-1.1428692624110959,-1.1399560856649853
-3.3799547578644606,-1.5579378215719915,-1.2630477130437756
-5.004814221932676,-2.5559868721780465,-2.481624649374406
-3.9883266187168713,-1.3314773871109584,-0.6800710767335744
-3.4025604464279127,-0.8293687153542743,-0.5901253425864625
0.8248672452799677,0.176307532987811,0.44608462693066997
0.2635361972883001,0.3799717080734486,1.083842080998388
-1.0794929349652875,-1.1641103578019676,-1.1639023982085799
-1.2993604759902115,-2.7007293441316556,-2.927445345104905
-1.7250464320386516,-0.49739550567922314,-0.18085077899760252
-3.4313168390555444,-2.2094195597594193,-3.103647980968038
-1.8893351643357117,-3.5584524342203494,-4.023655162737475
-3.01588883536855,-1.6485329557767956,-1.524837936616444
-1.5286749687497572,-0.4254311081626943,-0.11897509298795303
-1.8963531933431066,-2.4589944817704352,-2.945920645657549
-1.3541739222958808,0.655149866420085,1.4359799618584834
-2.2684323097777708,-1.8815669876869812,-2.0193608253584077
-4.489272703743191,-3.1813468514586853,-3.688680542956325
1.3146152086430216,0.6642064744742161,1.0015356558566013
-3.987792968761457,-3.0923681366933953,-3.3578018859992436
-2.6378568827975912,-2.4777043465472435,-2.7528052299915835
0.5023797168016962,0.04772127516293017,0.037272329889011656
2.8997521062065497,3.0854321222499586,4.013038936605887
0.1906160886033926,-0.13249168909954312,-0.2670954782454912
-3.139091317664451,-2.866621886208082,-3.5789816983062916
-1.1436473353927938,-1.042185873253465,-0.3619001615142435
-2.3018972294920936,-1.447822865117976,-1.3973794115876912
-0.8885218831978268,-2.472825226553534,-2.444393962285042
-2.391535167186142,-0.9272686520103466,-0.2182687817319648
-2.3064768227407537,-2.3950481731694535,-2.3219517865758816
2.1147547165602067,2.1573451385169538,2.9977753199361037
0.045371762678289206,-1.7013591640985775,-2.623102498425354
-0.8237404794209751,-0.5441299404248215,-0.4573855581412344
-3.7364076696226634,-3.027943171739479,-3.7044573553759825
-0.7056871537041172,-0.913520949815158,-0.3305912086036629
-0.575544153485544,-0.7655637736879672,-0.29672492639320136
-2.500746495887115,-1.2226359428958715,-0.8684507357681621
-3.4839969549116723,-1.3335748176625302,-0.9608315285850042
-2.847165351953562,-2.171144123124046,-2.120980086621335
-2.323348180852649,-1.3445226599672175,-1.2804564111161914
-1.7595811998683881,-2.230526979632371,-3.262326075050907
-0.5876599375331005,-1.2177088846696107,-1.1062170211393023
-2.1681506124657757,0.5862471182203506,1.377022554723921
-0.22200980540833756,-1.0012834164963933,-0.7260686361896894
-3.907826780681688,-2.9032314851791994,-3.518739620497558
0.58312906774593,-0.19189296805409303,-0.026903256501813386
-1.7333661944199212,-2.7518475442533035,-3.9129573987445903
-2.0943295054325413,-1.9340218779381242,-1.7251786743833926
-2.8194420006532686,-3.0273936883606245,-3.848551348874137
-3.573668756216805,-0.6729044138710513,0.46332927111338157
-2.781347963595798,-2.7851080993938875,-3.0849503218500662
-3.2275349601709133,-2.3495783821930507,-2.6054857039774744
-0.7860798167977261,-0.28274828233220367,1.3802024147594398
-2.03370589241176,-2.8191883565325546,-3.3619158771703224
-3.6749637150613546,-2.859411255827359,-3.3019161306257927
-1.6998904210393908,-2.020368393150202,-2.3385733318162063
-0.3306930609841332,0.2431153220330941,1.0933333576418125
-2.348136476247688,-1.5066587843571022,-1.3438332446159071
-2.376655738095352,-2.576847857595712,-2.5918741283587807
-2.054275950751921,-1.8269260266023268,-1.7923669510114717
-2.123627932105688,-2.519109684177022,-2.8334759626499535
-2.113946333312544,-0.9798711099616493,-0.7353235455564872
-1.8889209098225972,0.44438036952627846,1.3216129846298619
-2.6263756515837797,-0.696220807804001,-0.09708373293350432
-2.6832917430936623,-2.569956935766801,-3.101158827913675
-2.803409969144406,-2.48573807726273,-2.6112525301293648
-2.3504483744577986,-2.181727694450969,-2.118370187096089
-3.3030627115463913,-1.0023875065746304,-0.9874913467190685
-0.18991899042933919,-0.4394008218621048,0.2663309466483523
-0.6262639892123743,-0.08406084752717338,-0.10310728000299624
-1.42830196795416,-2.0681604610423956,-2.6804996688898
-0.8324622348970394,-1.3560836293861793,-1.5131816203968633
-1.0684582633212054,-0.4584502425622036,-0.3688582623865712
-2.543296919018832,-1.1227772467816686,-1.16670723317794
-2.1528028423222674,-0.5685075080765504,-0.46929129554603394
-1.2334864777401342,-2.1107115190249743,-2.629490835258446
-0.7786712712802959,-2.8764127849110017,-3.5029618794845705
-2.3454882996613393,-1.041701734573021,-1.0481141732440011
0.26412723770756713,-0.020750084590439758,0.011330524415315981
-1.5495955533428687,-1.69021756724819,-2.125323894261469
-1.17024990615554,-1.5884634381469809,-1.2991609277399874
-3.438569574182606,-1.18572159767112,-1.0922015105739533
-0.20601447374122267,-1.5951492698991843,-1.5343969170649703
-3.635062747600088,-3.364972236931277,-3.9554175260827016
-0.4763920877649163,1.8538710083590708,2.7615921471671636
-1.9714785682575389,-2.454555321325687,-2.8858405389729676
-3.6559662062107043,-1.980854977915993,-2.3251393484890426
-1.9673360848131882,-2.634710102338353,-2.7618539118147356
-2.4018142407550402,-2.3107433877625483,-2.5806305234917217
-0.5637375165330755,0.14864887073970234,0.26585546311991565
-0.8428698447053947,-0.8395523895525233,-0.9317685862100957
0.41070803883721363,1.513415038944731,1.7994405762857695
-2.020923337870346,-0.7215468303708376,-0.06285688319145279
-1.0079856078469966,-0.9522459000549282,-0.48630581667601236
-2.1194206739021664,-1.6728071032386012,-1.32371041165706
-1.5969393023545038,-2.064199792188389,-2.3312985819134027
-1.8029598365264663,-2.798973990483566,-3.078185817307005
-0.9322330863222975,-0.9554089192251014,-0.132623886337721
-1.8955270437453062,-1.8399244449797705,-2.0263861238657794
-1.6505503332821874,-1.7486421882355676,-1.7615540657624535
-0.21031773219105254,0.07534860867944938,0.7251822608016669
-1.125252030048984,-0.7343508692880356,-0.2814552712972548
1.885740247914355,1.9782673046613308,3.0271967765790757
-0.2049627038457677,-0.44808597563882835,1.0096270041849191
-2.7207503092914354,-1.254499409333378,-0.6508710619906034
-3.7606567814006224,-2.415027085948397,-2.4694607245320883
-1.123521630281808,-2.9504694731722196,-3.586375981847238
-0.032286584315190936,-1.1105783914897258,-0.7885581326498101
-2.5819455272353364,-1.8695800202462638,-1.539910170758975
-0.9868475311562865,0.5843282706247037,1.4322970566683437
0.7988681354678819,1.4578349805000699,2.161490356791366
-3.1688408796540437,-3.0305817771953714,-3.634694426565342
-3.769655633927499,-3.1880657290516052,-4.202696292600463
-0.19508966143471929,-0.6553002138011033,-0.6805008507398549
-0.734669556972049,-1.0055615915640654,-1.2845283513224999
-1.1499993793968093,1.149900252343913,1.5947933020860474
-0.8142492074269253,0.7416434574502739,1.155592735657805
-2.2343404886593667,-1.7537790631119545,-1.408161280510679
-1.9253313860043937,-2.162776714101409,-1.8194316270172237
-0.22076669348702718,-0.37540637976031305,-0.606393513327677
-0.3007292486474585,-1.0744662212895362,-1.0617975223103573
-2.4000646491828985,-3.497891318222365,-4.170663110621541
-0.5036221155836673,-1.2086735138463602,-1.2033512668736939
-3.292143643611845,-1.6786268370397843,-1.2799771708821603
-1.7379355444197064,-2.446341809489207,-2.394234581608663
-0.44501702054853587,-0.7443181315754778,-0.7989399539917739
-3.5643359201522364,-2.0174067294369054,-1.2606849966753646
-1.3326168366199174,-1.7560204560412114,-2.364466129272942
-0.7429724621213102,-1.7164879504876829,-1.8289266567668119
-3.162263652676277,-2.596334831708448,-2.3627343021527074
-0.7709051540424144,-1.6845869554196227,-1.995836193401504
-3.841188893089925,-2.267565011312056,-2.8290878620984117
-1.0734576569258596,-0.8330858242921234,-0.5311186825212196
-2.081285384940831,-2.312271648474298,-3.0932013555762317
-0.5352435061256945,-1.2091736952303733,-1.1903061086468494
0.44637727644309755,1.3497659159847089,1.9326155375743026
-4.094011935197912,-2.3673224762658944,-2.3929282719571416
-2.1458359260188136,-2.443943300065326,-2.726215160821706
-2.8117470305605243,-1.6676603834519943,-2.0229891882684425
-1.6678338695745296,-1.562178770539377,-1.673233965560234
-0.9204456754700288,0.04589133968236808,0.7766473705077345
-3.112175460688758,-1.8496440633168705,-1.9640125456383388
0.3439896837870198,-1.3917379525926612,-1.3854139546302966
-0.42231173838391106,-0.2256160193763985,0.40212155984083264
-2.297569059876281,-1.409413056516876,-1.2363410592357291
-1.7371680834438863,-1.1068575984623428,-0.5167375679495679
-1.908838687754167,-2.7445462759159605,-3.0476811366031806
-1.9791264582306884,0.6388907560403645,0.9318532984628887
-2.8785991208547195,-2.581624965393455,-2.667274174148197
-3.4407736675195193,-2.638652766220474,-2.9240906975266716
-1.4436872234997624,-1.943391497112924,-2.6351958256751233
-2.5267204822426894,-0.20601834953100606,0.2137858724513102
-1.205173832281697,0.12557329538104162,0.07795428896283614
0.6576076913213922,-1.575202520348171,-2.49250894826759
-2.085684516323679,-2.4530518837854047,-2.5994918599145307
-2.5588276589197467,-2.9489175618310757,-3.8372895254521127
-2.896538047102606,-1.305571484710154,-0.9938593632350392
-1.6183840959819138,-1.0189383536195251,-1.01256510830675
0.8159830583247725,0.4030279113773628,0.5966380930534332
-2.4855686763006566,-2.6064837999412758,-2.854480524266684
-1.5710669860731323,-1.0090422367668879,-0.6944714222525024
-0.889777289730173,-3.8656785698217377,-4.468359326987325
-2.038626965880231,-1.4145191040886531,-1.3777340869456969
-1.914158428377145,-2.438474305280678,-2.5188529361675007
-0.015438086704670747,0.005005526799600593,0.4264507925412561
-1.7644375824644294,-1.6761277927772138,-1.657495100580294
-0.8591553737625363,0.5752673663763554,1.0800616336923143
-1.8706024354387758,-2.3994998884883447,-2.8851202399903544
-0.9024779167357416,-1.7968709591602927,-2.18024118576933
-2.7836698003942306,-2.7441344014680666,-3.111090585503931
-1.143159960453471,-1.607513987091633,-1.7536749886893597
-2.412141071279258,-1.3723098365754824,-0.8202636853564347
-3.2588349491361996,-3.3618274293670356,-3.893262024230778
0.5674058858947804,-0.8858680113168077,-0.8095896291706213
-0.6894434176535402,0.4415069471636381,1.2995649864795757
0.8456173051380155,0.6450866025085052,1.0406163059842282
-1.9394695641481388,-2.615203442346624,-3.037460555023569
-2.8289290221790866,-2.4783113958167653,-2.993671168582761
-0.32583359493397845,-0.8241860772513955,-0.5599066049891726
-3.545002575994208,-2.4209425483632128,-2.59755876178971
-2.249483396339895,0.30264131267294136,1.2717048672044702
-3.756221191906801,-1.4726150402357054,-0.6092222391366389
1.4632912598831016,0.05234074822325853,0.1942340747990184
-2.726199263253204,-3.1478147572065693,-4.370476636752595
-1.3411380467752085,-1.3182887209073912,-1.222214967816262
-3.852587147973777,-3.0922937673594135,-3.6994179701094416
-1.9798290962122322,-3.072906642237768,-3.8751233475223947
0.6012483007405252,0.41877429270879835,0.8256610894746633
-1.094968293944439,-1.8800151043723468,-2.017135074320774
-0.36494153613836194,-0.3096927923997372,0.00588099636594158
-1.5894317537312368,-1.1937465353907597,-1.20814462032991
-3.8745156662361167,-3.333796936443549,-3.783051930277043
-2.6599735759384813,-2.491842825283465,-3.0214606455418265
-1.7568553032512968,-2.5895463584920924,-3.426514104757629
-2.6306448218991374,-2.9078952445242847,-3.3817544002395583
-2.5033862762448162,-0.9537179660427406,-0.46452607877306173
2.7754329217246103,2.700749620880998,3.5362902615374217
-1.8800821352044017,-0.14038686233631315,0.8946187017246624
-1.0138630794849686,-0.33070800103758724,0.2460972949970769
-3.372421109578257,-3.395548668488747,-4.014125591666078
-2.6799889776630614,-0.30902298620068636,-0.25631686774299817
-3.0195471216027827,-1.4057883693717372,-1.8088111471256205
-0.5844213430262246,-0.34673367468705685,0.7438743843489511
-1.6322500573352619,-1.1243538234739419,-1.150896433807011
-1.4211892666684545,-0.6656144139735679,-0.06965192197579778
-2.903451163127306,-2.493840099351164,-2.6238789463946186
-1.8415306907020557,-1.3113294095729173,-1.1175708106802864
0.09480767114800914,0.29302564155358174,1.0249493735408841
-0.05774544016433527,0.5884900498149968,0.8012129271182941
-0.9694757905367273,-0.8314036654634682,-0.07925178236337059
0.004096302741999941,-0.3059311156700782,-0.9088943392136286
-0.2927333905470693,0.3761253926631432,0.309316381426642
0.38543784506406864,1.9563425690686043,3.183407855403921
-3.075261891771818,-2.0159940369936695,-2.2462517844063044
-0.9923963981802735,-1.3349134573546662,-1.1830643855952048
-1.1173100847143804,-2.108801463235433,-1.9884198226629102
0.8093657681949351,0.4645633369282101,0.8519069843577425
0.3464369989109798,0.022984423868620818,0.2914200415863112
-3.212525846557248,-2.404255851527113,-3.1391017900519302
-3.7533778612262925,-3.496260410374474,-4.061472070892783
-0.3936167720400657,-1.2148824741806759,-1.1044650724499119
-4.038646639664976,-3.8811957601468228,-4.474884775276084
-2.567688201974322,-3.637050887762681,-4.11289456475753
-3.9477967467080592,-2.85515668244504,-2.3349694050319427
-0.7366023429514815,-1.705444348942961,-1.7800787177286101
-1.5204069541860674,-1.7938605846293476,-1.7013649461306009
-3.7820531202800236,-2.4177979922752493,-2.37137994959191
-2.690919649359961,-1.650513720297021,-1.5681447146756262
-0.8176276085758153,-0.35034945218201224,-0.027002184639217892
-2.4333063202281187,-0.8188873858118534,-0.943181283491122
-0.8244715904574936,-1.9200711416455127,-1.915221988468455
-0.40774086514850166,-1.0090191394669838,-0.5692800805681919
-1.436470373807963,-0.8927963376774928,-0.46803976680909165
-0.9132674031015446,-0.5980549465591599,-0.5902063974770833
-2.2198506881480418,-2.5018488785457573,-2.6483935960792526
-3.8237090723566673,-2.9179147808700314,-3.4224766430969686
-1.7331256452040877,-1.3365315066318881,-0.5484117376371098
0.4381872622746889,-0.2969493996631501,-0.4106785532540881
-1.2489629757091238,-2.7919961839097494,-3.157691270517826
-0.3122807300207467,-0.22253630318414996,-0.3574646768482986
-2.338809523495184,-2.036169937603311,-2.269995292258042
-0.5090333415325226,-1.6834911234734653,-1.6364455176414596
-2.293048449495152,-2.813920271516774,-3.1183973523605992
-3.00426267549658,-2.167654885560342,-2.9013852413026116
-0.7468504263674001,0.7161813792245928,1.345955070393594
-4.068787358143412,-2.26361190208592,-2.451832409480399
0.4907254737288376,-0.01816257593063948,0.2942903327819793
-1.3569650412477772,-2.170909937259458,-1.859880147890329
1.5649581612388717,1.275030932920021,2.317537138447376
-1.719258997946286,-2.886562934481336,-3.6732909609945557
-2.2847981262672654,-2.6599758486389526,-2.693975601071757
-1.547132530409056,-2.8361894711652424,-3.3754278343669677
-1.8052432798096525,0.3388067555965702,0.41381404932079413
-0.962536875593015,-1.739291170728615,-1.7088297721922767
-0.4397947358575504,-1.7512384535102778,-1.8654828334593363
-2.18324840496972,-2.622890590823508,-2.8135837730256306
-2.385027449640016,-2.1340692527749554,-2.21645220600683
-1.457431246643589,-2.631692872031581,-3.273369601632409
-4.32485258893565,-1.9308853696280879,-2.066939287406917
-0.4327211215751952,-0.5872850896272731,-0.33742195244252665
-0.1137790705400484,0.07407122324372954,0.1384512356433609
-2.579974839817462,-1.9449833583559804,-1.955830356897007
-2.007519187334672,-0.11268810456465499,0.09265467325317021
-3.1701836597597497,-2.029030259405078,-1.9853136785582495
-2.133863750832464,-2.4804077229471515,-2.4603329058507653
-2.110610648502301,-0.3685921181745847,0.35334763329056407
-3.3708550050937838,-3.147862757399833,-3.913083594860716
-2.181595131507276,-1.8551905552665617,-2.6863887491814067
-0.9079655386982575,-0.5246077409717541,-0.44781539777774665
-1.8470427281629829,-1.7476235533196078,-1.5918075543836674
-1.7596985594165573,-2.351682991218928,-3.4826854809554226
-2.227594027791938,-2.9513747904478707,-3.670043828626357
-2.34670255363204,-3.4162100509991076,-4.0944731500813205
-1.7086142358220258,-1.5941724061990152,-1.5446787273808757
-2.2187678804798656,-2.2043548892647937,-2.643415212674246
-2.18645889375509,-2.2691632708428715,-2.4521290612101763
-2.245210015572779,-3.3134529732789972,-3.9399547578341574
-1.5641240292531549,-1.1412601020652338,-0.6490141863927891
-0.6401652172695342,-0.07971577664410463,0.8732410617116473
-2.3346773363420428,-3.0575951571103914,-3.7115725137433526
-2.8389419349632017,-2.879431602839348,-3.390759670378476
-1.6786691608906283,-0.8844707416509217,-1.7880916350675344
-1.9462813936271395,-1.532054744958736,-1.543169740032532
-1.426229880510751,-2.798704688785407,-3.0461562124543913
-2.6937745041012224,-2.7137074037371196,-3.291501037346114
-0.9499674450784609,-1.0705839392740302,-0.2286506910142646
-1.3269991419538598,-1.5415999615001321,-1.6245863420569544
-1.6306293742316644,-1.8276051403414422,-1.8476702134230043
-1.3995383264837193,-1.538862303957563,-1.5136275678653244
-2.3676533211862645,-1.8605999064246228,-1.795373670129551
-2.546646185608034,-0.6318536839402595,-0.18957002458864528
-2.549965865417104,-1.836687559660524,-1.6821129070247245
-1.2962192257740055,-1.584416004396306,-1.6598824237492316
-2.3536427002991758,-2.7892134016672596,-2.8973721128495202
0.0721653603923156,0.6271036635877016,0.7561062572006044
-1.3721824494835488,-2.0832386775280165,-2.2915992663399956
-1.9614402166964082,-1.9564281180002294,-2.023222974586357
-1.9897353097284556,-1.8438127657803358,-1.8549273185942576
-2.600524058788812,-3.3123134668559104,-3.759543131561665
-2.9581397368016273,-2.056667328350388,-2.5162109152417793
-1.9979240553327404,-1.170951655148542,-1.0718850242546087
-3.639773602568102,-2.8996981288569734,-3.6024496360566776
1.2467249313606816,-0.8930550147051783,-0.8546597682671048
-1.4764374099980653,-0.6046688076156622,-0.6034794216993082
-2.989476514873235,-2.6274729867731357,-2.8776416574331702
-0.9467569359446779,-1.8832637676570285,-1.7437241853350944
2.4613638293046916,3.106351841465234,3.953350015503597
-1.2812694947682786,-1.2225401522679777,-0.6012766774453697
-0.8550394029206203,0.2534475322148399,0.7567977133794332
-3.179398014066775,-2.591775855017991,-3.5436684345023837
-2.073019336467134,-2.585343965042059,-3.4221310794241986
-4.518982134544672,-2.5933224250266615,-2.9220718430773216
0.4635902812147899,-0.04363028288280294,-0.02365368553726368
-4.216451756468367,-3.5249993683292864,-4.315452839717167
-1.2487798083051216,-1.4383137455643789,-1.4439579501805653
-2.0086217253450163,-0.8906633340245402,-0.8216195457912709
-1.688757714924829,-0.6781936225491519,0.0254444465889635
-0.20925767099392478,-0.40796644277522054,-0.29677769177406915
1.0220823709212181,1.5039201217695248,2.4748015860589363
-1.8851064620436517,-0.7907360314130593,0.0024881182132921753
-2.206758660555738,-1.4814263522889384,-1.2699179866989785
-0.34537393361661156,0.4831916807426105,1.7441853742923221
-3.721923610011063,-2.828988366024521,-3.5521016019377205
-2.3346847799323425,-0.5593724349753565,-0.37417853443985594
-0.0344231685443476,-1.6352653002841704,-2.4692698880334447
-2.4206280400110614,-2.2759001825703065,-2.3791126423622493
-1.1034208555818266,-2.6994550297457773,-3.3834727417231303
0.359018506653797,-1.5164420727246803,-1.4670030049267488
0.7087883318719559,0.6368820247185053,0.47449138091307214
-2.7569247390899414,-2.5789526841825077,-3.154261410230053
-2.1466186273437016,-0.6492058296166583,-0.545704212888986
-2.090525809484863,-1.0465503998657613,-1.0524974028706042
-1.7138168769459412,-0.7360767532147974,-0.5736438923559292
-1.2822439096943214,0.8632316618336361,2.1387287938683803
0.02830362321593627,-0.38178522670449894,-0.17219979407530386
-1.3544592575688184,-1.2503025623229878,-1.2956708752292607
-3.8687306181004804,-2.8722861566016813,-3.044126126159107
-2.9662771115838344,-0.3136744607921131,-0.242961297742034
-2.929369631490124,-1.445069565543241,-0.6987467379119724
0.4334715838706004,0.5608850300569154,1.1798087893548277
-2.007796950802376,-1.411351797722721,-1.5139431270014616
-1.7955896462505927,-1.3683388059817927,-1.5074146412834968
-1.338200352004297,-2.628808915565801,-3.132507202906703
-1.716142473843314,-1.8800588483320377,-1.8804939650982164
-2.9959132099994186,-2.41712792616296,-2.690861970786621
-2.384487425714141,-3.0007129395607053,-3.702375807015345
-2.8065510363718738,-0.6917802994128222,0.20547944608948684
-0.2700868396036342,-0.37784466654867144,-0.5229357040213917
-0.8594057530711238,-0.3586826585516424,-0.1971167666421052
1.0892872729681997,1.37520296294954,1.9978630418277574
0.1463413561963641,-2.2675181298882143,-2.960752522898788
-3.222658019410127,-2.693281569095489,-3.437774130781992
-2.6640584699491816,-1.1821246808957582,-1.0397268925756575
-0.9993985050438683,-1.787974873649042,-2.0715669189656616
-0.8647680815504899,1.9724929290815265,3.0441287381071076
-1.2864319963103659,0.42425196080605915,0.7161133236866413
-2.7801200525258594,-2.5533337341095463,-2.700054591085649
-1.8374452179956027,-1.5682104863499187,-1.799873754463666
-2.8021682760443576,-1.8063287479070333,-1.8978029766889464
-2.916285744370772,-2.7273358399112313,-3.2744196561691594
-4.032761251672705,-3.8922989095666773,-4.710103462187186
0.5834184756826557,1.9604374466964773,2.82064792529265
-1.5146749937985269,-0.41040905283218454,0.4920222197023618
-2.5106843916479473,-2.0419605178234104,-2.0354245713511245
-3.552527481864433,-2.452822240930829,-2.473848174426696
-1.8458015923633415,-0.7404091626038676,-0.04456257376213149
-1.9346362147771028,-0.058016303208867886,-0.032792308519986935
-1.245582081969557,-1.350008105449817,-1.6176365511283055
-2.4299968031294323,-2.1695261482787327,-2.3538067707646455
-0.754156071236462,-0.04709341454796161,0.20548249580406333
-3.246789639474533,-1.2572466297533031,-1.205054692975572
-2.16495983016894,-0.8233604424526322,-0.5929409753844224
-2.397452904775523,-0.9893214797630946,-0.41423505439362224
-0.8093130028885172,-1.064550312638821,-0.5567025847530255
-2.4571001835932,-2.837554844710534,-3.495288456765704
-3.224339732025501,-1.8846936108463754,-1.8446015705023522
-2.625638127749628,-0.027062316299250343,0.4324903785148079
-2.6444678016853103,-1.855463400282188,-2.086993015536302
-2.270359958246143,-1.62806891910408,-1.4028534933541854
-1.4932762783278424,-1.5659436365003134,-1.0106355415276866
-2.289158020174343,0.08091532243359008,0.8160746615293669
-2.196578870967001,-1.6284854501899866,-1.4848043153467176
0.33297666414051763,1.3162525927383588,1.6437901328043358
-1.1148899704912643,-0.7272049574355324,0.09514652654492727
-1.8801755264337772,0.17478991273118522,0.03419762157180782
-0.7862005019173393,-0.8907160918370317,0.20723697062051022
-3.612243939160345,-1.110323273134793,-0.602610177840255
-2.338983309955422,-1.1769811222228652,-0.9404466611437966
-0.5063490964099235,-0.18904890580500852,0.5572448938666442
-2.727896269684241,-2.5648740944331005,-2.8633821874586975
-2.288075143551855,-1.5113271883092307,-1.3193581721155947
-1.3924524680268648,-0.8724305105386088,-0.5301275006411797
-0.6358910204632992,-0.9887183461549149,-1.0209514934776467
-4.332557584963185,-2.9196454451069584,-3.2791089234693374
-0.15623842145422046,-0.10354280401021619,0.0719762090029235
-1.6041941127726647,-2.4433197254290935,-2.9014591363167943
-2.1387054118323454,-2.478785675986985,-3.083994408963582
-3.306643960729014,-2.4692689478277283,-2.7869200623717316
-3.8961448414998356,-2.4298202785109195,-2.3964049981165765
-1.1307096311197464,-1.0508439450488882,-0.9212287638217836
-3.2491944407220945,-3.438319730760789,-4.041252564025662
-2.6332820063733577,-2.5196970531151757,-2.8776642165113144
-3.2083672229523916,-1.586258012348281,-1.4415049779823914
-0.17998156212916433,0.5525065330901076,1.846156890843322
-0.29479858793683433,-0.014012481781631538,0.47937580618859094
-0.6333315186420798,-0.6720669977835977,0.2425595546395375
-2.629029136670102,-1.8265635973760728,-1.9248028981328407
1.1556659079837148,-0.058547642776165,0.13165583128227062
-0.7748880916414959,-1.5032663179626349,-2.2201680896103952
0.09406058166332198,0.775935483396442,1.5194765694313517
-0.8886270081690819,-0.9303107125145896,0.0356397815803546
-2.7247058965724067,0.0945450921018517,1.0295634125857576
-3.0974598276793306,-3.05746142432884,-3.5737825736935243
-3.8269718063938383,-2.0671649833502337,-2.628598131982921
-2.470867931898032,-3.234095701532388,-3.613563918375903
-2.8330626613365717,-3.715337547515932,-4.53463802974061
-2.0286840316351236,-0.8287959901337923,-0.5359478649407821
-3.5822251562926373,-2.6229689880433233,-3.1822468488544486
-3.0805445601923025,-3.0922418458938012,-3.70800294884161
-0.24455093166642497,0.664452174237006,1.2255227123899703
-2.6139872312222923,-2.242240697371982,-3.2309064347659318
-2.4368833117699173,-3.277997521420434,-4.032181831908193
-3.15331014778499,-3.0610720650918775,-3.5946031547053554
-3.6106577836851996,-1.8870527515499333,-1.4098011247422182
-1.836133947539176,-2.632082068162753,-2.3560212055513645
-2.256491639644987,-2.734231085827029,-3.468434968685994
-1.9759892453534331,-2.7093357003433356,-2.88623318968784
-0.9821654959477615,-0.7405710806317496,-0.67877307203053
-0.013062081388272216,-0.4119711991045659,0.0577937107728029
-4.083307517841888,-3.7339743236223253,-4.937185292546874
-1.1621646964478307,-0.813348514276295,-0.9038428830870505
-1.9298416634438962,-2.3714454679100836,-2.647923640702528
-0.9013748269662865,-0.8505051170788788,-0.3051315081486502
-2.586792254634998,-2.752191258934046,-3.1625934399648514
-2.6868428910402575,-1.6334020198702723,-1.1373149454986633
-3.2474672444982415,-3.048102641200726,-3.280815835978476
-3.6015128018650526,-3.2915670095663687,-4.107091949650509
-2.9194071530373016,-2.5197168220346993,-2.519449995487819
-2.855565202199135,-1.9150769164814747,-1.6437300359147227
-1.6575971363260604,-0.7230239445787229,-0.679838330683959
-1.5737105847997093,-1.6677141071356023,-1.0401170346476682
-1.8873121168621942,-2.8760849250013547,-3.183839156562298
-2.278250054769241,-2.3044093159009615,-3.127763269539314
-3.1386999461615575,-1.7689138002116964,-1.1205917612655987
-1.2796135057057005,-2.114053454871639,-2.2790495314534884
0.7730885114435333,0.5720181195967563,0.8915900176788085
-3.287451603783643,-3.347578206894912,-3.9413780156410088
-2.343080719963367,0.5800757289497324,0.8424545071182944
0.34573415530651214,-0.07344028792417245,-0.20623324521401792
-0.11383883215894099,0.48312433209553207,1.6982407294882926
-4.257288248489433,-3.037090988233198,-3.413391321677209
-3.2623704159103344,-0.7193137930926331,-0.24374879137514718
-1.1900010851210305,-0.9180221821235881,-0.8574076806227374
-1.2963065174560606,-2.3475492488054,-3.089870795461641
-1.9537689539942336,-1.5525424181254668,-1.083278896158295
-0.009500352957650825,0.09848332969171222,0.9783121251572279
-3.8005236385564687,-3.0900016904419454,-3.4476085227433195
-0.6206682069532505,-1.189078000437277,-1.0749371216458359
-2.3925066377411155,-2.5459912424949835,-2.843932057698298
-3.6503753436451487,-1.889488393246317,-1.702551791158528
-2.871457795808161,-1.6524362910332344,-1.2319652385047744
-0.01994811427726801,0.7040458995424711,1.0773690555742836
0.32118840619939587,-0.17669825317341514,-0.6232679757563865
-0.37361415092769046,-0.6386574786043138,-0.6108081663142167
-3.1337736612342026,-2.048162074424927,-2.6130656399469054
-1.6043729210405753,-2.6042328188852926,-2.7633736538801834
-1.476402747377163,-1.6144444783611038,-1.5857144377806667
-2.475603728607597,-3.4566520294069973,-4.092053426930266
-3.1160643551984575,-2.1363016185997283,-2.3137615874627806
-1.7922430677656975,-1.3656017175571618,-0.6233722649505314
-0.7747295069114291,-1.2400324412692834,-0.9055234710143437
0.20122934478371443,0.6335548500147088,1.8773573356551057
