ho_likelihood,hol_likelihood,std_likelihood
-0.9820662854976161,-2.007510369687307,-0.6948157989477916
-1.7049456578265108,-2.7462780616143405,-1.3452775986429462
-2.122399905546505,-2.2343824839013102,-2.1746326722076823
-1.5770102866650422,-2.6883514197670095,-1.761113641976608
0.950454693249426,-0.30314247317228754,1.8029032435929777
-0.6556084247183918,-1.0592968625767054,-0.17366078598127932
-1.2904965781345918,-1.9466526198615204,-1.1739306555206854
-2.1200097381325,-3.108417566147469,-2.031099221857572
0.0731444590485804,-1.5067137164556175,0.6309670617742781
-0.9322691882071955,-1.6882384265121093,-0.6100036305327522
-3.363291636839374,-2.059155620613634,-3.8017788109825417
-0.9855455085017018,-1.428406656775155,-0.6496455173700139
-2.048769828789529,-2.448111008155314,-1.7970951174594445
-2.570109995420028,-3.35465716705853,-2.578507716632876
-1.461680737406501,-1.9775748896728302,-1.5818352537108327
-1.4992457513545316,-2.7998915780219455,-1.665587562237546
-6.13766861219352,-5.873655841086709,-6.961905563402157
-1.3988252041302907,-1.4485311733802286,-1.0236347552110403
-2.7304880957397244,-3.6917714802932053,-2.6112231036868443
-0.8890316460815225,-0.9175028431405613,-0.6480642721224512
-1.791759469228055,-1.791759469228055,-1.791759469228055
-1.2372924048215217,-2.5676393334151473,-1.054220645974451
-4.49546011430521,-5.080387186399227,-4.972022287914914
-2.601348739584959,-0.7787468394539996,-2.622970880907863
-2.081738563734931,-2.3051766211701965,-1.774610796378375
0.07222351943761769,-2.3417728502707993,0.4323834271116501
0.15078154507141836,0.003943263843880616,0.9385706666129896
-3.350040485909563,-1.6952517739078632,-3.2065466863040295
-1.5763122906106797,-2.006916676020842,-1.5555533652043947
-1.462326528084053,-1.5384183543592476,-1.1657336599100445
-3.1780538303479453,-3.1780538303479453,-3.1780538303479458
-2.484485386342896,-1.4541229419507962,-2.8313189410644823
-0.3384280121217435,-1.1682993218662907,-0.25726044362534467
-3.127217865401705,-2.656198781586098,-3.1702140116875532
-0.8171581878159084,-0.8461294733445877,-0.637585096666842
-3.8009889691628937,-3.402129395210429,-3.8911435436492003
-2.322883577985904,-3.898823693544011,-2.850017542286182
-1.0662050061030293,-0.514462886373802,-0.8799011448781092
-3.3459332115270937,-3.74717341646751,-3.347609239619749
-1.06893061458499,-0.8958188655952387,-1.0264203983295346
-0.7162640861686456,-2.5472635035947158,-0.14665106728054056
1.2536300107877993,-1.1123062199454925,1.5846900820307523
-1.8342709680138876,-2.201106195507851,-1.9500595303314157
0.6194876990502585,-1.6183745997188776,0.8397017330395953
-3.8820874363354334,-2.8356974865824,-4.055646573822797
0.10661646235170646,-1.408150494119399,0.296968660081739
0.7367904366412318,-2.235711651745081,1.1941659555737507
-0.9475944212429593,-2.422046756800052,-0.5735839530312865
0.22711019303784635,-0.16704941484407465,0.43690000342312824
-1.4780278970020446,-1.0317963802059058,-1.3852683391998
-0.9862609639933554,-1.119980885351747,-0.8082421195135842
-2.5422985566378102,-1.9312387797239239,-2.6070262224079426
-0.61739714423014,-0.7822609722082615,-0.3252689840010738
-0.31331456604549995,-0.523440636936951,0.32599868698792617
-3.69421682611698,-2.2309392481862145,-3.6635075056440423
0.9939202356713505,-0.2774798813865662,1.3652248505765094
0.3934093109533893,-1.3024565061375633,1.442923337531624
-2.089365071274176,-2.551280017075479,-1.3554139418532103
-2.0647359249600266,-2.180652553281244,-1.8051429677312996
-2.830259101247174,-3.380204326158083,-3.1434844450560986
1.049132796071576,-1.8763729288456832,1.336986823098954
-1.1195895409087326,-2.7010147813836376,-0.9449481588054499
0.8900373747200424,-0.5834153712271648,1.9043076922455426
-1.8099546276487513,-1.4028031588970242,-1.5583738523524058
-3.4755569989162938,-3.4463763336481597,-3.5150701844724748
-0.710883204131671,-0.7273342430123885,-0.4588302157489211
2.1656564229457103,0.3391222943599378,2.835487845642528
-3.1821881303073725,-4.50425881705401,-3.4992789036989222
-1.038168497766642,-1.470565103628662,-0.23025928960792502
-3.373289571215049,-3.453693178190524,-3.3939067388200557
-2.919367408960415,-3.596724602132978,-2.9067171267778855
-1.7599710472149155,-2.0486763557134813,-1.631171061236577
-0.013928877111832721,-1.8397947962703665,0.2232590580086567
-2.1820238805484937,-1.2764142052441287,-2.2071913836070323
-1.5400012732971535,-1.9467159088767054,-1.447436055176
-3.2128115660369154,-3.202864347459797,-3.210209909631816
-3.73321235509947,-3.5885993100059466,-3.759555889574292
0.38316449586586454,-0.15603938832932754,0.8974490831662996
-1.6739442149113404,-1.1114834690109876,-1.6339971734374321
-0.3874768796114814,-3.1474520716200227,0.14635859245803826
-3.8714567718689277,-3.274501536920776,-4.380378713044145
-0.8224159851388148,-1.1476581120989804,-0.596434535897031
0.014706867859944019,-2.1421552916622772,0.42010585261553224
-0.16526112301073909,-1.439322176724859,-0.007357026572263516
-3.4696050353737644,-1.5123703616768147,-3.9500128305154707
1.8852163706511451,1.6555896634004934,2.400542695687062
-2.31063965163111,-2.0577057057814923,-2.788562583846362
-3.5886172123631583,-3.6926367380240546,-3.7986514616789164
-2.5732597233223236,-2.4982316251281205,-2.8974489376716837
0.0704608757843878,-1.4692256439178848,0.24335707742125473
-7.313516484807468,-6.270688090547182,-8.364964982431477
-3.0453963696955797,-3.0078840922664285,-3.2935121397330334
0.1276106251523853,-1.0983044493468024,0.589144605610947
-3.841326542252955,-3.367382491519947,-4.075836955052513
-0.5496411876697866,-0.551692279339873,-0.30804615835338833
-0.5779073582426811,-1.0173098623857588,-0.3496149238303165
-1.8619523787709549,-2.4133823931429377,-1.703249149610699
-3.191991288449632,-2.6408739602003273,-3.2211744120525845
-0.3167837554300906,-1.4630571411524949,0.10772383902686043
-1.3832193836770843,-2.356065675110475,-1.5983422193432895
-1.0356411659181044,-2.0756735433030973,-1.4247753022590535
-3.1386443189838227,-2.7909705915220413,-3.2996985854915746
1.9030404124909073,-0.08127198915472668,2.694025026435592
-1.8353268851589102,-1.958186331633258,-1.9561190917457378
-2.0509535755412007,-1.3348600375206194,-1.7340912508119275
-0.7071210446735694,-1.0061349271745808,-0.660179391568976
-2.6674190818011456,-2.405049495501336,-2.709372500506966
-2.747499495977051,-3.46185810936402,-2.795322073381379
-3.0228270293501907,-2.6539356295111522,-3.400640323582817
-0.20302165594482444,-3.3157345453515767,0.4144690166013997
0.7278407782780207,-2.270602036911854,1.5404505175785859
-0.2197709986493624,-3.023188112536867,-0.10431438729214115
-0.16495268559752768,-1.6921799415283245,-0.05014648181384018
-1.4630276451469084,-1.6840767011531625,-1.3987468429399825
-0.9449690927571001,-0.9995930709126727,-0.21443769804566962
-1.6873957038925933,-1.9819530019946077,-1.7631972666985045
-2.7791660837884136,-2.337296188886881,-3.061583765861576
-1.4689506105882602,-1.9577723538164653,-1.4206519739344532
-2.367440828675017,-2.97536962779838,-2.3210951052140003
-2.082363090942793,-2.8730244897081034,-1.9038450821934303
-2.1450168884518295,-2.1289382141985858,-2.313143582777871
0.408691106940955,-0.05527962739256181,0.781453536503292
0.7975892611168683,-1.2965179692743662,1.2083197720017673
-1.4222237879085546,-2.5848800596641968,-1.372388414337239
0.8046060820029297,-0.6987403789832082,1.3376701831740165
-2.379802713926235,-2.053270429250338,-2.638306008586662
-1.1584754119020737,-1.418263723004094,-1.1167392157830611
-0.4160608353477003,-0.6587970610649031,0.5040214132382345
-0.09925238005916938,-1.4721587675016952,0.6413932285794192
-0.2936017265468842,-1.5685715394932067,-0.21867635358749404
-3.0491343653660876,-4.282385548724513,-3.2086156131900636
-4.450310472956852,-4.210008865900261,-5.5902877496739185
-3.2221586507308557,-2.175981853152927,-3.340254670479529
-1.5742751461429336,-2.215001801129905,-0.9117123834042957
-1.901600735742194,-1.5303856782915235,-1.7623258327605875
0.3755453794933272,-1.7373571424438423,0.6854340627796336
-2.256999794496001,-2.237806986949276,-2.1369263678980475
-1.3986731970298993,-2.9890097985260713,-1.3991231480759458
0.31264214567240306,-0.4992047307217935,0.6722651980033448
-0.35080485621732,-1.3191102591094424,-0.2865576109091544
-3.9047716140832125,-3.3225430836018797,-3.914918226262395
-1.219725142496218,-0.927832594511676,-1.0893245366431126
1.0284868952697628,-0.8351596774526068,1.6264212138095253
-4.1798262177147825,-3.694437706686705,-4.50850913824137
0.5135237409765422,-1.4353910305808284,0.948301631046542
-3.7719247391289654,-2.32776399986475,-3.6803714941515757
-3.3385203101639656,-3.6405314355173903,-3.522076003562044
-4.554886546987449,-2.7585447612768004,-4.95539161669023
-1.884610245015839,-1.8458225676449378,-1.9202312912632042
-2.286933469333602,-3.6005401276585105,-2.1048247278868453
1.113533501160887,-1.621221722212373,1.7285940827033381
2.3018644529635215,-0.21809092998842117,3.0640814288035663
-2.4232559267109046,-1.4364597575651212,-2.376838684955035
-3.0648585236018464,-1.5437606561746575,-3.35741451030458
-2.0733883997190645,-2.462642949603361,-1.7184326209596827
-1.791759469228055,-1.791759469228055,-1.791759469228055
-0.5039977512533709,-1.1059269344836076,-0.4540873118089669
-2.7051298847578376,-1.3495972083971717,-2.856521941655359
-2.400769146969608,-2.1199904670423653,-2.928030490691769
-1.61907234256427,-1.9869295507843967,-1.6707260168650773
0.05270392549961499,0.13906707722565184,0.21140048861303576
-1.833536126762077,-3.263570757640751,-2.1123062255603866
2.058512547968335,1.1805775209847154,2.3830919991530886
-6.081697103083898,-2.534590469561975,-6.6651140261903965
-0.5900365536505666,-2.6961531473701035,-0.4806307132287935
-0.29822395789922057,-2.295072091193104,-0.41267765049943217
-0.8716590834724474,-0.8139823555710718,-0.7266363443379332
-1.3329960386711992,-1.4802982241779596,-1.2452751868291407
-0.7528354747488999,-0.8453365704740783,-0.5556816536706218
-1.690271964000187,-1.9490976514917044,-1.6819718122021312
-1.809373862570517,-1.5068736125817936,-1.9059419363057408
-3.7895863696633483,-3.5835637801337246,-3.9514343310802547
0.07673640560379387,-2.050269800300107,0.5209503231291889
-3.2807041077599366,-3.542891799342707,-3.3633586249329035
-3.225741182667089,-2.4418502577227326,-3.376170226009751
-4.283884192707511,-4.143761731489961,-4.54505146515458
-1.7674976725396265,-2.996712763784438,-1.8069629647250234
0.7319312633947942,-0.5939181375072513,1.5230391004901438
-0.80650467530503,-0.8346249783487041,-0.6305341330992938
-0.9950011997673214,-0.6752383875955094,-0.6704669097503467
0.4850756517981641,-0.8107149801089865,1.0258881474485928
-1.845832673312372,-3.6626565317942705,-1.7798049737233748
-0.31710341422773874,-2.4755074901423466,-0.06023880162904742
-2.798945955620921,-2.176702301550045,-2.5879470446606447
-2.5359422095701443,-3.9650266717858544,-2.6713361917922858
-6.352947156507667,-6.855451191636861,-6.436340459239654
-3.0819726215662833,-3.541770385102469,-3.1602281347648997
0.32665485891815094,-1.599636122726096,0.24691272470350362
-0.6014597144906871,-0.9032921640853249,-0.313256529587399
-4.472806693650148,-2.416973388903627,-4.676382615910729
-0.8248144615347175,-1.2662322301290165,-0.7395446274910457
0.28377750715158556,-1.388086127025604,0.8427556427237244
0.15609296094615235,0.3049354545087352,0.9062260420567282
-1.9925049679362008,-2.420356776999776,-1.741296947536317
0.47520709388982396,-0.022202269911996374,0.756608604442419
-2.0977393685831625,-2.125160376432286,-2.0682793261484766
-0.895831272498683,-1.3440797694920987,-0.649259869562859
-3.219259466645288,-4.185637526159915,-3.3563206558891365
-0.8054383758436228,-2.047921336307858,-0.5814452012929088
-2.698401376318882,-2.2092870582023534,-2.1647392502235254
-0.6528471940610239,-2.232615397075646,-0.3529650254868151
-1.9828743347421993,-2.3156363091871937,-1.5172620499263165
-0.4440475227044457,-1.1124751759239315,-0.36200687055691405
-1.7682597228682686,-1.1189461540183747,-1.5396303273318428
1.472502178298633,-1.4663080136889621,2.3009500936478453
-1.4161797713722872,-1.8950284429664734,-1.2122001530309408
-0.05671811939008806,-1.1748105732448146,0.24838660832230605
-3.741325462370503,-3.3658495701431805,-4.57790500362839
-1.2589527249894945,-1.6492115811379389,-1.2032502747827354
-3.2119584809704764,-3.0525441572124663,-3.14718925485518
-1.6202450622804296,-1.7961313129403034,-1.1910292714563124
-2.9030007994834546,-2.7305739082845415,-2.7111349501899116
1.0312825529255139,-1.1184312661839284,1.4701862309659246
-1.3053837534452117,-2.809177533331991,-1.3002237382792436
-1.791759469228055,-1.791759469228055,-1.791759469228055
-2.5921424912187985,-2.790463447405976,-2.6049793220360136
-2.6311185767444147,-3.268591257028823,-2.660993914400334
0.5709022090255936,-0.12007031789355774,0.9238197134144815
2.84708484119065,0.32510786149819865,3.803837218197133
-4.872396290678159,-3.461827169228744,-5.162689027378687
-2.2348328412927834,-1.864919858079925,-2.3129882559527637
1.1356525432040687,-1.009381491078024,1.4086879062821756
-2.764130412275684,-1.5022248918738579,-3.026335575326821
-2.6832822269244656,-3.5130125846240317,-2.5259357747903564
2.324603952995204,-0.24473096964199936,2.8122117707836014
-1.3357203423745705,-2.615421027279377,-1.3992482965867497
-2.7036793810451614,-2.1983237432626552,-3.1275448315490686
-4.073018947709679,-2.4930669161554553,-4.4913318981982755
0.9401318475028532,0.42621414803033614,1.7170900166780885
-0.33662367743330307,-0.7723233265036692,-0.18032342394525888
-3.2570644189598554,-2.124282441237651,-3.5929780370509614
-0.4651125949297601,-2.210819852024057,-0.0529678052296726
1.1302463196361112,0.07920013052908785,1.5882872180223582
-1.5257205588485891,-3.3319107045809706,-1.5338942246553733
-2.1503976252522854,-1.945488162481277,-2.221434448618716
-1.1749358555027687,-1.4388865099652226,-0.9690387119856407
-1.6923802992561692,-1.5573295974100911,-1.8476977794329623
-3.4376811893335804,-4.274057965294154,-3.999652502328191
-1.576603492166156,-2.133055332055022,-1.055987430347497
-0.7799677518353121,-1.758212694687318,-0.6418040384017498
-0.36437570489332527,-0.9552309587289229,-0.09651765803880946
-0.7092891597855315,-1.0687032441375504,-0.34584698445265
-3.646412584106655,-2.570067168040863,-4.005584677752425
-2.771755434143803,-3.7255789181885794,-2.3617536504652765
-0.8408204893209733,-2.9388955423927863,-0.6152862458658015
0.6156037076006968,-1.5699834552028136,0.7727469452299212
-0.3403634482969368,-2.3612682150350395,0.11370666141378849
-1.7656968607440615,-1.3058810009534536,-1.5524566309928889
-3.2799785401234693,-3.9074709469808235,-4.4193738336341495
-1.6437218415482415,-1.5289283568138807,-1.7579229222472283
-0.8574552310412099,-2.232313305076524,-0.8244365762943616
-3.761121623727264,-4.038056452415213,-4.116235190874342
-1.3331018027250001,-2.063021909854483,-1.2586510252141248
-2.103027071153375,-2.421795911688317,-2.066104800396225
1.656825528236616,-1.6641677936563408,1.9794730683115511
-2.340931359483586,-2.2808268245280376,-1.4241150486130636
1.0694691443616295,-2.0460120172834904,1.5781944874185612
-2.252320613334454,-2.0753198124903802,-2.451134416127072
-3.704738149190571,-2.9752087227349575,-4.342862385793245
-0.21227534640038118,-1.1098011790094144,-0.07330333520166375
-2.9102399800869465,-3.346168672701308,-2.811619621200455
2.2262036862717336,0.06908428598034666,2.78656835311458
-2.0688326908845345,-2.1601039536130147,-2.3049445732300984
-3.285150693589345,-4.113929715187868,-3.578514277405365
0.20189302294418388,-1.815411135237902,0.3733765575064175
-2.4997334821706345,-2.4851615046788993,-2.3484701890650865
-1.5240175297455933,-1.9521256266638698,-1.4738439950903313
-0.0358355221578758,-1.2170821164808885,0.17597510981412925
-1.0626153868489527,-2.66990935065308,-0.3969551398736091
-1.4070340054491248,-1.414985688222701,-1.3049706449121492
-1.024806992244644,-2.3531918167226302,-0.7191491280236448
-2.704338526883041,-2.640710147192236,-2.518684482091554
-3.9286762558820207,-1.1231928383412322,-3.614807034653684
-1.4481629242507927,-1.471783423179184,-1.2180838038067208
0.4583111306718021,-0.6224171518794868,0.7061094617532655
1.0263613020483908,-1.183719251350267,1.5127761645236797
0.7792826807582032,-1.3230272246901333,0.9758132310257467
-1.7682548514527254,-1.6812187670333587,-1.969451307383513
-2.3914211510477736,-1.7614657507361084,-2.1236301780936415
-0.04445810297309813,-1.5156240032320714,0.11928694447067419
-0.49458808624792333,-0.9060363240468423,-0.3160603835877194
-2.4617878417156103,-0.9982899296916656,-1.9119706486590773
-0.794431071213912,-0.9321627633749184,-0.6350225216254085
-3.8189387471718326,-3.3289665483736344,-3.892887936819611
0.9485872884229221,-1.1937035808349696,1.2592505061332537
-1.056359750773936,-1.3892951021599602,-0.648239100638342
-1.0342878657842287,-3.228409320812597,-0.5722244843893618
0.6137871703494495,-2.322733635830459,1.2558216864938427
-1.2517660953644947,-2.547238589224887,-1.0409237726046068
-1.9866934656577946,-2.006916676043355,-2.0584329191380895
-2.3541065489022515,-3.7211773669606276,-2.415151852809186
-1.8857593570944409,-2.408042480588655,-2.027230181614719
-0.6155780535767733,-0.9459238109370629,-0.5775102251041634
-0.8251804022370521,-3.8020683599316474,-1.3395425641002026
-0.07643275328223734,-0.8640812775626048,0.19680556322161238
-0.10131450105442588,-0.9088155196893939,0.2169603177903851
-1.791759469228055,-1.791759469228055,-1.791759469228055
1.0243218547894406,-0.9593163354051866,1.250593896435505
-0.8265792871618532,-1.5238708375892986,-0.51292367940606
-3.53706116926686,-3.0523405350106665,-3.4356672821573535
-3.3589485157252867,-3.3359285221157893,-3.702504898072024
-3.4480161049027505,-1.5710108000747272,-3.8202404823614398
0.22480043915241132,-0.7602484883470707,0.6672196557951894
-2.863051004833445,-2.2849683047594334,-2.6618017747549088
-0.8796063625038549,-2.943584381766951,-0.5150212679323151
-0.5863891131860908,-0.7632314078930963,-0.4755337692597902
-0.6479302159154121,-1.1134331392626924,-0.5617966717317516
-2.2225489261985536,-2.1005207753740143,-2.3695357872240743
0.29537469094833585,-1.679642457761204,0.8956576192761159
0.22519766006842773,-0.6412986055958266,0.7007231393010133
-3.254214188180461,-3.447559983219808,-3.295884178942333
-2.155144837353973,-2.0272323472561182,-2.251282593133219
0.286631754020149,-1.3534044723853296,0.32727528108170717
-0.825030624275323,-1.5696793545526262,-0.3557116579610142
-4.672274827805255,-4.2642158904709655,-4.9305626722866815
-2.1040299434266863,-2.37998404328507,-1.9679614214706354
1.102065014301629,-1.2176039831290595,1.6421521835160926
-7.700093846832219,-6.059509301121659,-9.494300599189923
-1.2658716354134953,-1.6518295383129815,-0.7278986101581693
-1.1443980148306856,-2.9218323486121207,-1.0662753267661802
-3.9734192356435343,-2.7098601378404177,-4.130550353977178
1.438599010976799,-0.8872422118606269,2.3440825752202894
-0.04871275051831564,-1.2711848284462228,0.15202514781772242
-1.693599683534605,-1.7848428719118175,-1.712977648655849
-0.742623116434856,-2.940705104989422,-0.5331159637094066
-6.005742027867909,-2.9411775130028595,-6.7609537306348795
-0.38648495757403406,-1.4242180462909535,-0.3738605201260921
-1.2469970547023308,-1.90774665986885,-0.9520224289433882
-3.481555345321022,-2.0685739904039617,-3.5276619312048245
-0.22090155316435375,-1.4934679570433118,-0.08554730177471644
-1.4083001878655765,-2.6036188325618825,-0.39870166567827825
-0.6963516376347152,-2.8840135654651653,-0.8137385559800421
-2.379878578762735,-2.978071522411355,-2.8402725923663517
-4.803688290252923,-2.996503701425413,-5.087195765275568
-0.3182903040657462,-0.764118321135337,0.03519212725347142
-0.979617674680385,-2.1246776487278938,-0.48128012269160764
-1.498588621204976,-2.432699328127542,-1.111532812266948
-1.423177192604077,-0.3155765702317977,-1.0249807821950516
-1.086282434771109,-0.9528798512765283,-0.7543969118614618
-0.3441617249883096,-1.2306428642233134,-0.1548757404612401
0.15521506870100676,-2.3148807239542095,0.42472137489055317
-1.3357114535787393,-2.8509338015628436,-1.033325463971183
-3.452498773630133,-3.173264775565417,-3.6147675184095065
-3.047510958713212,-1.6338991024656317,-2.76085016294124
-3.782798665549991,-3.784226430091116,-4.028693439573651
-2.6047339273364916,-3.2732864585045776,-2.521914465018898
1.6297975245882808,-0.6385272009772922,1.9535873822842067
-1.9313862968979265,-2.059262204168804,-1.9978860346367473
-1.3017468135558072,-1.9080853506263928,-1.1719502099021368
0.13597348439089318,-0.7324124786111073,0.7471451561400229
-1.8948176689836385,-1.7427087567433506,-1.9278475375163193
-2.5680701573450184,-2.1726994280057315,-2.321078325495608
-3.6421160054895396,-2.867031144356298,-3.787559370605065
-1.6466761061114386,-1.2002992764773586,-1.1869942286539157
0.8792492392129869,-1.1392822320336806,1.1033004028706734
-2.3507033268188984,-3.9284703329313038,-2.183685951011694
1.0356699134306988,-0.30263994551534723,1.4824048884913013
-1.8029832894260716,-2.6878413630928804,-1.6638445572468596
-0.4439244034641701,-1.4471199750797596,-0.1470602690961373
-0.4208678064222863,-2.2412650355238712,-0.0424733746979111
-3.6515131031544037,-2.943477860128867,-3.601729605528863
-1.7744736860736094,-2.2363632097128625,-1.397328990121877
-3.7031450375248003,-3.3186443258628966,-4.000152745491858
-0.7834667007763491,-1.8412853083106595,-0.3148483812902457
-2.2978313450232006,-1.0488701630387807,-2.2630520943220724
-1.9002009884052367,-2.244492293695346,-1.783765271438701
-1.3101708727807106,-1.4021798736545208,-1.2423427042080462
-1.1890481008958302,-3.471244378402347,-0.6365591320209836
-0.19434923333380388,-1.2791993375367132,0.26480479743797825
-2.785935911565419,-3.407775436146772,-2.7116116532357433
-0.8150056827502163,-3.122169355743567,-0.7747875444741602
-1.030631704661196,-0.8501544063166798,-0.8789275168583989
-2.9224103097184013,-3.0795020639033774,-2.820391128135476
-1.7093370900355616,-0.850097837080811,-1.9291373448186295
-0.35239087314150364,-1.963987992614091,0.05914893447862792
-1.812619092878252,-2.55749585020797,-1.718250968529164
-3.777890682346057,-3.4616188136177795,-4.003990576087686
-0.8759962363332838,-1.4962472341246869,-1.0353887746731654
-5.761954950823501,-6.381482920248516,-6.684744809334308
-0.8578923026615785,-1.6030832356228526,-0.8644856373037634
-0.6660400290850006,-2.5029975207187523,-0.5011635621149835
-1.1936833052738705,-1.635185281077567,-1.3901093366329265
-1.6686737249400405,-2.7090150905161927,-1.9412043349735444
-2.537252904424353,-1.8552072173417904,-2.4928686388684054
-1.3161310309915193,-3.4938400280194197,-1.5378437310159738
-1.1964496887871403,-1.233193010868236,-1.1130755185378218
0.45538214406318134,-1.7715637887001088,0.5758795956243239
-1.5627014135143698,-2.372505439370443,-1.6133054939617264
-1.791759469228055,-1.791759469228055,-1.791759469228055
-1.8597582823768366,-2.040217984980516,-1.6246900172750633
0.6859471688337594,-1.4739340753187269,1.0646131802688403
-2.6887848598339756,-1.7422903167319514,-2.715364507802174
0.19596516423664365,-1.3515624729030957,0.3564823522936252
-2.686433297962453,-3.692168938489982,-2.648380060041052
-2.0120917403677923,-2.93230081287139,-1.8149356228734086
-0.3128968082795533,-1.3724427604336422,-0.4749078613784936
-1.762389017910539,-1.7191799363861497,-0.9979927814534012
-1.14518767422277,-2.074966896538677,-0.9181751902891243
-2.522036321672243,-1.0231259660244667,-2.3934676120121887
1.4839224768660293,0.34058732831968425,1.7039113135948314
-3.339001635691371,-3.4442568693658324,-3.399021577472715
-1.8927717671815654,-1.9087444349166587,-1.88874826988353
-4.305275647717262,-3.979326750796607,-4.507921515710372
-2.2156281841035836,-2.686668038371652,-1.5888164592792695
-2.334284459925799,-2.2464991503366165,-2.6079437736922912
-1.4684552917436808,-2.3481203323637194,-1.737542688858526
-4.48115900671922,-3.5603168841282815,-4.800912252898844
-7.15712080621077,-6.551862641207395,-8.15307925194825
0.680974000162819,-0.9310354578663576,0.5352239079820996
-1.0029773920958938,-2.751479726302869,-0.784710372189978
-3.1728612504585425,-1.1312209848139458,-3.2430702675908214
-1.7466507588394806,-1.7201180513475154,-2.037361831141308
0.37461489228334255,-1.6934887120568003,0.46148964138443965
-2.0149561180132607,-1.9539857216502927,-2.106017869289322
-1.6974722647162472,-0.923670083930943,-1.4869797503544253
0.3837347672147054,-1.7065294864692624,0.9029434187814802
-3.675095411219594,-1.891805445781527,-3.817128324656599
0.3690614308113416,-2.851344067121588,0.8238130774765734
-3.6559765894702396,-2.5563981598568857,-3.954027234017017
-1.7245757244986353,-2.124215278644695,-1.8711075380470517
0.8457198081588827,1.0951809702973034,1.535341510049403
-1.5501107308584463,-0.4885166572736263,-1.5337524349481841
-4.399830396488566,-4.047860146648392,-4.63397636253365
-2.0246738454182363,-0.7939239331841688,-2.2390019905296517
-2.9713152745035525,-3.3193968580897764,-2.9029299967977384
-6.692848084689824,-6.1219982044664984,-8.252261550204105
-4.674727726135904,-4.684232435108955,-5.109808269603323
-1.9173329145940634,-2.4910246131710734,-1.8985613377050468
-3.2763949675344732,-3.861314324709353,-3.642135673818841
-2.0695661415586453,-2.74047998184915,-2.201123300029616
0.03847960111450826,-1.7873732704015148,0.8171874554595391
-2.353892338363894,-2.0944212910399402,-2.280370193310405
-1.0962761367082074,-2.6202113286585833,-0.7331408104338533
-4.271897014800785,-3.6341820171412658,-4.651363939434792
-4.863887445426807,-3.3055877680393015,-5.090629329644171
-0.4459469223560066,-1.0976439247434038,0.05329480907535926
-0.9716451324176033,-2.657408189011482,-0.8217819684264853
-0.37648463416578914,-0.649161233851046,0.2746263911966791
-3.2453294521896203,-2.3628275351382353,-3.8634334618425124
-0.07364669343260648,-1.5755556471169239,0.31857237759892704
-2.205856471013331,-1.5151356068362332,-2.2140350054835425
-5.551280831272581,-3.1090815738702746,-5.973734690149771
-1.250368492305272,-0.3320684281402595,-1.372890282167314
-1.101948550324875,-2.9917827261298635,-0.8841072075661305
-1.791759469228055,-1.791759469228055,-1.791759469228055
1.3802803370398122,-1.0256025021642683,1.8823932100218397
-4.293808569440687,-3.507906716119678,-4.751801305491223
-4.044347049949356,-3.2835717043068704,-4.291212760331555
-1.7862082555818644,-3.081468600701743,-1.5806038687199502
-2.2851347760538308,-3.0779924964836036,-2.1630710677573357
-2.0775113091488357,-1.8542801007092642,-2.21705908818655
-3.4404968919705468,-3.15701536043577,-3.552058724801769
-2.256589863666787,-2.6649230292821544,-2.0325080995556064
1.298673154779005,-0.8496901948163553,1.7553925018107068
-1.9561582823126387,-1.8856838291817053,-2.1385487309435076
-2.153001808712575,-2.257638165595883,-2.0730943296257265
-0.9779531919000947,-1.3455915254778834,-0.767525015781191
-2.1179708368816303,-2.074820609479582,-2.1537158065458453
0.5282754413053663,0.025420424176355767,0.8718466865289204
-0.997577380143734,-1.9209632538175987,-0.8151054632351095
2.303329895420953,-1.0003381097774882,3.2118523366202263
-1.317965692281805,-3.2241311423370913,-1.025802323752642
-1.7028299157675821,-2.5477333639854725,-1.6167328958395724
-2.5259645306495124,-2.5414890195984916,-2.315055518723072
0.738736707382773,-0.7034504474257725,0.9803447543133458
-0.8370869943456142,-2.2375040547806635,-0.558676209135428
-2.3650184050879606,-1.6535915515694635,-2.4581623583229986
-3.4601683365342493,-2.348940276414126,-3.1711235429912046
0.9738909309981947,-1.8621770817906051,1.5535378173030339
-1.5031908172246295,-2.960722160808175,-1.3277370425296928
0.46905422810922676,-0.950895258318233,0.7076233422217219
-1.0708777714011863,-0.2480154464861508,-0.8028686797699857
-4.062606912193783,-4.769974555719266,-5.4782043359327925
-1.7627598628877306,-1.93739143295912,-1.7627643075764778
0.6204429853581234,-1.3004339710434554,1.0689957082234782
-1.3645289154750924,-1.516693677217991,-1.0321425162660152
-1.807030598337026,-0.7289301000115513,-1.8715928977049028
-0.9148051237615867,-1.5084271338171684,-0.6466506766422074
-2.948298588989241,-2.250800494284855,-3.0942261639249597
0.1475824478725287,-1.6542665756669488,0.45647199014158024
-2.3713560309470636,-2.793816464464366,-2.116224699652947
-0.974751571119592,-1.2043223761544435,-0.7370680972327495
-0.8435569901925732,-3.1066166232351287,-0.7745706824217272
-1.575546975303849,-2.124271221532509,-1.1808802666893425
-1.6192667300431316,-1.0895693943212719,-1.2952246315361646
-1.0599286050597188,-2.4311346003280807,-1.0587315092150045
-5.468327938117189,-4.1965415170399325,-6.411932416737361
-1.1229445169401524,-3.2516097587486414,-0.9740390046627184
1.4881645337937757,0.36414382415666985,2.579082232863293
1.3232013364737238,-0.794545616097911,1.7429040491324979
-2.8203645162350197,-3.4779843457186512,-2.782521121996092
-1.2505150350213734,-1.9531858953235026,-1.06639762017812
-3.914562372371312,-2.4852523937883504,-4.190374787151076
-2.038089787203649,-2.4543793433358716,-2.2260128140839015
-4.057369086797991,-3.38436114089223,-4.311461432959361
-1.1656264128508038,-1.223382647425637,-0.6815232436207346
-0.2452225452823321,-0.5793628003427055,-0.1773811912667713
-3.317650842891993,-3.3770765919644776,-3.4761489482834484
-1.1319370040742316,-1.4631893058240126,-0.6726240241155031
-1.9643211317565679,-2.1675373396314686,-1.6319107245655178
-0.2664586129469677,-0.7604026726455695,-0.118615914945277
-1.436661573838334,-2.2018967416225306,-1.1968109712033281
-1.9877150970339277,-2.241539974781679,-1.7404429795252632
-0.08102949874514827,-1.7129522872096066,0.17130273238352048
-3.29212892833091,-3.314627633637759,-3.4975818449713
-1.7905039049295022,-1.8551039624995547,-1.8103379715965506
-3.380845858860333,-1.157061209873653,-3.7256651506614538
-3.4687487330911493,-2.6173627467419474,-3.5246872531142377
0.09259246787084116,-2.741729949610621,0.29909208153089994
-1.5953739595541576,-2.670788273503495,-1.6706958336518256
1.2055827775919536,-1.9677490200715293,1.7221114468417826
-2.7865456077234994,-3.617519912204188,-2.8002728523813145
-1.6355906614596918,-2.9002290826793127,-1.5026724580416342
-0.1941487362817318,-1.3246769993129666,0.07918557110704147
-2.755051084538659,-4.61860143611452,-2.5100677681646317
-1.8708843115035403,-2.1195956035586976,-1.512413780697992
-0.8243991498738688,-1.9954695338998967,-0.22482959721169082
-0.2865702724711822,-1.3889086778042343,-0.4116580865239711
0.3572781115343588,-0.7038622277668778,0.5697179194567719
1.5283531647384565,-1.1219064454133802,1.9429656780413533
0.4980831469861908,-2.3923144578778137,0.7969979879109691
-6.069166478882994,-6.249589227911257,-6.776449726162358
2.7239440767959953,0.5043404589814529,3.5677668613970144
-4.767261174761127,-4.413048468393938,-5.544252491629761
-0.41425176252351514,-1.770073830426026,0.11765794445514859
-2.376471905889836,-2.476449379254868,-2.0980171250364883
-0.6638642863581938,-2.6142793715259818,-0.15190924443605705
-0.05671811939008806,-1.1748105732448146,0.24838660832230605
0.3708393139524293,0.22987110734984,0.6257777319958028
-2.510091865054995,-2.4511796060939197,-2.252666555928292
-1.8433845747880686,-1.860957474048922,-1.875975100513639
-1.3859397145407275,-1.641898334449885,-1.3334696495210618
-0.9064936165267333,-0.8506637311977662,-0.7818437720594354
-2.355500118900796,-1.7581416998246608,-2.482300294619877
-2.445055036579341,-2.7600604797845603,-2.1981166170096857
-0.7453161802037137,-1.1290682874860558,-0.44602083894831906
-1.596835143176132,-0.18473893420521925,-1.0949122459848504
-4.464996947815949,-4.59969332878459,-5.288255012365133
-1.7271543387321115,-2.917112323120433,-1.7009975305845797
-1.791759469228055,-1.791759469228055,-1.791759469228055
-1.3397718126519023,-2.608308733251865,-2.1759299176867493
-0.14123322326539228,-0.14062368695031502,0.06018253724991001
-0.5784637073576787,-0.6151856802470385,-0.0691259697691455
-2.967789080507316,-3.324185327473513,-2.917041630875039
-2.917662382724126,-3.5538995872009,-2.637520953015391
-1.591393126911621,-2.119323621821452,-1.6686988073791873
-1.0188120934577636,-2.054817538211599,-0.8239198367790169
-1.6028507626315924,-2.9231959666526137,-0.6762640548612002
-2.007813619568659,-2.1102776228484363,-1.9922368652551699
-2.351371605317023,-2.590762516725163,-2.4868601454350054
1.1729980688130828,-1.6199746339777246,1.3914802252318177
-1.2981720694970937,-2.449232183959251,-1.128040843527736
-0.5179270518513968,-2.0984285173653396,-0.18661999990705053
-0.7626981363340637,-1.1673951209974747,-0.23979438211647303
-1.564703471706415,-2.1391140897795378,-1.4743800729621792
-0.47880302632657296,-1.0593696513666815,-0.07681941448655813
-3.2596804083869473,-3.2600237934746574,-3.293639381758213
-1.2856982978095866,-2.8326303615924346,-1.1046092105585439
-3.70235827639699,-4.317857866608029,-4.154374082027709
1.1895450867453992,-0.23415967106412125,1.8717600886776316
0.9074996946297365,-2.4902920002324955,1.364390557457833
-2.651984621437317,-2.79855482400605,-2.550850799299703
-2.6974157232171465,-0.8215882389499727,-2.9244950087881065
-0.748177002441476,-1.5994493813777768,-0.2269292765937846
-1.3691558424072185,-2.617769365839397,-0.8329392465906781
-1.5125105194039397,-2.018249439297732,-1.4635329522069465
-3.077680504811731,-3.2694660392720065,-3.061208122262911
-3.432918858875565,-2.5063582375173454,-4.012944315221485
0.6535519552244702,-1.5309830636207715,0.7440305485316838
-1.1384048515176701,-1.1535823795725593,-1.005698997350963
-1.7800368755270977,-1.91611986532648,-1.405700340807583
-4.210943744337242,-4.298037494442408,-4.239634045044088
-3.0258157845764946,-3.7396534390335754,-2.7793643405539386
-1.344955380321178,-0.9361546795812544,-1.24856166246696
-2.7697553153766625,-2.5387417277969755,-2.737016117195992
-3.9768822325454485,-3.071520165121207,-4.09380205128551
-1.3121202215082126,-2.189758595089922,-0.7666054753218146
0.0796341571099417,-2.8208154601294253,0.4597915469505837
-3.2394142048884844,-3.417752874958348,-3.2981215919219653
-0.1518730796425029,-1.7286658315654067,0.5641615116381545
-0.3413356298126205,-0.9716518996591985,0.0580922781319502
-1.7712300594895234,-1.3436009303984506,-1.913242470296028
1.191338595346187,-0.7430509547365001,1.8195908063757789
-0.24043811620645056,-1.5378392026212975,0.24048385352598398
-1.3720016900133074,-2.3535148379885444,-1.7155850832843562
-2.5794342236175085,-1.015092918843103,-3.250471902080736
0.6463382485399017,-1.0122579409905677,1.4139381453573798
-3.4570737739854267,-3.1747080175100293,-3.5660830844774805
-1.766716877579217,-0.15163223073131532,-1.8005988272567672
-4.1364892206527974,-4.444694392759031,-4.3596007834653525
-0.17959428119705267,-0.8165393384251531,-0.07451843972439977
-1.0581360014353762,-1.56180363465981,-0.9742250445570777
-4.294299602054325,-3.034487940102501,-4.6510761943047285
-1.3420439541704652,-3.0405103666333555,-1.1369569250369351
-2.504802411560395,-2.886475300408214,-2.4248216418965582
-0.7003515244505755,-2.261968629281361,-0.4209062695377707
1.3763456199340156,-0.31071552273484365,2.039267301684611
-2.8362270390424564,-2.8952146943638684,-2.82741573157977
-2.358049084090742,-1.8758388852299828,-2.20957940407315
-1.2760563237998765,-2.4343900622652774,-0.9597038004109291
-1.5382821151381991,-3.0029999610587415,-0.945876051097762
-3.1380124878731706,-2.6622331310926524,-2.99225632276508
-5.935157997197861,-5.827431881849944,-6.415209408029536
-2.520380612821587,-3.014409234002135,-2.841679813211499
-2.4321572388600976,-2.4396095773356,-2.2907112730243004
-2.867146212854843,-3.978247361207532,-3.1621902063620118
-0.22042610490203166,-0.8655725537812358,-0.0842218234394253
-0.9228374057914077,-1.2768273682195688,-0.3891351686046403
-1.6326132544491612,-2.4803377642038464,-1.3021894419968043
0.233993123428559,-0.19644436214062128,0.6055963159902799
-0.9723721692915763,-0.9771400535810918,-0.3645044456266858
-2.7890374329338887,-3.41672197854174,-2.8831685265202536
-0.5696586811209027,-1.2089778948760617,-0.3292093054393744
1.4667572458244857,-1.1912423849153961,1.8321044486215456
-3.194779620307151,-3.3732349395148917,-3.2370069436391153
-0.47880302632657296,-1.0593696513666815,-0.07681941448655813
-2.033329170983757,-2.798422982513347,-2.0290165138900216
-0.00781430667683177,-2.489053751848152,0.4856491136488896
-0.6529013889049544,-3.1688913522181963,-0.322561884948639
-1.8039540754949746,-3.078434588095675,-1.4180958301080935
1.4435742823629725,-0.84050339591254,2.021361946862105
-2.2712569333007724,-2.578445971541499,-2.2419234611228642
-0.33421227372829043,-1.8425687039066443,-0.06668303624640406
-0.5769506010518983,-3.0481962398933464,-1.169335634824388
-1.1058093896640169,-2.632846298497186,-0.9237512299262185
-1.1699610239017493,-1.411764034475815,-1.08258635242359
0.5100442357723155,-1.3113078430147151,0.8881706133276989
-1.5715446711254721,-2.0127108093896773,-1.544031431775698
1.922390354960801,-0.9578480860988531,2.7122838994770224
-2.6590847827837885,-3.586923028840445,-2.668130436871093
-0.5033339337198905,-1.9655309949886057,-0.24321613882877266
-3.0915107491967495,-3.5883485080209745,-3.015723189140091
-4.24073355003245,-2.12211808415725,-3.900654119691534
-3.0912432617211683,-3.2075233758854735,-3.049908074894665
0.6004871552188056,-1.1918693783355265,1.1529513110417404
-3.014410084708881,-3.03227345898614,-3.035847793942445
-0.6650798275901685,-1.072928227653316,-0.303370664203365
0.30482081767748764,-0.1581814894896836,0.6975586779813506
-0.6523701313155869,-2.590817481900335,-0.49091816060567
0.21854083193682314,-0.5526844056706663,0.39223382117272904
-2.2440711712033066,-2.542350699980579,-2.801426350228312
-3.2570177741606847,-2.8773523160968133,-3.758068908062794
-0.6457493358840198,-0.5742536408063722,-0.06149005846535439
-3.973779477437665,-3.3305196171059412,-4.189661698257115
-1.3023467074112827,-1.1858816974617623,-1.3454109780641164
0.18834992175679258,-2.470062608402238,0.4054099691434956
-0.999535318980782,-3.5389667223144454,-1.614874358363781
-1.593298888716377,-1.2027148224674642,-1.0902940907882537
-1.274026476352411,0.34578873135938903,-1.1201778908434599
-1.7660500092271192,-1.823507116935575,-1.7664755952290567
-2.7393891183295627,-2.8743678870800418,-2.7904872099843354
-0.009260070436048547,-1.5223957047699768,0.2659083762497776
-0.2723384917551842,-1.622698677403585,0.06166180518563092
1.2090081165734274,-1.4024602288640506,1.9720626918857065
-6.909980940800268,-6.985697027586202,-8.653699642794079
-1.575387576051444,-1.2841942738109005,-1.6275872116815455
-3.8066390278347924,-3.5067839517913475,-4.0819601460538735
-1.661199208990376,-1.4174267012639459,-1.4996283132348047
-1.5704609442691246,-1.3122343129335488,-1.0820901690293991
-1.4888822572585825,-2.349598724767301,-1.2113135830632835
-2.504637020028967,-1.3243297990183571,-2.5477327416175135
0.02986327379744353,-0.11711911404762321,0.29992525729819675
-1.557132116524896,-1.8919758740446722,-1.3340837598739994
-3.2360394554153054,-3.556439510532964,-3.3305757526268045
-1.5739343577773526,-2.2005968139409213,-1.5917564112637306
-1.826370996129801,-1.8566826251945423,-1.831645288609442
-4.086149900408684,-3.9379247413773606,-4.493672044132658
1.0346088163261504,0.30574793154280855,2.304557800800257
-2.7351722409304635,-2.59658005008749,-2.747915099083648
0.27864171850867914,-2.053129419157044,0.7912028036302372
1.11949718020216,-0.05221974394336745,1.3247078738086295
-3.6511620054757192,-1.8121609141282495,-3.793965441100891
-0.8311792668707599,-1.5989525670165985,-0.41894931836923355
-1.7739731554589335,-2.4097907214627603,-1.5384351670995888
1.4331557477185393,0.0329838543961118,1.7921118236077178
-3.764703536500246,-3.138340569765498,-3.7558923695240227
-0.7190721476864129,-1.296744006633087,-0.4662635625374339
0.9942403119663151,-1.6183058262368524,1.5489838982551607
-1.5693294982476667,-2.9658430461413325,-1.53476772965474
1.4161188001802871,-1.421496067087592,1.5873032459914749
-4.481569883716293,-4.283485430547489,-4.993223450860092
0.05798267428094706,-0.40051567459250575,0.547987329895266
-0.49427207413757857,-1.1081059785390048,-0.3356345533429379
-2.994334231785067,-2.89037365673997,-3.3263045636170516
-9.615426112945249,-6.651453858190374,-11.299629933773634
1.5521304119384436,-1.4402420713789572,1.8384286446170746
-2.0439896912588233,-2.2750453021527863,-2.1463516262435967
-2.3478666469010343,-2.935140212902525,-2.2532766114328724
-5.345565429896547,-3.092290792292661,-5.667495701403013
-0.0335236434207853,-1.2498251087930636,0.1377744209293777
-4.07809030569641,-3.7754211273029017,-4.367679690898562
-4.570481695193673,-3.1638001896445704,-4.723215115767023
-1.8256954451715823,-2.7783099468076595,-1.784492291838751
-1.791759469228055,-1.791759469228055,-1.791759469228055
-0.7740344457734263,-0.7946501467163005,-0.5920262840140055
-0.19642244788629756,-1.7466817279852023,0.16552017138381594
-0.2176426886751903,-0.6962877363140288,0.0654620932099667
-0.022006241781724764,-0.8272726972936573,0.497559956378827
-1.5087340452063795,-0.7533851991728925,-1.2895921028668536
-1.7539475037337562,-0.8500531760025007,-1.7017354481635805
0.25591526599165554,-0.9773613384094992,0.6005818855075631
-1.333690095767648,-2.423809000625135,-1.113565789083013
0.18862961294325084,-0.23727485768588233,0.5777686062078667
-2.088029059000773,-2.769442221599411,-2.0019764317368085
-2.150289847080531,-2.2819665894419807,-2.6097471596547406
-0.2833234648519456,-3.4927498056407424,0.13937199503769443
-1.7780366590669563,-2.4783947174201253,-1.675676107583138
-1.8559012428198869,-3.5909892066332967,-1.4696430005798766
-3.5151397711206425,-3.616114241428566,-3.514759046594843
-1.4370606840940774,-1.132795142181237,-1.6047910188099026
-2.9858887314963574,-3.039414752225677,-3.0100313431532975
-4.1472307688540235,-3.4793694290210544,-4.278811921902018
-0.6445900669129396,-1.7503465434589365,-0.14359767470318766
-1.2926129098290047,-1.5833373592956481,-1.013561864134421
-0.1612252955909059,-1.4148672295625573,-0.039930184633217174
-2.2062105369246683,-2.775052802793661,-2.0222280323603266
-1.6318962930948955,-1.17927495302868,-1.7981481555060923
-0.3422353561939171,-1.5988258061527796,-0.3785863474241232
-2.4805424948304844,-2.4027004602549584,-2.407715715634264
0.00271139874479057,-2.993878197157414,0.43759865710569773
-1.9391783795080888,-5.117685839225256,-2.7315228006975483
0.15000350207078317,-1.4346755397415722,0.5547706160422441
-2.529618519296417,-1.9771651086016881,-2.704153970697214
-1.0174429270634517,-1.937339124555243,-0.6701584083079442
-1.9446493001202934,-1.7481312173455676,-1.6419829229050713
2.5897480580373657,-0.8273948905621329,3.4626703604683673
-1.2937133499943545,-2.235694749620657,-1.0503692902817159
-2.386006154786228,-2.737759869107168,-2.276391880722556
1.246681835625863,-1.0913631691663408,1.8081410033770802
-2.0245154145725697,-3.8730740744038408,-2.111673215352455
-1.9573104914379136,-2.162841868726179,-1.7802900315562886
-1.5921037302796888,-1.736366520378104,-1.6317563179171708
-1.2230367813517538,-2.180821636975666,-1.2395831439209686
0.6291137651385088,-1.2316573988962412,1.122369693992999
-3.1780538303479453,-3.1780538303479453,-3.1780538303479458
-1.2900506003972751,-1.443619798861219,-1.1997345900911642
-0.6384324995580085,-3.2214521898376027,-0.28715035578977516
0.7803010625634189,-1.6558949354258783,1.2443030100259278
-2.614177238602114,-2.063585301474542,-2.3557151237946194
-0.43234806345988097,-1.8380945522228973,-0.07750134224989666
-3.362976356936067,-3.0667374675323416,-3.6353994121839976
-1.1725881304228258,-0.9226422485813525,-0.8544174661454877
-1.861816647626501,-2.190542951847189,-1.9020426548011657
-2.2503764650791047,-3.2622728567823827,-2.239237283190737
-0.619312599490937,-1.386515209427212,-0.22028915304496408
0.09683193282408893,-1.385987827348283,0.5045811814229922
-2.006692637731334,-1.3157725052192588,-1.9126365823983844
-0.20663679781172792,-1.540049716344304,0.6866326589999546
-3.2681634529909958,-3.2545601697276054,-3.303823575084273
-1.1049097989031336,-3.1353153962081444,-0.658256123149817
0.09131467298020149,-1.0979078328702931,0.36870407990596143
-1.9935604592882037,-2.659634568630988,-2.386220890691526
0.8295295481281565,-0.9093658453954128,1.415934342566369
-1.9613103104463516,-2.0713500234477276,-1.5069062071063681
-1.3478318178630464,-1.9105952090356553,-1.2659754490758517
1.5090821347692982,-0.1950824232222488,2.257189760348278
-2.6949121507126197,-3.320905865326721,-2.882801061547042
0.8424450126822365,-0.3333553471639237,1.2216584026592008
-0.17706773518355912,-1.458927709888627,0.3387030203166932
-1.6961501872004487,-2.384950429421132,-1.7550402770552895
-2.1138101314756574,-0.9531760014257745,-2.2926792085855277
-4.443911648505188,-4.35444643889842,-5.117205230901827
-2.138542535792145,-2.3718777568396234,-2.133031072414894
-0.29019317466916983,-1.0331602912613669,-0.1557598880617162
0.08016132478325988,-2.8800559811221085,0.5954673123874805
-1.2936595921522533,-3.1437381578652923,-0.895427952284141
3.491787910992039,0.5680520888318747,4.248324492220906
-1.9760480843903578,-2.567023095888313,-1.8084092977657753
-0.5798827221716628,-1.1884478476217792,-0.5829534109422491
-1.8103995548915206,-2.1800724085187193,-1.9485530321890003
0.059015766203762435,-1.6013383477590757,0.22877453515127577
-2.4074189939924646,-1.2105252010331273,-2.3433700050660486
-1.1977855595140687,-0.3823750728270808,-0.4526696717102375
-3.907087734526681,-3.529265916908777,-4.152512748113764
-2.826944476751036,-3.478162134222774,-2.7262999009504028
-3.4788634822823052,-3.549403334152164,-3.710472455341375
-1.8700141350823825,-2.9328515466807743,-1.6085985373401517
-4.641693693078821,-3.529369735298962,-4.945112332154105
-2.080926181108775,-1.5170115172692629,-2.0655419279952913
-2.3606340532331003,-1.8519069161326864,-2.5113194001552555
-1.3272845983590467,-2.833852826991593,-0.9091496442336697
-2.4133688190817573,-1.619901039306849,-2.2968229605263
0.15485708866757483,-0.9508641976010229,0.3358222059698699
0.373264718480848,-1.2460137504580309,0.5404914910792815
-0.5085980573227414,-1.6139147111562362,-0.14722573278659745
-2.5258443358903735,-2.2976206756174333,-2.775888092808656
-2.034597996871471,-2.5241222936481016,-1.8417967724259285
-1.0246768098292027,-1.0472543767104967,-0.8736597515775091
-1.4437057949534446,-2.2350818618965342,-1.3767392357236348
-1.9137556957817745,-1.5714666238864767,-1.5015689598875686
-1.1796225217697605,-1.3222662072439162,-0.4613117109191058
-1.3210127794992261,-2.0965926353125433,-1.2364875549724301
-2.2721961957463375,-3.329852857757417,-2.0239168061949946
-1.9871758606216063,-2.499280415508651,-1.839325660221192
-2.287017909196709,-2.2305975194372394,-1.9354117722393371
-0.8648546609497619,-2.026881773217441,-0.45577413246748316
0.8880367861691649,-2.0916316595357363,1.2723072485484577
-2.9963465628921138,-2.9936274291795555,-3.063229632578082
-1.6061711403938002,-1.5674750485602895,-1.607176669716263
-1.5002829577904713,-1.9822127250999024,-1.4260370969402214
1.4981976066000469,-1.0664169778753587,2.0913377795792822
-0.7382124798909631,-1.6136907545799852,-0.5833405712669686
1.01787807657853,-0.6880455730804619,1.49786043556645
-1.234413977506434,-2.350009319148806,-0.7813122239306585
-2.478006499706031,-2.6813517921937895,-2.306616912589711
0.19325490607067036,-0.3606621015704745,0.7057733323999619
-3.3000739329467743,-2.0323790738221437,-3.4171138080917807
-0.665193663392438,-1.6431897605547927,-0.7694924508510264
-0.8856389361061983,0.1795027537331224,-0.8549995197150313
0.9398001698479868,-1.4501607858384664,1.4445255733314784
-1.5222633376821442,-2.9236035320959655,-1.096691822922597
-1.5141946884267246,-2.8985336740169236,-1.6127851760150005
-3.484548751882324,-3.5630427517187373,-3.5224052532675576
-2.8365050839341546,-1.824443179817734,-3.1001085619541278
-1.2951230512445724,-2.013641305883196,-1.1491720457905297
1.0916059867740922,0.4541341342981298,1.423567327567842
0.1520495316147057,-1.500231530495455,0.31753354215063556
-8.540628924039336,-7.722920433152737,-9.48000275397007
-2.6709906474209313,-3.624698002690689,-2.922367764857392
-1.039734894269458,-1.5702217072006062,-0.6691643293855468
0.8894388025222789,0.05047695253596708,1.3396228676074822
-2.4318513069038747,-1.9377307932564394,-2.504687512762263
-1.8729936444863742,-2.737641526769183,-1.7612837134421244
-5.373430174099461,-6.001631861173218,-6.046888469860802
1.4830814068502942,-1.6164015258937383,2.253203422400503
1.1965974184533426,-1.166694332742443,1.7310867129658436
-1.9859385539408239,-3.161864457159061,-2.0576142920784455
-4.937582812088941,-4.737166062533589,-5.321506284157665
-2.323940465892309,-2.896489312258989,-2.090859562061821
-3.1780538303479453,-3.1780538303479453,-3.1780538303479458
1.0238799917197245,-0.8130617763770681,2.036093154227579
-2.911075692822698,-3.474625386383685,-2.9405235965618948
-1.9099208076157126,-1.941035673243454,-2.028165729865737
-3.711374053782311,-3.397235820774539,-3.77952917280491
-0.36205427321002076,-2.3629602632717237,-0.31205520598152314
-0.5782013119890994,-1.9770484056803648,-0.34167843380086393
-2.3790123351021495,-1.2019532733261415,-2.1008891920864445
-4.366160269348457,-4.909411032413517,-4.51403305530021
-2.0211270299004522,-2.156376679416633,-1.7773464206801313
-2.4128449318608762,-3.205277419714623,-2.22203179327639
1.319352243531446,-0.4373249150799843,1.9268725071120225
-1.8200418222644155,-2.3884775309792685,-1.9219210294249571
-2.6428296264427,-2.1826541119571807,-2.779354046565701
-0.11422515592741588,-1.4688729796026265,0.418975852263671
-0.3582594120046853,-2.1389277024571154,0.34473860394361766
-1.6058044250882442,-2.014013844614003,-1.6092692182730903
-3.6263320621380655,-3.498277267060552,-3.7933063788026193
0.2758511065609197,-0.7510397362868948,0.7175056479639564
-5.859092969442203,-4.656296387238532,-6.256963809182265
-2.4752598681985787,-1.9097501042312262,-2.5545397391755045
-1.574392139555432,-3.0144331884855617,-1.5263129259257402
-3.1945744367208366,-3.1442481811214007,-3.2885132578778324
-3.3838589426152113,-3.822475887223292,-3.5860452947870987
0.08858484412040742,-1.6301952686826744,0.30177143345624197
0.20451378197512504,-1.173228191735087,0.6213260969478411
0.4302853189018109,-2.5872938036141444,0.6786398372350402
-1.5762651245306871,-0.8142505244819277,-1.6478169635732833
-1.8872609358988628,-2.087452939411374,-1.5626666051745504
-1.0050339573533853,-2.4205024607916807,-0.937178719271169
-3.0557833076252616,-3.30598112850951,-3.0459363110767432
-5.585988561372469,-4.458034402037644,-6.264810775436454
-0.8722132249762067,-0.7879398998376865,-0.6419023129522823
-1.719467313799196,-4.688095621251852,-2.1733798959541413
-1.8865098919237786,-1.2568410744514547,-1.4053174834155842
-0.9504267595591449,-2.8162117143121317,-0.8745961411695916
-5.637142931049196,-3.6518887226863925,-6.463138728821103
-0.5200412418010472,-0.8837099791315522,-0.23343296785058526
-1.3099758520975207,-2.8525694321446147,-0.7242305824037429
-2.1019967049064894,-1.9560804160863239,-2.220855875827031
-3.288556927269104,-3.4711341125872512,-3.395483268521331
-2.179992937919167,-3.7877695739588,-2.0144081403975913
-3.1931058272651223,-3.9703136268211967,-3.1048531434860256
-1.3585809487097915,-2.3470568512668333,-0.988055861653208
-1.9119346705773625,-1.5755357837562787,-1.9420911154321647
-3.9100680602254574,-4.049757620189561,-4.11850299372812
-1.510320758916274,-0.8204660547554251,-1.2944654192881255
1.2552769466003308,1.0849769759175212,1.8129655266608888
-1.7071427535258252,-3.3566993378089913,-1.5823625868459914
-3.9222613917951907,-4.414286880596431,-4.638049327609524
-1.2101232347011321,-1.2212276300832723,-1.041685352355655
-2.814885802487531,-2.703803539186442,-2.7360419239902902
-0.9463008245646413,-2.2499035447288764,-0.8196756665556687
-1.0586476866073935,-1.702650498122411,-0.8087750374229151
-1.4773978473426477,-1.4547020380185915,-1.3891932924411752
-4.596529125728624,-3.575199388845615,-5.097465510280063
-3.5062663614748217,-2.8935229368575004,-3.5024307727638817
-4.140683796933353,-2.241743744103046,-4.675670741819146
-3.760438818642116,-1.4614980850170476,-4.061091056637982
-2.3328434144375554,-2.1943776637927326,-2.6156371102474063
-1.5051996114110822,-2.5899239906628977,-1.5406462206815863
-3.2149528781781314,-3.172973734558772,-3.2132281737199513
-1.3489110069198709,0.14251449388345708,-0.8077943466627266
-1.2358322684944418,-2.0556117613509226,-1.113389261450537
-0.34654856740982365,-1.548706812366905,-0.2873010270380295
-0.7528824353900083,-1.732299162777475,-0.36204675061239205
0.39486642801654953,0.3383455235719338,0.7147085206735765
-0.39564410721549303,-1.6535617630783859,-0.14077262887886988
0.20280655219093094,-1.9800616835506244,0.3360702904612086
-2.802558406946819,-3.484811801388429,-3.0649685743055293
-3.1663341590861545,-4.848023370694803,-3.495872354954281
-2.186788886211059,-2.2219653525039966,-2.042027573865545
-0.5647770718007378,-2.8109562579305534,-0.09904215898988351
-1.0916933037475673,-2.5129793609720825,-0.8618986657093257
-4.239603197688635,-3.5387216040951883,-4.715585128915601
-2.8331585986037777,-1.8031800657544588,-2.8318455816651804
-1.2372924058323727,-2.567639333366375,-1.0542206459601844
-1.8714077085810759,-1.2348307160699636,-1.729324984926331
0.048960076037075896,-0.9058843003553698,0.16555074731014516
-2.479001142473458,-2.460782046140933,-2.4283847795638014
-3.278154726640189,-4.714149839453617,-3.720486526830132
1.4738627121024286,-1.38041730831549,2.108433749515537
-1.132732979469211,-1.8729149416757438,-1.273927898180967
-2.866628368840459,-3.488405721959384,-2.832026115307818
-2.834337281222618,-2.1265368410553322,-2.7444980540355166
-2.887313740374938,-1.5511048717080458,-2.9646434485178963
-1.7848659279677872,-1.531748951526432,-1.5368923300466597
-0.07175880975815435,-1.9806565104397218,0.28308162636045975
-3.921702963488322,-4.323934081678659,-4.195921244401072
-2.3679346771710095,-1.3792766315998817,-2.156366682208003
0.2562601152317741,-1.7406977450388086,0.49906919001217687
-1.1206219318856077,-1.5306849452828761,-1.0251552433839506
1.7778886684558621,-0.09125712826593028,2.477747257637977
-0.16838752760853404,-1.7593671646058622,0.05240975848506879
-1.7374443807675664,-1.2323563602466603,-1.6641202759743088
-2.5977818038972478,-3.0767736510715644,-2.4078884478342397
-6.144101935087185,-3.3454667752557143,-6.553841656038119
-1.5614025153640465,-0.8722481905214023,-1.449109215249673
-0.576029470306358,-1.1343195933945558,-0.45262392850491945
0.17999568786000283,-1.7219440927171787,0.7831201898138541
-1.287007506151105,-1.9076061686007248,-0.7690702624471312
-3.2396790564763425,-3.285670524843387,-3.265830676003061
-2.234192399328935,-3.5607917694764772,-2.023412738715378
-3.0767408258444435,-2.4761235645693014,-3.037445804941591
-1.7571551782523964,-2.362654263486797,-1.5133635625094424
-3.176359283179635,-3.152477028630214,-3.1429805110626865
-1.791759469228055,-1.791759469228055,-1.791759469228055
-1.1589557981971679,-2.3459536890483617,-1.1211390703633635
-2.5257279552298226,-1.678888715979084,-2.8480009509541087
-2.499622259855594,-2.620830341182226,-2.45208803732607
-2.6493083283550103,-2.5870383995929513,-2.9288581623471206
1.4952355815619953,-0.5995917797348008,2.150763787052377
0.3031143083440886,-2.0811784099632398,0.9368784696705104
2.0091602128236263,-0.9961859136162042,2.5047276266798812
-2.5000262998392464,-1.5011622776568425,-2.5442741327062386
-3.0446511189678045,-2.6698770719926994,-3.5158981922075077
-0.08901606861090426,-2.0317245052564994,0.2366719371265115
-3.1049784063723007,-1.9280086889077106,-3.1484097918374148
-2.6120327751705017,-2.781714603669411,-2.70793125035678
1.8054203795191741,-0.4858213365432762,2.2360357488318847
0.18504292244400486,-1.5034032750247663,0.556327279785527
-1.1072799675650828,-1.5147998711268174,-0.8071048532035101
-0.8463093646171953,-0.28663630608275303,-0.48243193087615777
-1.0054197201772408,-1.556146047689918,-0.8475979644667275
-1.791759469228055,-1.791759469228055,-1.791759469228055
0.1497556005654359,-3.327176486602184,0.5138747208009201
-0.31880399057258213,-2.6884679415174464,0.0728931512386944
-2.58148693845629,-2.5733878525700327,-3.00521699667141
-1.2279139799602345,-2.194232279603597,-1.3591855516038718
-1.9553711743807871,-1.9664746929475239,-2.325453185269577
-4.176552928805445,-3.6709560123175304,-4.334690470071239
-2.0681222995407027,-3.5197405378676216,-2.257662080399078
-2.413834563829379,-2.0321823798422556,-2.710807090274132
-2.149336427353497,-2.3449809161307074,-1.9678810887769593
-0.9291485520779877,-0.8409092063490327,-0.7709555160297439
-2.5253264238722326,-0.6625846658512988,-2.7549059532020754
-2.750330013036228,-2.5342985107704865,-3.150732030709184
0.5751553779504279,-1.1797865017264337,0.9129154820521923
-0.6610335807755982,-2.926499516249437,-0.3076355212000747
-1.320260241032918,-1.764802113622171,-1.1648294655443117
2.5651161004993237,0.3786436751570385,3.322910751088024
0.264154397056802,-1.6443862995735055,0.9986605965550147
0.8043228605398155,-1.3194570949185962,1.1122184462085478
-2.0861492533357255,-2.4721485986033254,-2.2717252995170707
-3.5191818310011618,-2.7132987446332444,-3.6874681027051768
-4.455136652170568,-3.4747588373789102,-4.8129755528276394
-1.4722496411111923,-0.0828204347097312,-1.2221085229953705
-0.39392297342236493,-3.2211848536175323,-0.04605956623880421
-2.2515357650063286,-0.4063908764745933,-2.2357586162395258
-1.3204544578669133,0.48969291967421935,-1.4552953954507013
-2.0824686150986254,-1.87575577005234,-2.285176487605164
-3.733105370568382,-3.897238772522699,-3.838196168645224
0.40672357161233685,-2.358410164063896,0.8746506421396945
-2.420458628758543,-2.1208181417561285,-2.4260846098445468
-1.791759469228055,-1.791759469228055,-1.791759469228055
-1.5453434360747815,-1.9865099490859524,-1.5148885127279168
-4.435518746322854,-4.480132700536526,-4.708942127672917
-1.5410717747816591,-2.1123749102623584,-1.5013288701550658
-1.3012331828209758,-1.9623743598634031,-0.7841729467646608
-1.791759469228055,-1.791759469228055,-1.791759469228055
0.11368198126924284,-2.253206776743733,0.577485826939953
-4.284050058497043,-3.6308314514487474,-4.497824885875038
-0.48693798100816504,-1.8248476254624248,0.06526720266822629
-3.201642871711925,-2.964759285055246,-3.793826405568098
-2.73039266497032,-3.2138158299536217,-2.641595669382538
-3.674340939141638,-1.9077273157842762,-3.8180180327725095
-0.9149183130421948,-0.9571972629683287,-0.649669748934464
-0.612127492036606,-0.7081222254307209,-0.29637671355885653
-3.1767515890241773,-3.8274112986231397,-3.0932056978141613
0.5125426717440125,-1.4746776748567016,1.4269101988317485
-1.5298097515380142,-1.9165839275049776,-1.5290271203974821
-2.3204496298706943,-3.3822312733934745,-2.1011904046184093
-3.0599194864948283,-3.311487309744712,-3.0508225056540694
-2.3055335935407912,-2.3454838033008225,-2.2647283565110587
-0.5816149152698394,-1.5123742435091532,-0.27443013852002024
-0.34213612191704396,-1.1476804550364967,0.045051206389326234
0.4119432145669483,-0.9275957008387328,0.9464126897328876
-3.8096659234304853,-3.8436113999600447,-4.0237327985627775
-2.946969709496742,-3.0553963932390693,-3.354642292300954
-2.674682816846298,-2.0510244022834834,-2.841046946954574
-1.791759469228055,-1.791759469228055,-1.791759469228055
-3.810857597307263,-3.4491929617167147,-3.9493192734558784
-0.6426261797343367,-1.1127900904387469,-0.24134781686344683
-2.1226577942882616,-2.016667831532935,-1.9964044193130461
-3.1590528235997097,-4.119407973598473,-3.551063155512255
-2.531876795603845,-2.571035785391335,-2.4456842630804796
2.99152906011945,1.0899299422300266,3.7031206089595097
-1.402318337189762,-1.2645950733074518,-1.3456751479828757
-2.288946811615112,-2.2173230165298277,-2.5179145839178636
-0.5247203661220382,-1.3380234055559035,-0.08185315781609627
-2.1995390628579607,-2.1687391056779677,-2.000303823382849
-3.376876082409024,-3.8542242163015246,-3.5932877738397515
-3.4415525241325295,-3.6041558247217167,-3.4986764416460083
-1.6106499967005623,-2.121325734407392,-1.0876955385047047
-1.8561936479342007,-1.7723934066392826,-1.8839844448393308
0.013082112890558457,-1.5765863263045834,0.23323187536775394
-2.923428847222603,-1.5301939790213623,-3.4259293581482573
-4.603367012770458,-3.918600075953247,-4.702969685150235
0.4393482855115842,-1.35971504036439,1.0280896572540974
-4.046374058701996,-3.4838912971980793,-4.18748491935526
-1.660585508573632,-2.478204517053993,-1.8339736119168155
-2.4038624372198227,-2.550816176228505,-2.2001426611300716
-3.118351851213767,-3.7093700054946575,-3.161947970346498
-6.041580237332313,-6.032162859459239,-6.970965313658039
0.2608672846867563,0.09835464215160762,0.7154064694398191
-1.319020171173402,-2.0814974315933887,-1.1972674857605303
-1.1015636403384519,-1.1670134043825562,-0.9680859561111583
1.0956838121376613,-0.28866203546613,1.619967346784886
0.008353034948612992,-0.778062649445311,0.38875394333099117
0.781622644791117,-0.4234213911327237,1.0696543378460566
0.10844951150139377,-1.0496614954701409,0.44568087946456825
-0.7859198913337861,-2.5562948448602696,-0.6143749026964146
-1.1848230889289901,-1.2176311776308661,-1.082101958924246
-0.7824775773687072,-2.549958078226344,-0.4146707059064156
-1.4205215302049585,-1.7476715944526728,-1.1831343827472545
-1.87743048951888,-1.8731214169394226,-1.9746638119019941
-0.7282562011822112,-1.586265958823575,-0.2055257712087688
-1.6233749850591102,-2.79536538404195,-1.7207522980420094
-3.6455767947830844,-3.4184802217438666,-3.95645309840292
-1.6968870089661894,-2.635040585122468,-1.5625547432491458
-2.593034164427805,-2.5138376754813017,-2.6671424714483
-0.45359591054537035,-1.9360080490087357,-0.19614504134046393
1.2915404221767732,-1.6690079552992731,1.49793526614182
-1.4973891293047774,-0.855403292204777,-1.7078421020595127
-1.9943447702863704,-1.806622383954736,-1.8791709929229117
-2.0771101620114094,-1.8019313301719568,-1.9949745563110723
-1.532114161537022,-0.6042682150360703,-1.109242912221589
-4.137610446277826,-3.5590428644133647,-4.268913662923188
-0.7140877961492659,-0.9938408073064063,-0.32007240340827714
-1.1136942880742429,-1.381722060045242,-1.2505937275738732
-3.4555725569363527,-3.848934642037022,-3.690010491397674
-1.497312812883276,-2.623010722132511,-1.1707471136866623
-1.145370152055569,-2.3029025277145996,-1.0943919308705736
-1.8674415434624063,-1.5539457045800793,-1.8843327958058331
-2.6081879595688044,-2.6832411268685763,-2.514616566677976
-1.5606932235584523,-2.319476402025787,-1.184567056509793
-1.4912252324121844,-1.136852803333006,-1.3410780086050922
-1.4046593045192315,-1.6481691555483697,-1.1997280882878147
-3.359645343381911,-3.4033237674406887,-3.4693743583848247
0.3842214370803893,-0.1599930641958849,0.8060502873780508
-1.9316740263026124,-2.2494211714799097,-2.047381871294109
0.09735523117047298,-1.5564036212278933,0.5600595313768876
-2.7009738761106097,-3.5107553646911698,-2.7208378134352746
-1.9262536820074196,-1.8857395153520702,-1.676427800451675
-0.950169511714352,-2.650769773200867,-0.6500530010601878
-1.7750549874590034,-1.8835832187417008,-1.7932617000693876
0.020719824526482633,-1.94333870666279,0.4085445588694305
-4.1394958726562185,-3.4751072917415025,-4.353564996819616
-1.53679280884897,-1.3546420204365803,-1.5065753812312659
-0.8661561497076875,0.6779179951909541,-0.47968882032911997
-3.846629075801199,-3.840112224685107,-4.099747667796996
-1.3695252891253513,-1.6051591289113016,-1.240324904547986
1.5663715752286544,-1.7663350203459676,1.9936430395534752
-3.6865952661175205,-3.5241727355805113,-3.952652504665515
-2.6150559588724613,-3.1318668088346846,-2.8493213837132223
-0.24069666901965778,-1.500286172439799,-0.14840934898796704
-0.46004957549273806,-0.30889341950890153,0.0010051194784188595
-0.8231094689691035,-3.082684507785701,-0.4112478250768416
0.2522689542640549,-1.3927416058451865,0.7148559213960464
-1.2199492100240237,-2.3469069891695327,-1.1943885893630575
-3.6647972792203487,-2.9471086178760157,-3.9045371557982587
-1.2709636271374793,-2.0857647221823177,-1.1079744838883663
-0.9600059122568706,-0.3248676313668002,-0.8926339637945603
-0.32768547847699014,-1.6886557729715674,-0.3440330916424502
-0.27947027721218604,-2.3790786322603172,0.17217681894854434
-0.4900182124703461,-0.5452332555319297,0.029085787915983676
-1.4751367242640514,-2.040662870724953,-0.6185901478819923
-1.5651741197216986,-1.2894909752019936,-1.4796229280355822
0.7986646745522471,-1.4384525987125452,1.3123241619342025
-3.35080514013914,-2.2119810585453767,-3.45921580402611
-2.797919411179687,-2.0703496956834364,-3.0683819882912804
0.668433485410507,-1.821353566662378,1.071268789224021
-1.603458176367878,-1.0506961778048745,-1.7496461484766939
-0.017851854423680213,-1.2915685116417084,0.4195131050547077
0.5511638883205441,-0.8553357615503118,0.779632645958657
-0.4449476457562432,-1.643715910061041,0.11444039157103764
-2.7922917740858373,-2.3365610538423462,-3.0832560348835214
1.6539571402855255,0.4862907443335132,2.498118284075283
0.20105575825438143,-1.5663857711353721,0.6901462227865429
-1.1631352273758564,-1.5906694294249928,-1.0497275865126607
-1.9392027751919259,-2.0446826132974696,-1.7152411418305074
-0.19470479766573007,-0.7023469714151639,0.2426043446870421
-0.17067611481879572,-0.4578053912934337,0.2792007821527023
-1.4883914054403697,-2.2704155460559012,-1.186658745712822
-4.236531746238589,-3.503628676450847,-4.281029326726985
-2.740650130901878,-2.469161091428544,-2.813847854172609
-3.610398928048403,-3.3417050686262324,-3.820885487580566
-0.4570027012487588,-2.3071954486128807,-0.14821845145105947
-1.0730613904027713,-3.451808133338699,-1.033372786591925
-1.7730918745964388,-2.3490759267649737,-1.1827608493749082
2.4100672582048457,0.23160817904899603,3.0595342454321726
-3.2326606704183045,-3.2596317931824483,-3.257837364332215
-0.3932778019808154,-1.8434477198414865,-0.30777878594741054
-2.50386118015717,-2.439067159324556,-2.281528487353589
-1.8696903177337065,-2.707898558115783,-2.1422858145497967
-3.13905833411018,-2.8031916939426,-3.061179493258294
-2.6864820152196507,-2.035455740275537,-2.8210475160621225
-2.60047170628365,-2.5839647343961585,-2.6903616158555383
-3.95353530236603,-3.5719866788863133,-4.173534679322887
-1.2505346930870649,-0.7272304262867629,-0.6098063387050074
0.041106746521550164,-1.3129198421797288,0.33733098069130973
-4.180084761156541,-3.7069759084133125,-4.666267020792913
-2.0413999500380275,-2.169491975812558,-2.0240168660118214
-4.072252120874743,-4.063157589380632,-4.600552081949849
-0.003909230311852867,-1.0325275572936312,0.5294331944061482
-1.6885490205505918,-2.0169131590955267,-1.772818057572875
-0.9435880600937299,-1.2457440006271931,-0.5921071546742048
-4.155924401648001,-3.045949702599148,-4.2779401118705245
-1.721938963899509,-1.6718661213967019,-1.577730856131803
-1.4316278671482672,-1.4904218248276206,-1.1092085379292518
-1.837887958310827,-1.868267269387422,-1.9133174770963215
-2.330872235071912,-3.374295758114882,-2.0610812139278614
-0.729995810636809,-0.8328246895282768,-0.6150713497252761
-1.029688648979772,-1.8677647268278355,-0.9233094139786959
-2.380206364517072,-2.1720031998611278,-2.523926549705205
-1.1319197579184694,-0.6213967505549205,-0.895042492979338
-3.794239220072852,-4.94456404001451,-4.895404898653817
-1.3699054722406296,-1.990903574584235,-1.2359439737686049
-2.142222463370112,-2.7274108287163474,-2.180138961620421
-1.4392314062043532,-1.3391467257259266,-1.8013204479802756
-2.6179732048291244,-1.9786823259265958,-2.5529773486105705
-1.8061978188517298,-2.7244944655069427,-1.5667370168696289
-0.708684325225554,-2.9256922029342025,-0.43299846711374995
-0.2977462887452621,-0.9008182216004582,0.2381851977723272
-0.014733237022523462,-1.0323074330247122,0.7870522014337165
-3.4905872280712793,-3.028752216085964,-3.621387217653217
-5.65024288371061,-3.990317043484452,-5.9455785760231326
-2.844565073568449,-3.433439408372876,-2.8150480480572573
-1.3229345019732828,-1.3996524970477289,-1.1710909248323775
-3.126861372432012,-3.0014658434095223,-3.068718283275184
-7.096363809372006,-5.697768633704686,-7.809043662877396
-2.8386664163548074,-3.7760944815914477,-2.8899440101322953
-2.5938325769378627,-1.7676463471419483,-2.8988550802510047
-0.020787099449998292,-0.5684730776270626,0.03189154900740038
-1.6787213822747442,-2.098799975555344,-1.7838155261555617
-1.993402994958019,-2.0126822908337103,-1.9040675384400134
-1.9985150720372373,-3.2372251003796153,-1.8966635517793615
-1.335913307919397,-2.2299080532503477,-0.8344370295241119
-3.175487916033613,-2.7870910924234535,-3.3555590290141364
2.5124463322487887,-0.37713170223036907,3.508413418380508
-3.8023094852365347,-3.5001315588997137,-4.047899675075633
-2.5117812266215025,-2.5184668261471232,-2.480330675156425
-4.707545318808654,-4.012334370362198,-5.002929568291018
-3.3339696566933346,-3.4380534163126586,-3.4608420191391756
-2.4779015283009027,-2.4520243572925637,-2.2330834626547666
-0.7658651939829556,-1.6717576705462605,-0.49697801463538016
0.1792885372031136,-0.27365862508055394,0.48429425817571836
-2.319507815108645,-2.039727712283049,-2.4150029316294797
-2.2657845373489223,-1.9940118034116474,-2.4212366921205506
-2.9617823933472867,-2.0091595836725196,-2.8463743020106342
0.6551687014326678,-1.2762231862467976,0.8506572370697825
0.13431327060626522,-0.41581781729797385,0.4576159083273909
0.22861729819164356,-0.5561886018978268,0.42776354725220134
-3.4240953273878936,-3.480541434174469,-3.4238201707429665
-1.0223491431218727,-1.4681014254612454,-0.7680293587275969
-2.3523736986698704,-2.548738944413513,-2.1387529413268824
-1.555738731874252,-1.0380432980296317,-1.4566566162441712
-2.455301075035276,-3.6594490460976288,-2.341761407879118
-5.183074692170493,-3.9176098957221264,-5.821301174830865
-2.2707780039418712,-3.7540513865803913,-2.3407630339203944
-3.207258907823073,-3.2363080591635005,-2.6881502732011087
-0.5667673697655784,-3.0112906191183386,-0.38478088895806617
-3.343856415142817,-3.470114386570977,-3.509760783828232
-0.7946987914193661,-2.203753532002166,-0.49600579153145596
-0.5849223831476289,-2.567746693305426,-0.40623520889283016
-0.4725153011343266,-0.6507736452085006,-0.0619050721856555
-3.4628808239420326,-2.8331922363810653,-3.3823719192636728
-0.5118633805086311,-1.3936956894227923,-0.05485563510872405
0.3704325321446107,-2.1424055398738124,-0.016316371965779505
1.044559964600503,-0.7886974208692225,1.4949205835097166
-1.8226568215869143,-2.584703498572626,-1.626619341311198
-3.834433189856601,-3.3570500450498986,-3.9864026600294267
-1.76962345055975,-1.6365640426207149,-2.099168763705314
-3.279241519051667,-3.3747918987269774,-3.4132706493920395
-1.2439920955190784,-1.3093068150203875,-1.1630943176957196
-2.5933146336634727,-2.858385266163409,-2.4191844979326818
-3.364789322628938,-3.3102569455412123,-3.4520480582400093
-3.7513138541048727,-3.7343713828617693,-4.082867329668857
-3.3184551013936776,-2.7408037256439366,-3.163530339210267
-2.8628736990757244,-1.290580140356704,-3.0389915423413716
-4.5529165300338885,-3.433186083257674,-4.937028323717953
1.3780445166089748,-1.553236014705757,1.892705056236938
-1.969437154059945,-1.5205077755201735,-2.065144673775555
-2.394394802370736,-2.3318794332239974,-2.795635606003295
-1.0007070785926966,-0.6900829123501715,-0.6935965726550051
0.1942757577035582,-2.4074449552450305,0.7532758015721664
-1.8658491284092291,-2.104470538604091,-1.9176533602865142
-0.7971301305387881,-0.8120654977839975,-0.7180542523809186
-2.764774904062754,-1.876739245783334,-3.045182053397242
-1.5726580476802134,-1.4616639533641225,-1.750116511768366
-0.08753404922592421,-0.571473088296747,0.2743428783302797
-0.15890527939025148,-1.9825897537020014,0.49745918325761795
-0.013842136198471026,-0.05480364107801512,0.32944296034785364
-2.9886598012592716,-3.006480766171109,-3.03402044969346
-0.9592692838278069,-0.9876436084786061,-0.8901498833764715
-1.4447305941702036,-1.3995225284190798,-1.3804459556998303
-1.4315850681804216,-2.063797176836402,-1.3921984506495135
-0.9114510370699149,-2.3518600365532256,-0.7028020408288315
-0.8840492637937738,-1.429878349880297,-0.5815127167102568
1.224077584049601,-1.127802170208172,1.5183627289216726
-1.855338739307305,-1.8855944522647399,-1.8900114851016976
-3.1106138187048873,-2.7487480341032224,-2.9517469534831666
-1.657933824738626,-0.13022839678942225,-1.4978814297939553
-0.06599242858393221,-1.7261484001186336,0.053444809260134264
-3.364602973023965,-3.3218981822103757,-3.441508564528249
-1.90381654386803,-1.8731932160015128,-1.9952923976785442
-2.371340959499476,-3.4251504536341835,-2.098543663716461
-0.6433949246581031,-0.6917175018939505,-0.3902037154875603
0.021492729727677226,-0.4362653455239012,0.36729067730603765
-2.00066425646594,-1.4321438430837221,-1.579619978971945
-3.028779616784354,-4.621287250359229,-3.096234536122974
-2.461736363255297,-1.132272588511755,-2.3787280385039926
-1.8365439868144329,-2.582039075241137,-1.9518178122423955
1.5330034256340879,0.15373432052219344,1.9795957913880804
-2.9685026561351187,-2.246766797288702,-2.9003232603109694
-5.608924690569497,-2.892468806901986,-6.023643126586496
-0.7452038308832019,-1.4036311635282506,-0.5396212746284692
-2.44439273314682,-2.0174691207575495,-2.5691640144920753
-0.26623888696222053,-2.404221558562215,-0.10007622527567778
-1.4241694996054606,-1.826848984203784,-0.8900696253655209
-4.914047821459424,-3.9201647361084997,-5.282437864040153
-1.4889080871298588,-1.0076041620405725,-1.5397453284525016
0.8498409268439453,-0.2772469800466404,1.4069515861107644
0.2608672846867563,0.09835464215160762,0.7154064694398191
-0.691476236595732,-1.3957252025822329,-0.8870354489815225
-1.7639912577276868,-1.8856838291817053,-1.7627527621639902
-0.7713005441245783,-3.133467553442451,-0.22973445904704454
-3.418430985418084,-3.4864340026811425,-3.212575288755615
-3.493795613297881,-2.9597405248922017,-3.5898902493757383
-3.362810119591721,-3.6095405092690727,-3.55375954440789
-2.007275682355648,-3.0550410114561126,-1.6580028844784125
-1.928718437738348,-2.2189293796565797,-2.1146581504404938
2.451666113195855,1.2315293231046527,2.9457909238672952
-1.528215712697184,-3.0155715069037363,-1.406042707502074
-1.147741217782578,-3.34796488743504,-2.1509084032442125
-4.066523418065462,-2.2853566346771195,-4.040699542685944
-2.211777309571946,-2.15375541448627,-2.179875743735621
-1.0820993990128698,-1.3256415650156024,-0.8948900471026555
-1.514192718188034,-2.5341574716294852,-1.4313922850518792
-1.9280077014390653,-1.1507883006235577,-2.1580023808040574
0.06183150535779144,-2.676098936758002,0.10804438558416468
-1.8422668388946524,-1.4958812701063102,-1.5189128660776168
-2.6081860776627726,-3.2659734477868985,-2.947053085556233
-0.6453373399177782,-0.7099449535440217,-0.4143400751924352
-4.667369177700221,-3.4852646426090885,-4.943588340629609
-4.8777744034627535,-5.144657528468719,-5.319599379537092
-2.178148648576835,-2.0661488905063408,-2.308356919535531
-2.4004597267808294,-2.0742442993045005,-2.694883464312881
-1.1872916210937678,-0.8769368484164338,-1.226459881837312
-0.032650780505116696,-0.8760776792690921,0.6700646053256933
-3.95755939201375,-2.8467740420272825,-3.993492175453458
-2.1428146738579983,-1.8665648145358849,-2.364890256980267
-3.705160061115266,-4.050614504404611,-3.731494364716921
-1.455484644293994,-2.4716494349281057,-1.1352352872683689
0.8855589327097957,-0.7750411867330506,1.279440363435576
-1.1592116142167042,-2.7152157884024803,-1.002489840249159
-2.5949060789570213,-2.618714624136304,-2.5401943128547364
-2.2398534594119637,-1.7540812058268722,-1.924752205040606
-1.502744432239503,-4.060246506127217,-1.982016902164847
0.21036505674163744,-2.206405382167499,1.09416234329671
-1.9064875485022643,-2.0565922051741583,-1.9680522746671414
0.896051633556055,-1.3186896476367385,1.3492892408652397
-1.3707123194996236,-2.834013109338559,-0.9611865561727918
-3.028532109899123,-1.4914253937316984,-2.8949608920104417
-0.6474582825646339,-0.7477795646309621,-0.2942107502855733
-1.08444077842556,-1.2804871832237985,-0.929612611912319
0.5559901714428739,-1.7661236429057166,0.6182306228176326
1.2722394239083503,0.3398949139076401,1.3883289641043381
-1.2551988981317392,-2.066800495577674,-0.7563546059693662
-3.582387873947555,-3.3116155902776376,-3.747822341505008
-4.391474494001164,-3.475986367542294,-4.909541112129152
-0.5729814804734253,-0.8737150776471576,-0.40662862551592743
-1.6496479980587666,-1.6002345136172254,-1.4438086871051414
-1.520559680642242,-2.0165458557402998,-1.4777187036582786
