ho_likelihood,hol_likelihood,std_likelihood
-1.3862943611198906,-1.3862943611198906,-1.3862943611198906
0.0,0.0,0.0
-1.5426600805788024,-1.4756237474521803,-1.7860286365787128
0.0,0.0,0.0
0.0,0.0,0.0
1.1792596263038588,1.1107124627143965,1.4091823274242834
-1.6094379124341005,-1.6094379124341003,-1.6094379124341005
-0.6931471805599453,-0.6931471805599453,-0.6931471805599453
-2.293776231458424,-1.975169066287268,-2.003931682357202
0.0,0.0,0.0
-1.3862943611198906,-1.3862943611198906,-1.3862943611198906
-1.0986122886681096,-1.0986122886681096,-1.0986122886681098
-1.0986122886681096,-1.0986122886681096,-1.0986122886681098
0.0,0.0,0.0
-1.442880670972782,-1.5693815889025162,-1.5611298452532247
0.0,0.0,0.0
-0.5702905926929227,-0.8083854454066557,-0.836622312682876
-1.8053395024038605,-1.5005461105083862,-1.4852148497960769
-1.6635057460270724,-1.6528947271078829,-1.6948952535814656
0.10136891491289886,0.0025978181054987395,0.26426907671211464
-1.6635057460270724,-1.6528947271078829,-1.6948952535814656
-0.5630926340929714,-0.5878531644097665,-0.4918094711212634
-0.6931471805599453,-0.6931471805599453,-0.6931471805599453
-1.0986122886681096,-1.0986122886681096,-1.0986122886681098
-0.6931471805599453,-0.6931471805599453,-0.6931471805599453
-1.6260956684895607,-1.2828793382916532,-1.322049588933576
-1.6094379124341005,-1.6094379124341003,-1.6094379124341005
-1.4555818704996473,-1.5625648519603557,-1.5541180695431673
0.0,0.0,0.0
0.0,0.0,0.0
-1.3862943611198906,-1.3862943611198906,-1.3862943611198906
-1.6094379124341005,-1.6094379124341003,-1.6094379124341005
-0.6931471805599453,-0.6931471805599453,-0.6931471805599453
-1.7557596834510594,-1.693140730582946,-1.6824769433875015
-1.6094379124341005,-1.6094379124341003,-1.6094379124341005
-1.6155981133149933,-1.543396525843854,-1.5372355512501512
-1.7397353378368778,-1.7394817947192924,-1.7393056265881093
-0.6931471805599453,-0.6931471805599453,-0.6931471805599453
-1.571504422549623,-1.5369031826787887,-1.5251308034978037
-0.7964121959418471,-0.5375269365009048,-0.4310507314317047
-1.5517524378195318,-1.0781325242924928,-1.1212980901240839
-1.5038993096327538,-1.569381588902516,-1.5611298452532247
-1.0986122886681096,-1.0986122886681096,-1.0986122886681098
-0.7687892593006933,-0.593835483420791,-0.5786848611485678
-1.0986122886681096,-1.0986122886681096,-1.0986122886681098
-0.6931471805599453,-0.6931471805599453,-0.6931471805599453
-0.6931471805599453,-0.6931471805599453,-0.6931471805599453
0.0,0.0,0.0
-1.6678502903105283,-1.5693815886286742,-1.5611298459403669
-1.4874849944951853,-1.5399910019399836,-1.5348087586129509
-2.2296088389217457,-0.919995706038724,-0.9705465478503222
-1.6094379124341005,-1.6094379124341003,-1.6094379124341005
-1.0986122886681096,-1.0986122886681096,-1.0986122886681098
-1.6094379124341005,-1.6094379124341003,-1.6094379124341005
-1.6094379124341005,-1.6094379124341003,-1.6094379124341005
0.0,0.0,0.0
-1.3862943611198906,-1.3862943611198906,-1.3862943611198906
0.0,0.0,0.0
-1.0986122886681096,-1.0986122886681096,-1.0986122886681098
-1.453434419360579,-1.4403265820219215,-1.492021788842983
-1.6094379124341005,-1.6094379124341003,-1.6094379124341005
0.8586052560024922,0.38498534666371315,0.4281509108303938
0.0,0.0,0.0
-0.02861259205314481,-0.36963669153310635,-0.302691232991094
-1.5371685698619282,-1.5708885146946412,-1.5652124422599474
0.0,0.0,0.0
-1.3862943611198906,-1.3862943611198906,-1.3862943611198906
-1.0986122886681096,-1.0986122886681096,-1.0986122886681098
-0.6931471805599453,-0.6931471805599453,-0.6931471805599453
-1.6094379124341005,-1.6094379124341003,-1.6094379124341005
0.0,0.0,0.0
-0.6931471805599453,-0.6931471805599453,-0.6931471805599453
1.251731819765106,1.1638205662604801,1.5124396553519444
0.0,0.0,0.0
-0.6931471805599453,-0.6931471805599453,-0.6931471805599453
-1.5672832327432022,-1.604852657309115,-1.6552187722087974
-1.3862943611198906,-1.3862943611198906,-1.3862943611198906
-1.6094379124341005,-1.6094379124341003,-1.6094379124341005
-1.6094379124341005,-1.6094379124341003,-1.6094379124341005
-0.6931471805599453,-0.6931471805599453,-0.6931471805599453
-0.6931471805599453,-0.6931471805599453,-0.6931471805599453
-1.3862943611198906,-1.3862943611198906,-1.3862943611198906
0.0,0.0,0.0
-0.6931471805599453,-0.6931471805599453,-0.6931471805599453
0.0,0.0,0.0
1.1717556826625266,1.1905184609055404,1.5586448597191318
-1.8481730829026402,-1.5409447627454005,-1.5306025620219563
-1.3862943611198906,-1.3862943611198906,-1.3862943611198906
0.0,0.0,0.0
-1.6094379124341005,-1.6094379124341003,-1.6094379124341005
-0.528175687724785,-0.5273238394073745,-0.5267316763770435
0.0,0.0,0.0
-1.3862943611198906,-1.3862943611198906,-1.3862943611198906
-0.404930731485497,-0.5898271532565037,-0.5676979077447738
-1.4443716935429356,-1.5755443884679756,-1.5690324683075867
0.0,0.0,0.0
-1.3862943611198906,-1.3862943611198906,-1.3862943611198906
-1.957217545927696,-1.483597632400657,-1.526763198232248
-1.3629678253776774,-1.1635791923527024,-1.1479967840246097
-2.1373600779378137,-2.1382129226363022,-2.138807758667892
-0.8586052560961708,-0.38498534666543444,-0.42815091090681434
0.0,0.0,0.0
-0.6302326918320544,-0.6418853839284125,-0.5975368991874904
-1.1031293916312568,-1.184724855702008,-1.175785978267651
-1.6635057459567484,-1.6528947263673806,-1.6948952509651065
0.0,0.0,0.0
0.0,0.0,0.0
-0.9515919526469462,-0.9513977826494733,-0.9512624300399155
-1.2954685154450958,-1.2694314524052377,-1.2469941528095616
-1.0986122886681096,-1.0986122886681096,-1.0986122886681098
-0.8910422670089958,-1.8279962061010655,-1.878362322283111
-1.8041687988523545,-1.6655887048017288,-1.9098945528342752
-0.7158926744441974,-0.41887453234426913,-0.3936825373601975
-1.4405195686666419,-1.5201458548662745,-1.5513468586881831
-1.5238428261889854,-1.5237332599777509,-1.5236569051117586
0.0,0.0,0.0
-1.8393365705630436,-1.5220158034782245,-1.5146638517190885
-1.3021013400785317,-1.2160287588935565,-1.6025569475789991
-1.0986122886681096,-1.0986122886681096,-1.0986122886681098
0.0,0.0,0.0
-2.944373471529967,-1.698571370727932,-1.7398303397375292
-0.6931471805599453,-0.6931471805599453,-0.6931471805599453
0.0,0.0,0.0
0.6647149207726545,0.18227499697556326,0.22064684769676016
-0.6931471805599453,-0.6931471805599453,-0.6931471805599453
-0.6931471805599453,-0.6931471805599453,-0.6931471805599453
0.0,0.0,0.0
-0.6931471805599453,-0.6931471805599453,-0.6931471805599453
0.0,0.0,0.0
-1.5038993169538446,-1.56938158923842,-1.5611298465431842
-1.4587918514167617,-1.3359681326863775,-1.325535625003375
0.0,0.0,0.0
-1.0986122886681096,-1.0986122886681096,-1.0986122886681098
-1.5757662511549655,-1.5693815890506595,-1.5611298461392522
-1.0986122886681096,-1.0986122886681096,-1.0986122886681098
-2.0156274798318363,-2.016350016078725,-2.219035233032199
-1.0986122886681096,-1.0986122886681096,-1.0986122886681098
-0.6931471805599453,-0.6931471805599453,-0.6931471805599453
-1.6094379124341005,-1.6094379124341003,-1.6094379124341005
-1.4248304455537304,-1.3378708578907113,-1.3307000109914229
-1.0986122886681096,-1.0986122886681096,-1.0986122886681098
-1.0986122886681096,-1.0986122886681096,-1.0986122886681098
0.0,0.0,0.0
0.0,0.0,0.0
-1.0986122886681096,-1.0986122886681096,-1.0986122886681098
-1.6094379124341005,-1.6094379124341003,-1.6094379124341005
-1.4534344194122335,-1.4403265844554218,-1.4920217911260176
-1.0986122886681096,-1.0986122886681096,-1.0986122886681098
0.0,0.0,0.0
-1.0986122886681096,-1.0986122886681096,-1.0986122886681098
0.0,0.0,0.0
-1.6094379124341005,-1.6094379124341003,-1.6094379124341005
-0.3532961300593246,-0.5190679273541055,-0.501812963757994
-0.6931471805599453,-0.6931471805599453,-0.6931471805599453
1.5020515260847707,1.070529332053066,1.220055127921202
0.08934907833265579,-0.8754221775355087,-0.9137940282567054
-1.0986122886681096,-1.0986122886681096,-1.0986122886681098
-0.6931471805599453,-0.6931471805599453,-0.6931471805599453
-1.736425562023144,-1.681528416521681,-1.9410000202913662
-1.6094379124341005,-1.6094379124341003,-1.6094379124341005
-0.915970155806045,-1.030931635849033,-1.0167516324430286
0.0,0.0,0.0
0.0,0.0,0.0
0.0,0.0,0.0
-1.7578998500587426,-1.2603606666027038,-1.3011771431534138
-1.3862943611198906,-1.3862943611198906,-1.3862943611198906
-0.4698018652301509,-0.5740515916822064,-0.5511137436055004
-0.6931471805599453,-0.6931471805599453,-0.6931471805599453
-1.5757662511549655,-1.5693815890506595,-1.5611298461392522
-0.6931471805599453,-0.6931471805599453,-0.6931471805599453
-1.189065747699399,-0.9583356287327269,-0.9275874947435286
-1.3862943611198906,-1.3862943611198906,-1.3862943611198906
-1.7535490461263699,-1.4942305169204448,-1.4786222680261703
-1.0986122886681096,-1.0986122886681096,-1.0986122886681098
-1.3862943611198906,-1.3862943611198906,-1.3862943611198906
-0.6931471805599453,-0.6931471805599453,-0.6931471805599453
-2.337375818227521,-2.2770135219607903,-2.559660516926163
-1.6094379124341005,-1.6094379124341003,-1.6094379124341005
-1.3862943611198906,-1.3862943611198906,-1.3862943611198906
-1.5072767527758162,-1.5755443884679756,-1.5690324683075867
-1.3440110355275052,-1.227014261761359,-1.1916784527425728
-1.3862943611198906,-1.3862943611198906,-1.3862943611198906
-0.6931471805599453,-0.6931471805599453,-0.6931471805599453
-1.0986122886681096,-1.0986122886681096,-1.0986122886681098
-1.0986122886681096,-1.0986122886681096,-1.0986122886681098
0.0,0.0,0.0
-1.3862943611198906,-1.3862943611198906,-1.3862943611198906
-1.776269059763354,-1.6489222673329522,-1.6393602795849138
-2.038230796476465,-1.9979281655599401,-2.1934076737172763
0.09695567463405938,0.629887028484899,1.0385213414005814
-1.6094379124341005,-1.6094379124341003,-1.6094379124341005
0.0,0.0,0.0
-0.6931471805599453,-0.6931471805599453,-0.6931471805599453
-1.1733708406346741,-1.3359681323405417,-1.3255356258730637
-0.6931471805599453,-0.6931471805599453,-0.6931471805599453
0.3245124662271087,0.22574136941970846,0.4874126280263244
-1.6094379124341005,-1.6094379124341003,-1.6094379124341005
1.302101274926158,1.2160287522067288,1.602556961595347
0.0,0.0,0.0
-0.5630926335158286,-0.587853164747327,-0.4918094664268103
-1.0986122886681096,-1.0986122886681096,-1.0986122886681098
-0.6931471805599453,-0.6931471805599453,-0.6931471805599453
-1.6094379124341005,-1.6094379124341003,-1.6094379124341005
-1.8629607355059667,-1.4626787015839229,-1.4393406767606982
-1.4048510824516003,-1.1905184593105413,-1.5586448596417888
-1.7774620878611311,-1.3707004224174704,-1.4241825294267452
-1.0986122886681096,-1.0986122886681096,-1.0986122886681098
-1.6094379124341005,-1.6094379124341003,-1.6094379124341005
0.5609959931037515,0.4018291235416985,0.688390513089827
-0.6931471805599453,-0.6931471805599453,-0.6931471805599453
0.0,0.0,0.0
-2.137360077936533,-2.138212957372981,-2.138807758863482
-1.575766260810436,-1.5693815886286744,-1.5611298459403669
-0.8032885473315776,-1.0309316375651953,-1.016751631023346
-0.38741758510782176,-0.5261829280289683,-0.41833028617441936
-1.6094379124341005,-1.6094379124341003,-1.6094379124341005
0.0,0.0,0.0
-0.4700377345924877,-1.5182431296619407,-1.5461824727001352
-2.0451080206728016,-2.0265358856248126,-2.1349076294163765
-0.6931471805599453,-0.6931471805599453,-0.6931471805599453
-0.14077933169150977,-0.3533528291554608,0.041427100616043745
-1.6094379124341005,-1.6094379124341003,-1.6094379124341005
-0.6931471805599453,-0.6931471805599453,-0.6931471805599453
-1.0986122886681096,-1.0986122886681096,-1.0986122886681098
-1.175322618387934,-1.3437448685851545,-1.3355272068179307
0.0,0.0,0.0
0.0,0.0,0.0
-1.0986122886681096,-1.0986122886681096,-1.0986122886681098
-0.6931471805599453,-0.6931471805599453,-0.6931471805599453
0.0,0.0,0.0
-0.6067417897373054,-0.5898271521326434,-0.5676979072076864
-0.6931471805599453,-0.6931471805599453,-0.6931471805599453
-1.6094379124341005,-1.6094379124341003,-1.6094379124341005
0.0,0.0,0.0
-0.9056869803635438,-1.0260260340645178,-1.0119188892984292
-1.0986122886681096,-1.0986122886681096,-1.0986122886681098
-1.0986122886681096,-1.0986122886681096,-1.0986122886681098
-1.3862943611198906,-1.3862943611198906,-1.3862943611198906
0.0,0.0,0.0
0.8586052560961708,0.3849853466654344,0.42815091090681423
0.0,0.0,0.0
-1.0986122886681096,-1.0986122886681096,-1.0986122886681098
-1.254611632447595,-1.521507387483352,-1.5039408344087009
-1.0986122886681096,-1.0986122886681096,-1.0986122886681098
-1.3862943611198906,-1.3862943611198906,-1.3862943611198906
-0.6067417897373054,-0.5898271521326434,-0.5676979072076864
-1.8149234600650137,-1.5958791626167483,-1.6300347202305878
-1.0986122886681096,-1.0986122886681096,-1.0986122886681098
-1.9565561175294544,-1.838768026182163,-2.0479994727368163
-0.6931471805599453,-0.6931471805599453,-0.6931471805599453
-1.3862943611198906,-1.3862943611198906,-1.3862943611198906
-1.4534344194122333,-1.4403265844554218,-1.4920217911260176
0.0,0.0,0.0
-1.6094379124341005,-1.6094379124341003,-1.6094379124341005
-1.739735337836665,-1.7394818169173951,-1.7393056265857336
0.6932611366763443,0.7667898465814482,0.8470239178819426
-1.6243107354445505,-1.456003678221657,-1.7496131158400114
-1.0986122886681096,-1.0986122886681096,-1.0986122886681098
0.0,0.0,0.0
-1.0480472978492494,-0.7376262204265587,-0.770737375441497
-1.6094379124341005,-1.6094379124341003,-1.6094379124341005
0.0,0.0,0.0
-0.6637866348212241,-0.7449553309470371,-0.6427506623063347
-1.6635057457196527,-1.6528947279296138,-1.6948952501991756
-1.4982003105292558,-1.5665213472905115,-1.558328722676258
-0.6931471805599453,-0.6931471805599453,-0.6931471805599453
-1.3862943611198906,-1.3862943611198906,-1.3862943611198906
-1.3862943611198906,-1.3862943611198906,-1.3862943611198906
-1.822438127596627,-1.5755443884679756,-1.5690324683075867
-1.667850277738774,-1.5693815890506595,-1.5611298461392522
-1.0986122886681096,-1.0986122886681096,-1.0986122886681098
-1.6094379124341005,-1.6094379124341003,-1.6094379124341005
-1.6094379124341005,-1.6094379124341003,-1.6094379124341005
-0.6931471805599453,-0.6931471805599453,-0.6931471805599453
-3.3046688529096837,-1.8051588821579043,-1.8476464937480286
-1.442880672366908,-1.5693815886286742,-1.5611298459403669
-1.0986122886681096,-1.0986122886681096,-1.0986122886681098
-1.3862943611198906,-1.3862943611198906,-1.3862943611198906
-1.3862943611198906,-1.3862943611198906,-1.3862943611198906
-0.6931471805599453,-0.6931471805599453,-0.6931471805599453
0.8274591825192562,0.7499532528524113,0.8277719334459034
0.0,0.0,0.0
-0.35770609266899445,-0.44561734617362014,-0.0969982570821562
-1.461833101709442,-1.5470767902699092,-1.5867216253106173
-1.6155981129923933,-1.5433965254174637,-1.53723555106204
-0.6931471805599453,-0.6931471805599453,-0.6931471805599453
-1.3862943611198906,-1.3862943611198906,-1.3862943611198906
-1.3440246119882977,-1.3359681323405417,-1.3255356258730637
0.0,0.0,0.0
-1.1733708358723716,-1.3359681328734685,-1.325535626124785
0.0,0.0,0.0
-1.8370165756007686,-1.8281033639618633,-1.8634714926690392
-1.6094379124341005,-1.6094379124341003,-1.6094379124341005
0.0,0.0,0.0
-1.1088583082413441,-0.9859886485338355,-0.9752058674463708
0.0,0.0,0.0
-1.3862943611198906,-1.3862943611198906,-1.3862943611198906
0.0,0.0,0.0
-1.4945025975258341,-1.5679993746874241,-1.5597752489786183
-1.5790095197906628,-1.99442325563588,-2.03758882652001
-1.4587918554733974,-1.3359681316084913,-1.325535627167314
0.0,0.0,0.0
-0.9874389415731194,-1.3586239642251845,-1.412074020596938
-1.494281870736766,-1.5647734524578938,-1.5690324683075867
-1.3486214546961597,-1.235829583651382,-1.2144185598374002
0.0,0.0,0.0
-0.9515919526469694,-0.9513977855224749,-0.9512624300419348
-0.6931471805599453,-0.6931471805599453,-0.6931471805599453
0.0,0.0,0.0
0.0,0.0,0.0
-1.6178108104184683,-1.5634873476953441,-1.5550206894939715
-1.149670646551311,-1.0335121411239252,-1.0237777758630369
-1.5873129036557763,-1.480013055173195,-1.4709059278750898
-1.5569157039548234,-1.3285184897745774,-1.3177972130052809
-0.8061132094140334,-1.041467569117428,-1.0303333973730366
0.0,0.0,0.0
-0.6579614283963756,-0.41710206826124946,-0.40396826364051114
-1.0986122886681096,-1.0986122886681096,-1.0986122886681098
-1.613817757395103,-1.3856742504830388,-1.4306126262133623
-1.0986122886681096,-1.0986122886681096,-1.0986122886681098
-0.2629490505522086,0.21855829618922443,0.2689244110889069
0.0,0.0,0.0
-1.3862943611198906,-1.3862943611198906,-1.3862943611198906
-1.3862943611198906,-1.3862943611198906,-1.3862943611198906
-1.0986122886681096,-1.0986122886681096,-1.0986122886681098
-0.6931471805599453,-0.6931471805599453,-0.6931471805599453
-1.0986122886681096,-1.0986122886681096,-1.0986122886681098
-0.13215118745619378,-0.2913180570182468,-0.0047566674701182915
-1.8289997617159652,-1.8387680270162845,-2.0479994727842294
-1.7318001553119342,-1.5215073877706229,-1.5039408336811164
-0.6931471805599453,-0.6931471805599453,-0.6931471805599453
0.7259343352877037,0.2513185460941304,0.24374035911069733
-0.13456254135478457,-0.22247379485941055,0.1261452942320537
-1.7407352097265114,-1.7753819295788131,-1.8079261678629093
-1.6094379124341005,-1.6094379124341003,-1.6094379124341005
-1.3862943611198906,-1.3862943611198906,-1.3862943611198906
-1.4869883623126923,-1.543396525417712,-1.5372355510727465
-1.2781046428428917,-1.2779645532061643,-1.2778669245453829
-1.3862943611198906,-1.3862943611198906,-1.3862943611198906
-1.0986122886681096,-1.0986122886681096,-1.0986122886681098
-1.3862943611198906,-1.3862943611198906,-1.3862943611198906
-1.3862943611198906,-1.3862943611198906,-1.3862943611198906
-0.6931471805599453,-0.6931471805599453,-0.6931471805599453
-1.0986122886681096,-1.0986122886681096,-1.0986122886681098
-0.6931471805599453,-0.6931471805599453,-0.6931471805599453
-0.21421821625430354,-0.0843998815967224,0.2839945325063736
0.0,0.0,0.0
0.6089540536673942,0.5228815518538207,0.9094097757478724
0.0,0.0,0.0
-0.9159701653573126,-1.0309316378868947,-1.0167516317195378
-1.620037652767884,-1.3858974379658189,-1.3634413374346852
-0.4049307494416015,-0.5898271521326434,-0.5676979072076864
-0.6931471805599453,-0.6931471805599453,-0.6931471805599453
0.0,0.0,0.0
-0.9159701653573126,-1.0309316378868947,-1.0167516317195378
-1.4443716935429356,-1.5755443884679756,-1.5690324683075867
-0.6931471805599453,-0.6931471805599453,-0.6931471805599453
-0.6931471805599453,-0.6931471805599453,-0.6931471805599453
-1.0986122886681096,-1.0986122886681096,-1.0986122886681098
-0.6931471805599453,-0.6931471805599453,-0.6931471805599453
-1.6094379124341005,-1.6094379124341003,-1.6094379124341005
-1.4869883623374358,-1.5433965256311641,-1.5372355504213617
0.0,0.0,0.0
-1.791797456043095,-1.8169144446929115,-1.8457257730429109
0.0,0.0,0.0
-0.19486011828963146,-0.586141704155198,-0.5640356148854796
-1.674709566772407,-1.3342222119827374,-1.3238208571454175
-0.8910421688577634,-1.8279962049787981,-1.8783623197649078
-1.0986122886681096,-1.0986122886681096,-1.0986122886681098
-0.6931471805599453,-0.6931471805599453,-0.6931471805599453
0.0,0.0,0.0
-1.4781129344888648,-0.9395701631616916,-0.9137940282567054
-1.0986122886681096,-1.0986122886681096,-1.0986122886681098
-0.46877102266427123,-1.388583693533764,-1.5061604521117782
0.06166564536955317,-0.11819347967608812,0.27873609917257713
-1.6033481992808138,-1.277315665297509,-1.2552246198350003
-1.3989983041368195,-1.030931635849033,-1.0167516324430286
-1.6094379124341005,-1.6094379124341003,-1.6094379124341005
-1.6094379124341005,-1.6094379124341003,-1.6094379124341005
0.0,0.0,0.0
-1.6094379124341005,-1.6094379124341003,-1.6094379124341005
-1.6094379124341005,-1.6094379124341003,-1.6094379124341005
-1.4869883621922748,-1.5433965258438547,-1.5372355512501512
0.0,0.0,0.0
-1.6094379124341005,-1.6094379124341003,-1.6094379124341005
-0.6931471805599453,-0.6931471805599453,-0.6931471805599453
-1.2796011602914212,-1.317170584857334,-1.3675366997570164
-1.6094379124341005,-1.6094379124341003,-1.6094379124341005
-1.0986122886681096,-1.0986122886681096,-1.0986122886681098
-0.8032885530952107,-1.030931635849033,-1.0167516324430286
-1.6094379124341005,-1.6094379124341003,-1.6094379124341005
-1.283711212448373,-1.2614459637330866,-1.2593476730132214
-1.0986122886681096,-1.0986122886681096,-1.0986122886681098
0.0,0.0,0.0
-1.0986122886681096,-1.0986122886681096,-1.0986122886681098
-1.0986122886681096,-1.0986122886681096,-1.0986122886681098
-0.7862361848300383,-0.8109967160615367,-0.7149530177410202
-0.6931471805599453,-0.6931471805599453,-0.6931471805599453
-0.6931471805599453,-0.6931471805599453,-0.6931471805599453
-1.6094379124341005,-1.6094379124341003,-1.6094379124341005
1.1099702050083347,1.058888180032607,1.290354389235675
-0.6931471805599453,-0.6931471805599453,-0.6931471805599453
-0.6931471805599453,-0.6931471805599453,-0.6931471805599453
-1.6635057460203462,-1.6528947282660973,-1.6948952527833616
-1.0986122886681096,-1.0986122886681096,-1.0986122886681098
0.5609959931037515,0.4018291235416985,0.688390513089827
-0.9161767757577561,-0.8426480658526522,-0.7624139945521579
-1.0986122886681096,-1.0986122886681096,-1.0986122886681098
-1.5587622743476592,-1.5679993746874241,-1.5597752489786183
-0.83323969034175,-0.5898271528619579,-0.5676979053520687
-1.3862943611198906,-1.3862943611198906,-1.3862943611198906
-1.3858936309445409,-1.5276535606206978,-1.5103691277983362
-1.0986122886681096,-1.0986122886681096,-1.0986122886681098
0.0,0.0,0.0
0.6089540493441147,0.5228815745958715,0.9094097714655428
-0.38511265121409005,-0.8754221775355087,-0.9137940282567054
0.0,0.0,0.0
-1.5364616583618003,-0.2268485254787787,-0.2773993672903769
-0.437682229771574,-0.4189194515285599,-0.050793052714968576
-1.3862943611198906,-1.3862943611198906,-1.3862943611198906
0.0,0.0,0.0
0.0,0.0,0.0
0.0,0.0,0.0
-1.0986122886681096,-1.0986122886681096,-1.0986122886681098
-1.1644919102145577,-0.22684852598907387,-0.27739936723990777
-0.8853170400913016,-0.9859886485338337,-0.9752058674463708
0.0,0.0,0.0
0.0,0.0,0.0
0.0,0.0,0.0
-1.3386483194775478,-1.2947729833467176,-1.2797511100480363
-1.3862943611198906,-1.3862943611198906,-1.3862943611198906
0.8232017275884772,0.7984411990944714,0.8944848929161388
-0.6931471805599453,-0.6931471805599453,-0.6931471805599453
1.457267243490274,0.21855829618922443,0.2689244110889069
-1.4869883623126923,-1.543396525417712,-1.5372355510727465
-1.6094379124341005,-1.6094379124341003,-1.6094379124341005
-0.025618776875479598,-0.06949269018021523,-0.0672930211531859
-1.5129412812729388,-1.3342222119827374,-1.3238208571454175
-0.6931471805599453,-0.6931471805599453,-0.6931471805599453
-1.3862943611198906,-1.3862943611198906,-1.3862943611198906
-1.3862943611198906,-1.3862943611198906,-1.3862943611198906
-0.6931471805599453,-0.6931471805599453,-0.6931471805599453
0.0,0.0,0.0
-0.9321895857128971,-0.5861417039288671,-0.5640356149072364
-1.2951110637271095,-1.337870857890711,-1.3307000109914229
-1.6094379124341005,-1.6094379124341003,-1.6094379124341005
-0.6931471805599453,-0.6931471805599453,-0.6931471805599453
-1.5955118208341252,-1.5079714494302132,-1.5035786975282321
-1.3862943611198906,-1.3862943611198906,-1.3862943611198906
-1.6094379124341005,-1.6094379124341003,-1.6094379124341005
-0.27161456895809377,-0.5861417039288671,-0.5640356149072364
-1.0986122886681096,-1.0986122886681096,-1.0986122886681098
-1.0986122886681096,-1.0986122886681096,-1.0986122886681098
0.0,0.0,0.0
-1.3862943611198906,-1.3862943611198906,-1.3862943611198906
-1.0986122886681096,-1.0986122886681096,-1.0986122886681098
-0.6931471805599453,-0.6931471805599453,-0.6931471805599453
-0.962765056144236,-1.3254608141468884,-1.3760116559584867
-0.8853170402444088,-0.9859886480940753,-0.9752058676646084
-0.6931471805599453,-0.6931471805599453,-0.6931471805599453
1.720216238600796,-2.00773942117861e-09,-8.041897513606213e-09
0.0,0.0,0.0
-1.0986122886681096,-1.0986122886681096,-1.0986122886681098
0.0,0.0,0.0
-1.2252130974257414,-0.20958480149685765,-0.2437403591106973
-0.07165483360955173,-0.6586348431324455,-0.6976444524082839
-0.6931471805599453,-0.6931471805599453,-0.6931471805599453
-1.0808749851543167,-0.2833459177609167,-0.24754291126059277
-0.1948972937784963,-0.40032865229779196,-0.4405244896798808
-1.8370165753913625,-1.8281033640824156,-1.8634714908876475
-1.6206911020832853,-1.5102282314502606,-1.5030521092221631
0.0,0.0,0.0
-1.2641120884681334,-1.2911725718591336,-1.2715008487686812
-2.0382308036308663,-1.99792815778614,-2.1934076634068553
-1.8712470750954218,-1.824895028814872,-2.019928762272395
-1.6094379124341005,-1.6094379124341003,-1.6094379124341005
-1.3862943611198906,-1.3862943611198906,-1.3862943611198906
0.20348894555922978,0.11741644374565627,0.503944667639708
-1.523842826189065,-1.5237332712581007,-1.523656905108726
-1.455703633414417,-1.4151007092283696,-1.455870506846379
-1.7102385150190724,-1.7043968304346593,-1.6970072504251137
0.6947511139408441,0.21855829618922443,0.2689244110889069
0.0,0.0,0.0
-0.1630183539381875,-0.4533895888312625,-0.42420909746513363
-1.0986122886681096,-1.0986122886681096,-1.0986122886681098
0.0,0.0,0.0
-1.3862943611198906,-1.3862943611198906,-1.3862943611198906
-0.6931471805599453,-0.6931471805599453,-0.6931471805599453
-0.8332396694425158,-0.5898271502139414,-0.5676979066807641
-2.019349678823737,-1.9477664217993957,-2.1415231109371047
-0.6931471805599453,-0.6931471805599453,-0.6931471805599453
-0.6931471805599453,-0.6931471805599453,-0.6931471805599453
-0.13215118745619378,-0.2913180570182468,-0.0047566674701182915
-1.0213638832374694,-1.1071593498067427,-1.1663570654328415
-0.9161767757577561,-0.8426480658526522,-0.7624139945521579
-1.6094379124341005,-1.6094379124341003,-1.6094379124341005
0.0,0.0,0.0
0.0,0.0,0.0
-0.6931471805599453,-0.6931471805599453,-0.6931471805599453
-1.0986122886681096,-1.0986122886681096,-1.0986122886681098
-0.7042024686385432,-0.4627518929599691,-0.44038296535425403
-1.1233452634710632,-1.6048526536645884,-1.655218768450698
-0.6931471805599453,-0.6931471805599453,-0.6931471805599453
-1.442880668965219,-1.5693815879082433,-1.5611298457452456
-0.7139494275079812,-0.5740515916822064,-0.5511137436055004
-1.3862943611198906,-1.3862943611198906,-1.3862943611198906
-1.0986122886681096,-1.0986122886681096,-1.0986122886681098
-2.081045523889378,-1.6048526616152223,-1.655218773425227
-1.1733708398531835,-1.3359681316084913,-1.325535627167314
-0.13215118745619378,-0.2913180570182468,-0.0047566674701182915
-1.3862943611198906,-1.3862943611198906,-1.3862943611198906
-2.137360077937282,-2.138212884079374,-2.138807758665977
-1.7364255328622331,-1.6815284183731813,-1.9410000134692114
-0.27115310614885335,-0.3486590358156983,-0.2708403552222062
-0.6931471805599453,-0.6931471805599453,-0.6931471805599453
-0.6931471805599453,-0.6931471805599453,-0.6931471805599453
-1.0986122886681096,-1.0986122886681096,-1.0986122886681098
-1.0986122886681096,-1.0986122886681096,-1.0986122886681098
-1.3440246066795676,-1.3359681326863775,-1.325535625003375
-1.6094379124341005,-1.6094379124341003,-1.6094379124341005
-1.0986122886681096,-1.0986122886681096,-1.0986122886681098
-1.3862943611198906,-1.3862943611198906,-1.3862943611198906
-1.0986122886681096,-1.0986122886681096,-1.0986122886681098
-1.3862943611198906,-1.3862943611198906,-1.3862943611198906
-1.6094379124341005,-1.6094379124341003,-1.6094379124341005
-1.6094379124341005,-1.6094379124341003,-1.6094379124341005
0.0,0.0,0.0
-1.3862943611198906,-1.3862943611198906,-1.3862943611198906
-0.6931471805599453,-0.6931471805599453,-0.6931471805599453
-1.6094379124341005,-1.6094379124341003,-1.6094379124341005
-0.4102536506394882,-0.5663287023807186,-0.5435534516947524
-0.6931471805599453,-0.6931471805599453,-0.6931471805599453
-1.4572672434902743,-0.21855829618922445,-0.26892441108890686
-0.7084771082554927,-0.519067927354096,-0.501812963757994
-1.367404279091647,-1.4969912218498682,-1.482658308432635
-1.0986122886681096,-1.0986122886681096,-1.0986122886681098
-1.3989982973955488,-1.030931637311374,-1.0167516294962455
-1.0986122886681096,-1.0986122886681096,-1.0986122886681098
-1.3862943611198906,-1.3862943611198906,-1.3862943611198906
-1.6778345406024986,-1.4922766489354493,-1.4709793118653975
0.0,0.0,0.0
0.0,0.0,0.0
-2.63507394702991,-1.3254608141468884,-1.3760116559584867
0.0,0.0,0.0
0.0,0.0,0.0
-1.0986122886681096,-1.0986122886681096,-1.0986122886681098
0.0,0.0,0.0
-1.6094379124341005,-1.6094379124341003,-1.6094379124341005
-1.4952829287180112,-1.4803854086040744,-1.4671314583440924
-1.3862943611198906,-1.3862943611198906,-1.3862943611198906
-1.3862943611198906,-1.3862943611198906,-1.3862943611198906
0.0,0.0,0.0
-1.6094379124341005,-1.6094379124341003,-1.6094379124341005
0.0,0.0,0.0
-1.5038993169538446,-1.56938158923842,-1.5611298465431842
-0.27541056164119027,-0.30017109195798564,-0.2041273986694824
-1.7904267498381532,-1.8279962049787981,-1.8783623197649078
-1.8002466709337113,-1.5693815886286744,-1.5611298459403669
-1.6094379124341005,-1.6094379124341003,-1.6094379124341005
-1.6094379124341005,-1.6094379124341003,-1.6094379124341005
-1.3185591112148813,-1.4955051606176841,-1.4811930509814704
0.0,0.0,0.0
-0.5468898692746031,-0.5633551208282963,-0.48850328893598793
-1.0986122886681096,-1.0986122886681096,-1.0986122886681098
-1.3520498319333707,-1.2482204485527306,-1.2284451222820552
0.0,0.0,0.0
-1.3543028124013714,-0.9057458932164931,-0.878754888086876
-1.3862943611198906,-1.3862943611198906,-1.3862943611198906
0.11117334709499008,-0.26001167555707483,-0.31346173192882826
-1.3939887005154161,-1.3030379096061153,-1.2951963872987213
-0.955387287373982,-1.0208114119607106,-1.0061988898025285
-1.2781046428429932,-1.2779645676292624,-1.2778669245415053
-1.6094379124341005,-1.6094379124341003,-1.6094379124341005
0.0,0.0,0.0
-0.5097783814176511,-0.5624052898689375,-0.19790055267753462
0.0,0.0,0.0
-1.6094379124341005,-1.6094379124341003,-1.6094379124341005
-0.463626629894088,-0.4633103079721955,-0.463089782473249
-0.6931471805599453,-0.6931471805599453,-0.6931471805599453
-0.6931471805599453,-0.6931471805599453,-0.6931471805599453
-1.1733708388093134,-1.3359681326863777,-1.325535625003375
-0.6931471805599453,-0.6931471805599453,-0.6931471805599453
-1.6635057459567484,-1.6528947263673806,-1.6948952509651065
-0.6931471805599453,-0.6931471805599453,-0.6931471805599453
0.0,0.0,0.0
-1.0986122886681096,-1.0986122886681096,-1.0986122886681098
0.0,0.0,0.0
-1.1975767492117435,-1.3342222119827374,-1.3238208571454175
-0.6931471805599453,-0.6931471805599453,-0.6931471805599453
-1.0986122886681096,-1.0986122886681096,-1.0986122886681098
-1.3862943611198906,-1.3862943611198906,-1.3862943611198906
-0.6931471805599453,-0.6931471805599453,-0.6931471805599453
-1.4869883623037188,-1.5433965254174618,-1.53723555106204
-1.0986122886681096,-1.0986122886681096,-1.0986122886681098
-0.6931471805599453,-0.6931471805599453,-0.6931471805599453
0.0,0.0,0.0
0.0,0.0,0.0
-1.5038993169538444,-1.5693815892384197,-1.5611298465431842
1.7108068273469994,1.6120357305395991,1.873706989146215
-0.6931471805599453,-0.6931471805599453,-0.6931471805599453
-1.442880670972782,-1.5693815889025162,-1.5611298452532247
-1.4869883623329982,-1.5433965259210192,-1.537235550616643
-2.273288401495394,-2.2253721030222002,-2.450986783103386
0.0,0.0,0.0
-0.6931471805599453,-0.6931471805599453,-0.6931471805599453
0.006442705473881207,-0.1437037526721963,0.23482400249637106
-1.3862943611198906,-1.3862943611198906,-1.3862943611198906
-1.0986122886681096,-1.0986122886681096,-1.0986122886681098
0.5609959931037515,0.4018291235416985,0.688390513089827
-1.5757662517497337,-1.5693815879082433,-1.5611298457452456
0.0,0.0,0.0
-1.4453565675909592,-1.275117660683236,-1.2525873848828648
0.09119290380109028,0.27606759766613065,0.54817136302143
0.0,0.0,0.0
-1.2781046428428917,-1.2779645532061643,-1.2778669245453829
-0.9159701411869361,-1.0309316356078375,-1.0167516303442612
-1.2086214093853123,-1.291172573367994,-1.271500849295047
-1.6094379124341005,-1.6094379124341003,-1.6094379124341005
0.0,0.0,0.0
0.0,0.0,0.0
-1.674709566772407,-1.3342222119827374,-1.3238208571454175
-0.6931471805599453,-0.6931471805599453,-0.6931471805599453
-0.6931471805599453,-0.6931471805599453,-0.6931471805599453
-1.0986122886681096,-1.0986122886681096,-1.0986122886681098
-0.6931471805599453,-0.6931471805599453,-0.6931471805599453
-1.6094379124341005,-1.6094379124341003,-1.6094379124341005
-1.0986122886681096,-1.0986122886681096,-1.0986122886681098
0.0,0.0,0.0
-1.1941528609091603,-1.0309316356078375,-1.0167516303442612
-0.2754105610796323,-0.3001710895736383,-0.2041273957519711
-0.6931471805599453,-0.6931471805599453,-0.6931471805599453
0.0,0.0,0.0
-1.6094379124341005,-1.6094379124341003,-1.6094379124341005
-1.2307372293228593,-1.3030379096061195,-1.2951963872987213
-1.5238428261890649,-1.5237332712581007,-1.523656905108726
-0.882760578377067,-1.0383287663276706,-1.0243331263678126
-1.0986122886681096,-1.0986122886681096,-1.0986122886681098
-1.6094379124341005,-1.6094379124341003,-1.6094379124341005
0.20348894555922978,0.11741644374565627,0.503944667639708
-1.3862943611198906,-1.3862943611198906,-1.3862943611198906
0.0,0.0,0.0
-0.6931471805599453,-0.6931471805599453,-0.6931471805599453
-0.6931471805599453,-0.6931471805599453,-0.6931471805599453
-1.5038993116483406,-1.5693815880490174,-1.5611298469629553
-1.7933634514375971,-1.3171705891634415,-1.367536700973446
-1.8002466669081203,-1.569381588902516,-1.5611298452532247
-1.6094379124341005,-1.6094379124341003,-1.6094379124341005
-1.6094379124341005,-1.6094379124341003,-1.6094379124341005
-2.0830494340603156,-1.7886072201694188,-2.0141180914458534
-1.0986122886681096,-1.0986122886681096,-1.0986122886681098
-1.8002466709337113,-1.5693815886286744,-1.5611298459403669
-0.6931471805599453,-0.6931471805599453,-0.6931471805599453
-1.890714098736871,-1.86756090220812,-1.9772773294199735
-1.3862943611198906,-1.3862943611198906,-1.3862943611198906
-1.0986122886681096,-1.0986122886681096,-1.0986122886681098
-0.6931471805599453,-0.6931471805599453,-0.6931471805599453
0.0,0.0,0.0
-0.6931471805599453,-0.6931471805599453,-0.6931471805599453
-0.6373156237314244,-1.3707004224174701,-1.4241825294267452
-1.6094379124341005,-1.6094379124341003,-1.6094379124341005
-1.5364616583618003,-0.2268485254787787,-0.2773993672903769
0.0,0.0,0.0
-0.6931471805599453,-0.6931471805599453,-0.6931471805599453
-1.6094379124341005,-1.6094379124341003,-1.6094379124341005
-0.6931471805599453,-0.6931471805599453,-0.6931471805599453
-1.0986122886681096,-1.0986122886681096,-1.0986122886681098
-1.0986122886681096,-1.0986122886681096,-1.0986122886681098
-1.3862943611198906,-1.3862943611198906,-1.3862943611198906
-0.9159701653573126,-1.0309316378868947,-1.0167516317195378
-1.5334064916688217,-1.5625648519603557,-1.5541180695431673
-1.0986122886681096,-1.0986122886681096,-1.0986122886681098
-2.2576035362683635,-1.4159169793403852,-1.4449025399083997
0.0,0.0,0.0
-2.014421950116197,-1.974378750938319,-2.144501950788043
-1.4143186729293387,-1.2893465918434295,-1.2696907878710308
-1.3862943611198906,-1.3862943611198906,-1.3862943611198906
-1.4875216331370194,-1.2993041479528131,-1.28204426115671
-1.0986122886681096,-1.0986122886681096,-1.0986122886681098
-1.5100551159052822,-1.4706043449760844,-1.666675987047152
-0.6931471805599453,-0.6931471805599453,-0.6931471805599453
-0.6931471805599453,-0.6931471805599453,-0.6931471805599453
-0.6931471805599453,-0.6931471805599453,-0.6931471805599453
0.0,0.0,0.0
-1.189968359940508,-1.327351510548533,-1.3166528013536347
-1.4428806723669083,-1.5693815886286744,-1.5611298459403669
-1.6094379124341005,-1.6094379124341003,-1.6094379124341005
-0.1649714928343613,-0.16582336774988984,-0.1664155042002417
-1.3862943611198906,-1.3862943611198906,-1.3862943611198906
-1.0986122886681096,-1.0986122886681096,-1.0986122886681098
0.0,0.0,0.0
-1.457267198443968,-0.21855829254469777,-0.26892440733080736
-0.9515919526467866,-0.951397791427001,-0.9512624300459215
0.0,0.0,0.0
-1.8708352712144654,-1.4965022866350266,-1.4767546661352622
-1.0597275031850606,-0.4745888870113779,-0.42422276920818924
-1.250447128596017,-1.6131428865986694,-1.6636937284102675
-0.25229621717779693,-0.5715684033446692,-0.5486486389063736
-0.6931471805599453,-0.6931471805599453,-0.6931471805599453
-1.3862943611198906,-1.3862943611198906,-1.3862943611198906
0.0,0.0,0.0
0.0,0.0,0.0
-2.019349678823737,-1.9477664217993957,-2.1415231109371047
-1.0986122886681096,-1.0986122886681096,-1.0986122886681098
-1.3862943611198906,-1.3862943611198906,-1.3862943611198906
0.0,0.0,0.0
-1.2770734399110593,-1.0158779770623387,-1.0014093194014553
-0.4049307494416015,-0.5898271521326434,-0.5676979072076864
-0.6931471805599453,-0.6931471805599453,-0.6931471805599453
-2.1343888888090032,-2.0378191729909774,-2.1624513825074927
-0.6931471805599453,-0.6931471805599453,-0.6931471805599453
0.0,0.0,0.0
-0.6931471805599453,-0.6931471805599453,-0.6931471805599453
-1.6094379124341005,-1.6094379124341003,-1.6094379124341005
-1.4697645574229126,-0.9817036023469009,-0.9635408150390672
0.0,0.0,0.0
-1.0986122886681096,-1.0986122886681096,-1.0986122886681098
-1.0986122886681096,-1.0986122886681096,-1.0986122886681098
-0.6931471805599453,-0.6931471805599453,-0.6931471805599453
-1.800246653292607,-1.5693815890506595,-1.5611298461392522
-1.3862943611198906,-1.3862943611198906,-1.3862943611198906
-1.6094834964389915,-1.6395488319689246,-1.6738565929595053
-1.179259626303859,-1.1107124627143965,-1.4091823274242836
-0.838148065686731,-1.0285622529443046,-1.0144157881657125
-0.4987046349988569,-0.7013429243296689,-0.7224598114547542
-1.6094379124341005,-1.6094379124341003,-1.6094379124341005
-1.5364616583618003,-0.2268485254787787,-0.2773993672903769
0.0,0.0,0.0
-1.3862943611198906,-1.3862943611198906,-1.3862943611198906
-1.712006194322511,-1.567999374602637,-1.5597752489866563
-1.6094379124341005,-1.6094379124341003,-1.6094379124341005
-1.0986122886681096,-1.0986122886681096,-1.0986122886681098
-1.3862943611198906,-1.3862943611198906,-1.3862943611198906
-1.3862943611198906,-1.3862943611198906,-1.3862943611198906
-0.27636049045917355,-0.323874496500854,-0.06111063021478126
-1.0986122886681096,-1.0986122886681096,-1.0986122886681098
-1.5183655476516638,-1.6080603698328357,-1.6442233838530178
-1.0986122886681096,-1.0986122886681096,-1.0986122886681098
-1.3862943611198906,-1.3862943611198906,-1.3862943611198906
-1.6094379124341005,-1.6094379124341003,-1.6094379124341005
-0.6931471805599453,-0.6931471805599453,-0.6931471805599453
-1.3862943611198906,-1.3862943611198906,-1.3862943611198906
-1.6810927460436522,-2.268072755566546,-2.3070823648423846
-1.0986122886681096,-1.0986122886681096,-1.0986122886681098
-1.3862943611198906,-1.3862943611198906,-1.3862943611198906
0.0,0.0,0.0
-1.8405518963586316,-1.7596689732003217,-1.7916557044932573
-1.9812725550932124,-1.9511138764305693,-2.0909510057779626
-1.0986122886681096,-1.0986122886681096,-1.0986122886681098
0.0,0.0,0.0
-0.6931471805599453,-0.6931471805599453,-0.6931471805599453
-1.6693426661514366,-1.5897524294924008,-1.628806821890964
-0.7084771085048199,-0.5190679267589018,-0.5018129655623333
-1.0986122886681096,-1.0986122886681096,-1.0986122886681098
-1.5893245155884892,-1.5215073877706229,-1.5039408336811164
-1.0418460254535649,-1.0309316368421875,-1.0167516306805597
-1.0986122886681096,-1.0986122886681096,-1.0986122886681098
-0.6931471805599453,-0.6931471805599453,-0.6931471805599453
-0.6931471805599453,-0.6931471805599453,-0.6931471805599453
-1.7397353378364808,-1.7394817907106108,-1.739305626592712
-0.6931471805599453,-0.6931471805599453,-0.6931471805599453
-1.3862943611198906,-1.3862943611198906,-1.3862943611198906
-1.3862943611198906,-1.3862943611198906,-1.3862943611198906
-1.0986122886681096,-1.0986122886681096,-1.0986122886681098
-0.8301641014098868,-1.033512141123925,-1.0237777758630369
0.0,0.0,0.0
-0.16497149283454185,-0.16582325307867052,-0.1664155042063647
-1.0986122886681096,-1.0986122886681096,-1.0986122886681098
-1.0986122886681096,-1.0986122886681096,-1.0986122886681098
-0.6931471805599453,-0.6931471805599453,-0.6931471805599453
-0.9159701401687801,-1.0309316375651953,-1.016751631023346
-1.175322618387934,-1.3437448685851545,-1.3355272068179307
-1.6565547756525532,-1.5639748680168108,-1.5652124422599474
-1.0986122886681096,-1.0986122886681096,-1.0986122886681098
-1.3862943611198906,-1.3862943611198906,-1.3862943611198906
0.0,0.0,0.0
-1.6094379124341005,-1.6094379124341003,-1.6094379124341005
-0.7862361854071811,-0.8109967157239762,-0.7149530224354731
-1.0986122886681096,-1.0986122886681096,-1.0986122886681098
-1.909587028515881,-1.5751260433554803,-1.6207666280573567
-1.739735337836665,-1.7394818169173951,-1.7393056265857336
0.0,0.0,0.0
-1.0986122886681096,-1.0986122886681096,-1.0986122886681098
-0.6931471805599453,-0.6931471805599453,-0.6931471805599453
-1.9812725550932124,-1.9511138764305693,-2.0909510057779626
-1.6094379124341005,-1.6094379124341003,-1.6094379124341005
-1.6094379124341005,-1.6094379124341003,-1.6094379124341005
-0.2045868299825002,-0.41891945312355905,-0.05079305279231184
-2.0973252937640243,-0.03316314956800079,-0.036062364688920434
-1.0986122886681096,-1.0986122886681096,-1.0986122886681098
-1.0986122886681096,-1.0986122886681096,-1.0986122886681098
-0.6931471805599453,-0.6931471805599453,-0.6931471805599453
-1.6094379124341005,-1.6094379124341003,-1.6094379124341005
-1.3862943611198906,-1.3862943611198906,-1.3862943611198906
-0.1649714928350597,-0.16582332790450724,-0.1664155041740172
-0.6931471805599453,-0.6931471805599453,-0.6931471805599453
-1.3862943611198906,-1.3862943611198906,-1.3862943611198906
-1.2404355888577863,-1.3342222120898541,-1.3238208571352408
-1.3862943611198906,-1.3862943611198906,-1.3862943611198906
-2.5558795939903263,-1.3171705891634415,-1.367536700973446
-0.7183956989071754,0.21855829965390558,0.2689244047138594
0.0,0.0,0.0
-1.3862943611198906,-1.3862943611198906,-1.3862943611198906
-2.5558795321583836,-1.317170584857334,-1.3675366997570164
-1.4714536838146506,-1.560409738574904,-1.551092855847065
0.0,0.0,0.0
-1.274955303321016,-1.1071593514934894,-1.1663570697398356
0.20593636543139276,0.4305256702186365,0.5179431106377604
-1.3862943611198906,-1.3862943611198906,-1.3862943611198906
-1.167871213213043,-1.334222212089854,-1.3238208571352406
-1.0986122886681096,-1.0986122886681096,-1.0986122886681098
1.0028133025745747,0.8488371576956485,1.0459882862236927
-1.7994106576825462,-0.008290231811813549,-0.008474957441366261
0.0,0.0,0.0
-2.5727825261225457,-0.8083854474143949,-0.8366223207247736
0.00011395611639892455,0.07364266602150293,0.15387673732199733
0.0,0.0,0.0
-0.27632415611155603,-0.3274061810872836,-0.09593997188421562
0.0,0.0,0.0
-1.8289997617159652,-1.8387680270162845,-2.0479994727842294
-1.3862943611198906,-1.3862943611198906,-1.3862943611198906
-1.0986122886681096,-1.0986122886681096,-1.0986122886681098
-1.6094379124341005,-1.6094379124341003,-1.6094379124341005
-1.0986122886681096,-1.0986122886681096,-1.0986122886681098
-1.6094379124341005,-1.6094379124341003,-1.6094379124341005
0.0,0.0,0.0
-1.283711212448373,-1.2614459637330866,-1.2593476730132214
-0.6931471805599453,-0.6931471805599453,-0.6931471805599453
-1.0986122886681096,-1.0986122886681096,-1.0986122886681098
-1.6094379124341005,-1.6094379124341003,-1.6094379124341005
0.0,0.0,0.0
-1.6094379124341005,-1.6094379124341003,-1.6094379124341005
-0.047210220988011316,-0.5096836778586705,-0.5517581281369797
-1.3862943611198906,-1.3862943611198906,-1.3862943611198906
-1.6094379124341005,-1.6094379124341003,-1.6094379124341005
-0.6931471805599453,-0.6931471805599453,-0.6931471805599453
-0.6931471805599453,-0.6931471805599453,-0.6931471805599453
-1.5371685698619282,-1.5708885146946412,-1.5652124422599474
-0.24185108538717104,-0.5740515916822064,-0.5511137436055004
-1.8986710276478935,-1.8521900401916214,-2.0751464991116397
-1.6653453991628693,-1.6325489931524289,-1.6654807147342807
0.15311953109699647,0.06520827759237045,0.41382736668383463
-1.6094379124341005,-1.6094379124341003,-1.6094379124341005
0.0,0.0,0.0
0.0,0.0,0.0
-0.12272910547519855,-0.1218420989971546,0.2718569365875761
0.0,0.0,0.0
-1.0986122886681096,-1.0986122886681096,-1.0986122886681098
-1.3862943611198906,-1.3862943611198906,-1.3862943611198906
-1.5757662585958327,-1.5693815880490174,-1.5611298469629553
-1.5593059019851734,-1.4650048689350932,-1.4541572702960588
-1.6094379124341005,-1.6094379124341003,-1.6094379124341005
-1.3862943611198906,-1.3862943611198906,-1.3862943611198906
0.0,0.0,0.0
-1.0986122886681096,-1.0986122886681096,-1.0986122886681098
-1.7397353378364964,-1.739481804694762,-1.7393056266462268
-0.6931471805599453,-0.6931471805599453,-0.6931471805599453
-1.6094379124341005,-1.6094379124341003,-1.6094379124341005
-0.6067417642915464,-0.5898271532565037,-0.5676979077447738
0.0,0.0,0.0
-1.6094379124341005,-1.6094379124341003,-1.6094379124341005
-1.3862943611198906,-1.3862943611198906,-1.3862943611198906
-0.6931471805599453,-0.6931471805599453,-0.6931471805599453
-1.0986122886681096,-1.0986122886681096,-1.0986122886681098
-1.4874849944951853,-1.5399910019399836,-1.5348087586129509
-1.6094379124341005,-1.6094379124341003,-1.6094379124341005
-0.13584723252387365,0.22684852547877896,0.27739936729037684
-0.6931471805599453,-0.6931471805599453,-0.6931471805599453
-0.7158926744441974,-0.41887453234426913,-0.3936825373601975
0.0,0.0,0.0
0.0,0.0,0.0
-0.6931471805599453,-0.6931471805599453,-0.6931471805599453
-1.5757662585958325,-1.5693815880490174,-1.5611298469629553
-2.71220145972946,-1.7529813269143195,-1.7809759101727374
-1.3862943611198906,-1.3862943611198906,-1.3862943611198906
-1.6652953882070392,-1.4581554230790785,-1.4507049703199015
-1.175322618387934,-1.3437448685851545,-1.3355272068179307
-3.4360395769214582,-2.36161817762455,-2.5564113259674963
-1.455703633414417,-1.4151007092741783,-1.455870506841437
-1.3862943611198906,-1.3862943611198906,-1.3862943611198906
0.0,0.0,0.0
-1.4443716935429354,-1.5755443884679756,-1.5690324683075867
-1.0986122886681096,-1.0986122886681096,-1.0986122886681098
1.457267198443968,0.21855829254469783,0.26892440733080747
0.08565285839547473,-0.08524962297279219,0.29229120675770925
-1.0986122886681096,-1.0986122886681096,-1.0986122886681098
-1.0986122886681096,-1.0986122886681096,-1.0986122886681098
-1.2447479611660353,-1.534078121594826,-1.518681541848973
-1.6094379124341005,-1.6094379124341003,-1.6094379124341005
-1.3862943611198906,-1.3862943611198906,-1.3862943611198906
-1.1941528981331435,-1.0309316378868945,-1.0167516317195378
0.0,0.0,0.0
-2.6823659326699487,-1.640611446467239,-1.6939281618877542
-1.6653453991628693,-1.6325489931155723,-1.6654807147382882
-1.3862943611198906,-1.3862943611198906,-1.3862943611198906
-0.6931471805599453,-0.6931471805599453,-0.6931471805599453
-1.3021013400785317,-1.2160287588935565,-1.6025569475789991
-1.512915608363763,-1.5340781212468517,-1.518681540503078
-0.2740873772230749,-0.41586103850279765,-0.12766488242063959
0.0,0.0,0.0
-0.9321895857128971,-0.5861417039288671,-0.5640356149072364
-1.0986122886681096,-1.0986122886681096,-1.0986122886681098
0.6089541595185864,0.5228815783336114,0.9094097670190538
-1.4223775485475718,-1.4376231950384402,-1.634558849071456
-1.8053769646898004,-1.53406359842118,-1.5578515848271421
-1.0986122886681096,-1.0986122886681096,-1.0986122886681098
-1.776269059763354,-1.6489222673329522,-1.6393602795849138
-1.3862943611198906,-1.3862943611198906,-1.3862943611198906
-1.252533984908238,-1.3359681328734685,-1.325535626124785
-1.3386483194775478,-1.2947729833467176,-1.2797511100480363
-0.6931471805599453,-0.6931471805599453,-0.6931471805599453
-0.6067417839010013,-0.5898271505888615,-0.5676979099691732
-1.3440246066795674,-1.3359681326863775,-1.325535625003375
-1.5376421073147781,-1.6000609197855102,-1.8551746633667008
-1.0986122886681096,-1.0986122886681096,-1.0986122886681098
-1.3862943611198906,-1.3862943611198906,-1.3862943611198906
-0.2754105612269933,-0.3001710940357929,-0.2041273998002328
-1.6094379124341005,-1.6094379124341003,-1.6094379124341005
0.0,0.0,0.0
-1.1290257399585581,-1.190222865184781,-1.156917389090835
-1.6094379124341005,-1.6094379124341003,-1.6094379124341005
-0.6931471805599453,-0.6931471805599453,-0.6931471805599453
-0.6931471805599453,-0.6931471805599453,-0.6931471805599453
0.0,0.0,0.0
-1.0986122886681096,-1.0986122886681096,-1.0986122886681098
-0.16497149283516027,-0.165823341152571,-0.16641550418290169
-1.6094379124341005,-1.6094379124341003,-1.6094379124341005
0.0,0.0,0.0
-0.6931471805599453,-0.6931471805599453,-0.6931471805599453
-1.0986122886681096,-1.0986122886681096,-1.0986122886681098
-1.4982003105292558,-1.5665213472905115,-1.558328722676258
-0.6931471805599453,-0.6931471805599453,-0.6931471805599453
-1.6094379124341005,-1.6094379124341003,-1.6094379124341005
-1.187166671941865,-1.1700253930384321,-1.2372360398064415
-1.6094379124341005,-1.6094379124341003,-1.6094379124341005
-1.3862943611198906,-1.3862943611198906,-1.3862943611198906
-1.0986122886681096,-1.0986122886681096,-1.0986122886681098
0.130054546931523,0.10529401391072951,0.20133770820646646
-0.9220422232150652,-1.041467569117428,-1.0303333973730366
-0.9159701401687801,-1.0309316375651953,-1.016751631023346
0.0,0.0,0.0
-1.3862943611198906,-1.3862943611198906,-1.3862943611198906
-1.5862889415125294,-1.2829743319206977,-1.2608450891483751
-0.6931471805599453,-0.6931471805599453,-0.6931471805599453
-0.6931471805599453,-0.6931471805599453,-0.6931471805599453
-1.6094379124341005,-1.6094379124341003,-1.6094379124341005
0.8586052557441823,0.3849853451955105,0.4281509154797637
-1.3862943611198906,-1.3862943611198906,-1.3862943611198906
-0.7139494275079812,-0.5740515916822064,-0.5511137436055004
-0.6931471805599453,-0.6931471805599453,-0.6931471805599453
0.0,0.0,0.0
0.0,0.0,0.0
-1.0986122886681096,-1.0986122886681096,-1.0986122886681098
-0.6931471805599453,-0.6931471805599453,-0.6931471805599453
0.0,0.0,0.0
-1.6094379124341005,-1.6094379124341003,-1.6094379124341005
-0.49099147834486667,-0.5715684033446692,-0.5486486389063736
0.0,0.0,0.0
-1.0986122886681096,-1.0986122886681096,-1.0986122886681098
-0.7502779982881093,-0.5715684033446692,-0.5486486389063736
-0.6931471805599453,-0.6931471805599453,-0.6931471805599453
0.0,0.0,0.0
-1.7694474426648772,-1.7598216563963232,-1.7975843841776584
-1.4386830425193995,-1.5679993746874241,-1.5597752489786183
0.0,0.0,0.0
-1.3862943611198906,-1.3862943611198906,-1.3862943611198906
-1.3862943611198906,-1.3862943611198906,-1.3862943611198906
-1.6094379124341005,-1.6094379124341003,-1.6094379124341005
-0.8332396672546183,-0.5898271532565037,-0.5676979077447738
-0.3552947387704035,-0.5144616083324565,-0.2279002187843282
-1.8986710028543403,-1.852190041752634,-2.0751464931459247
-1.9090943562696425,-1.7043968568315235,-1.6970072519103423
-0.6931471805599453,-0.6931471805599453,-0.6931471805599453
0.0,0.0,0.0
0.0,0.0,0.0
0.0,0.0,0.0
-1.8725456010033164,-1.7899431294918826,-1.9431948244997757
-1.3862943611198906,-1.3862943611198906,-1.3862943611198906
-1.6196139251103072,-1.3359681314307068,-1.3255356256261064
0.0,0.0,0.0
-1.0986122886681096,-1.0986122886681096,-1.0986122886681098
-1.0986122886681096,-1.0986122886681096,-1.0986122886681098
0.0,0.0,0.0
-0.6931471805599453,-0.6931471805599453,-0.6931471805599453
0.0,0.0,0.0
0.0,0.0,0.0
-1.3916082087143165,-1.543182421675877,-1.5817395944632628
-1.6155981133149933,-1.543396525843854,-1.5372355512501512
0.2034890011952851,0.11741644654804828,0.5039446543115279
-1.6094379124341005,-1.6094379124341003,-1.6094379124341005
-1.0986122886681096,-1.0986122886681096,-1.0986122886681098
-1.393988700943321,-1.3030379096546283,-1.2951963879563706
-1.0986122886681096,-1.0986122886681096,-1.0986122886681098
-0.6678987118422969,-1.6048526616152223,-1.655218773425227
-1.486988362219832,-1.5433965256693076,-1.5372355509376334
-1.3862943611198906,-1.3862943611198906,-1.3862943611198906
-1.0986122886681096,-1.0986122886681096,-1.0986122886681098
-1.0986122886681096,-1.0986122886681096,-1.0986122886681098
-0.652790289789635,0.23577729325538815,0.2865166484948038
-0.6931471805599453,-0.6931471805599453,-0.6931471805599453
-0.6931471805599453,-0.6931471805599453,-0.6931471805599453
-1.4428806748451344,-1.5693815892384197,-1.5611298465431842
-2.120801664065174,-1.8637549977814487,-1.9170717132019641
0.0,0.0,0.0
-0.476241892504074,-0.42560938046982105,-0.420762510411022
-1.4587918545608336,-1.3359681323405417,-1.3255356258730637
0.1704670593458513,0.3359747416843904,0.7728690765957767
-1.6094379124341005,-1.6094379124341003,-1.6094379124341005
-1.2525339856354256,-1.3359681314307068,-1.3255356256261064
-0.4612966649366851,0.2720881337493605,0.32557024075863555
-1.0986122886681096,-1.0986122886681096,-1.0986122886681098
-0.6931471805599453,-0.6931471805599453,-0.6931471805599453
-0.6931471805599453,-0.6931471805599453,-0.6931471805599453
-1.250447128596017,-1.6131428865986694,-1.6636937284102675
-1.2401510059509473,-1.3301449674097445,-1.3355272068179307
-1.3862943611198906,-1.3862943611198906,-1.3862943611198906
-1.0986122886681096,-1.0986122886681096,-1.0986122886681098
-1.0986122886681096,-1.0986122886681096,-1.0986122886681098
-1.3862943611198906,-1.3862943611198906,-1.3862943611198906
-0.951591952646828,-0.9513977655291643,-0.95126243004731
-1.0986122886681096,-1.0986122886681096,-1.0986122886681098
-1.3862943611198906,-1.3862943611198906,-1.3862943611198906
-1.6094379124341005,-1.6094379124341003,-1.6094379124341005
-1.3805438061878803,-1.459361211367201,-1.4423374598068925
-0.874136052183257,-0.9117054767491698,-0.9620715916488521
-1.1941528609091603,-1.0309316356078375,-1.0167516303442612
-1.0986122886681096,-1.0986122886681096,-1.0986122886681098
-1.0986122886681096,-1.0986122886681096,-1.0986122886681098
0.0,0.0,0.0
-1.3201989602447881,-1.0208114119607106,-1.0061988898025285
-2.304189075203588,-1.8279962129294323,-1.878362324739437
-1.6094379124341005,-1.6094379124341003,-1.6094379124341005
0.0,0.0,0.0
0.0,0.0,0.0
-1.6094379124341005,-1.6094379124341003,-1.6094379124341005
0.0,0.0,0.0
-1.3021012898633946,-1.216028735216158,-1.6025569429796376
-1.6678502903105283,-1.5693815886286744,-1.5611298459403669
-1.6094379124341005,-1.6094379124341003,-1.6094379124341005
-1.6094379124341005,-1.6094379124341003,-1.6094379124341005
-1.6094379124341005,-1.6094379124341003,-1.6094379124341005
-0.40493073318278666,-0.5898271502139414,-0.5676979066807641
-0.6931471805599453,-0.6931471805599453,-0.6931471805599453
-0.39282635949533296,-1.5260198655607178,-1.5561740545146907
-1.3862943611198906,-1.3862943611198906,-1.3862943611198906
-1.2525339926013612,-1.3359681323405417,-1.3255356258730637
-1.4428806717700415,-1.5693815880490174,-1.5611298469629553
0.6695706079684588,0.4903281591204662,0.4791253985907483
-0.7084771091047927,-0.5190679274603468,-0.5018129652119676
-0.6931471805599453,-0.6931471805599453,-0.6931471805599453
0.0,0.0,0.0
0.0,0.0,0.0
-0.6931471805599453,-0.6931471805599453,-0.6931471805599453
-1.3862943611198906,-1.3862943611198906,-1.3862943611198906
-1.646140956495922,-1.3437448685851545,-1.3355272068179307
-1.6565547756525532,-1.5639748680168108,-1.5652124422599474
-0.244958413548374,-1.5005845770194164,-1.5751002577693216
-1.2397207918860291,-1.2122151083708257,-1.1949601453199112
-0.13215118745619378,-0.2913180570182468,-0.0047566674701182915
0.0,0.0,0.0
-1.2525340028983987,-1.3359681331105917,-1.325535626636026
-0.6931471805599453,-0.6931471805599453,-0.6931471805599453
-0.6947511077462413,-0.21855829455243722,-0.268924415372705
-1.3862943611198906,-1.3862943611198906,-1.3862943611198906
-1.3464888147852732,-1.8279962049787981,-1.8783623197649078
-0.2629490505522086,0.21855829618922443,0.2689244110889069
-1.3862943611198906,-1.3862943611198906,-1.3862943611198906
-1.1233452634710632,-1.6048526536645884,-1.655218768450698
-0.8070214829470217,-0.5753623433623629,-0.5786848611485678
-0.37578588663762436,-0.5775070970345877,-0.5888970805967647
-2.241603341227513,-1.5628166570872701,-1.6029349944576907
0.0,0.0,0.0
0.0,0.0,0.0
-1.617810810418468,-1.563487347695344,-1.5550206894939715
-1.6155981132345931,-1.5433965256693085,-1.5372355509376334
-1.6094379124341005,-1.6094379124341003,-1.6094379124341005
-1.6265344541705422,-1.6273873336069902,-1.6279821350974915
-1.6094379124341005,-1.6094379124341003,-1.6094379124341005
-0.463626629894088,-0.4633103079721955,-0.463089782473249
0.0,0.0,0.0
0.0,0.0,0.0
-0.6931471805599453,-0.6931471805599453,-0.6931471805599453
-1.0986122886681096,-1.0986122886681096,-1.0986122886681098
-1.6094379124341005,-1.6094379124341003,-1.6094379124341005
0.0,0.0,0.0
-1.442880672366908,-1.5693815886286742,-1.5611298459403669
-2.038230796476465,-1.9979281655599401,-2.1934076737172763
-0.6931471805599453,-0.6931471805599453,-0.6931471805599453
-1.6094379124341005,-1.6094379124341003,-1.6094379124341005
-0.858118673395005,-0.8589705084644526,-0.8595626847339626
-0.6931471805599453,-0.6931471805599453,-0.6931471805599453
-0.6931471805599453,-0.6931471805599453,-0.6931471805599453
-0.1649714928343613,-0.16582336774988984,-0.1664155042002417
-1.7784873170587834,-1.5665213472905115,-1.558328722676258
-0.6931471805599453,-0.6931471805599453,-0.6931471805599453
0.0,0.0,0.0
-1.0718894622787576,-0.5821913642529082,-0.5601154216665725
-2.143559660099507,-2.111254534023448,-2.2553554346825253
-1.9142165266228899,-1.915069446552615,-1.915664207345663
-0.9159701401687801,-1.0309316375651953,-1.016751631023346
-1.3862943611198906,-1.3862943611198906,-1.3862943611198906
-1.4524576211158862,-1.5634873476953441,-1.5550206894939715
-0.2629490505522086,0.21855829618922443,0.2689244110889069
-2.468043169693687,-1.9944232561666477,-2.0375888219982388
-0.6931471805599453,-0.6931471805599453,-0.6931471805599453
-0.04498511527209526,0.6534465812816076,0.728919741062212
-1.0986122886681096,-1.0986122886681096,-1.0986122886681098
-1.5730260727860033,-1.560409738574904,-1.551092855847065
-1.3862943611198906,-1.3862943611198906,-1.3862943611198906
-1.3862943611198906,-1.3862943611198906,-1.3862943611198906
-1.0986122886681096,-1.0986122886681096,-1.0986122886681098
-1.0986122886681096,-1.0986122886681096,-1.0986122886681098
-0.040356890770310225,-0.9289244738153335,-0.979663829054749
-1.0986122886681096,-1.0986122886681096,-1.0986122886681098
-0.6931471805599453,-0.6931471805599453,-0.6931471805599453
1.4048510824516003,1.1905184593105413,1.5586448596417886
-1.3023920629324108,-1.9616727527385651,-1.9928408397070052
-1.3862943611198906,-1.3862943611198906,-1.3862943611198906
-1.6094379124341005,-1.6094379124341003,-1.6094379124341005
-1.3862943611198906,-1.3862943611198906,-1.3862943611198906
-0.8269416535414994,-1.7917129094096638,-1.8300847601308605
0.0,0.0,0.0
-2.0592077527450945,-1.6302276513690506,-1.6542471006192465
-1.4869883623374358,-1.5433965256311641,-1.5372355504213617
-1.4488459011937698,-1.5005461097458104,-1.4852148505326126
-1.7974362824161403,-1.773826984712576,-1.9114483392167068
0.20513070057971036,0.0514126875951178,0.3214501000094214
-1.0986122886681096,-1.0986122886681096,-1.0986122886681098
-0.8741361046774081,-0.9117054810552772,-0.9620715928652818
-1.3939887006157445,-1.303037909334672,-1.2951963881284838
-1.6094379124341005,-1.6094379124341003,-1.6094379124341005
-1.3862943611198906,-1.3862943611198906,-1.3862943611198906
0.0,0.0,0.0
-1.3862943611198906,-1.3862943611198906,-1.3862943611198906
-1.0959830253518297,-1.2893465918434295,-1.2696907878710308
-0.6947510895800753,-0.21855829965390555,-0.2689244047138593
0.20348894123595035,0.11741646648770708,0.5039446633573785
-1.4869883623126923,-1.543396525417712,-1.5372355510727465
0.0,0.0,0.0
-1.6094379124341005,-1.6094379124341003,-1.6094379124341005
-0.6931471805599453,-0.6931471805599453,-0.6931471805599453
-1.1975767492117435,-1.3342222119827374,-1.3238208571454175
-1.5757662511549655,-1.5693815890506595,-1.5611298461392522
-1.6196139634026372,-1.3359681331105917,-1.325535626636026
-0.5819738334649552,-0.9531588561170201,-1.0066089124887736
-1.6278058258119668,-1.3965866695806664,-1.3750157887446122
-1.3464888722772723,-1.8279962069865374,-1.8783623278068053
0.0,0.0,0.0
-1.2307372292792942,-1.3030379093343532,-1.2951963881148454
-1.6094379124341005,-1.6094379124341003,-1.6094379124341005
0.20348894123595035,0.11741646648770708,0.5039446633573785
-0.6931471805599453,-0.6931471805599453,-0.6931471805599453
-1.3862943611198906,-1.3862943611198906,-1.3862943611198906
-1.4982645653391102,-1.869449587991175,-1.9228996443629287
-0.4953349939930604,-0.5577982379572092,-0.3088913850197166
-0.6931471805599453,-0.6931471805599453,-0.6931471805599453
-1.2051455595932803,-0.5861417039288671,-0.5640356149072364
-1.3862943611198906,-1.3862943611198906,-1.3862943611198906
0.0,0.0,0.0
2.7593685438308784,1.4345870260807312,1.8714813661568284
-0.6931471805599453,-0.6931471805599453,-0.6931471805599453
-1.7364255707651295,-1.6815284130992,-1.9410000150172304
-1.0986122886681096,-1.0986122886681096,-1.0986122886681098
-1.4255950613374753,-2.299624269178181,-2.521519895386585
-0.7756848151888065,-1.426452914050566,-1.4584843091678246
-0.7657469669146886,-0.9611101655693968,-0.935266392841601
0.07314339399441688,0.09190617223743065,0.46003257105102213
-1.1871666718394613,-1.1700253899611477,-1.2372360369329254
-1.1155152572914702,-0.5898271528619579,-0.5676979053520687
-1.0986122886681096,-1.0986122886681096,-1.0986122886681098
-0.764802014169497,-1.3517820236923908,-1.3907916329682293
0.0,0.0,0.0
-1.0986122886681096,-1.0986122886681096,-1.0986122886681098
-1.3939887006410352,-1.3030379093343556,-1.2951963881148454
0.0,0.0,0.0
-1.0986122886681096,-1.0986122886681096,-1.0986122886681098
0.0,0.0,0.0
0.0,0.0,0.0
-1.6094379124341005,-1.6094379124341003,-1.6094379124341005
-1.3862943611198906,-1.3862943611198906,-1.3862943611198906
-1.6094379124341005,-1.6094379124341003,-1.6094379124341005
-1.721194774392761,-1.2811333064057975,-1.2590156181645815
0.5585846392051608,0.4706733857005348,0.819292474791999
-0.6931471805599453,-0.6931471805599453,-0.6931471805599453
-1.0986122886681096,-1.0986122886681096,-1.0986122886681098
-1.6678502877595927,-1.569381588902516,-1.5611298452532247
-0.5819738334649552,-0.9531588561170201,-1.0066089124887736
-1.2525339926013612,-1.3359681323405417,-1.3255356258730637
-0.9159701521774715,-1.030931637311374,-1.0167516294962455
-1.3862943611198906,-1.3862943611198906,-1.3862943611198906
-1.6094379124341005,-1.6094379124341003,-1.6094379124341005
-1.4587918390659322,-1.3359681328734685,-1.325535626124785
-1.0986122886681096,-1.0986122886681096,-1.0986122886681098
-1.3862943611198906,-1.3862943611198906,-1.3862943611198906
-1.3862943611198906,-1.3862943611198906,-1.3862943611198906
0.0,0.0,0.0
0.0,0.0,0.0
-1.6094379124341005,-1.6094379124341003,-1.6094379124341005
-1.7529097456830594,-1.7740495078894576,-1.8036725339974682
0.30623879378349067,0.09190617064243152,0.46003257097367894
-1.0986122886681096,-1.0986122886681096,-1.0986122886681098
-2.069831784865246,-2.0773365359629166,-2.245566541022943
-0.6931471805599453,-0.6931471805599453,-0.6931471805599453
0.0,0.0,0.0
0.20593636543139276,0.4305256702186365,0.5179431106377604
0.04498511527209524,-0.6534465812816075,-0.7289197410622119
-0.6931471805599453,-0.6931471805599453,-0.6931471805599453
-1.6094379124341005,-1.6094379124341003,-1.6094379124341005
-0.6931471805599453,-0.6931471805599453,-0.6931471805599453
-1.3862943611198906,-1.3862943611198906,-1.3862943611198906
-1.3037556015841854,-1.3863173003923048,-1.4157303573632711
-1.3862943611198906,-1.3862943611198906,-1.3862943611198906
0.5973481944664104,0.44337204958748433,0.6405231781155283
-1.6094379124341005,-1.6094379124341003,-1.6094379124341005
-1.6326833556099927,-1.5625648519603554,-1.5541180695431673
-1.8370165753913625,-1.8281033640824156,-1.8634714908876475
-0.6931471805599453,-0.6931471805599453,-0.6931471805599453
-1.8481730829026404,-1.5409447627454005,-1.5306025620219563
-1.5038993029622092,-1.5693815890506595,-1.5611298461392522
-0.6931471805599453,-0.6931471805599453,-0.6931471805599453
-1.3862943611198906,-1.3862943611198906,-1.3862943611198906
-1.0986122886681096,-1.0986122886681096,-1.0986122886681098
0.0,0.0,0.0
0.18098889601801776,0.21855829455243717,0.26892441537270484
-0.5562766439893303,0.2543170853473482,0.3076338007678635
-0.6931471805599453,-0.6931471805599453,-0.6931471805599453
-0.6931471805599453,-0.6931471805599453,-0.6931471805599453
0.41849212942335606,0.5739934133985223,0.9447417499998756
-0.5016243151931357,-0.593835483420791,-0.5786848611485678
-0.8274591825192563,-0.7499532527633236,-0.827771933455165
-1.1733708398531835,-1.3359681316084913,-1.325535627167314
-1.0986122886681096,-1.0986122886681096,-1.0986122886681098
-1.8370165755416465,-1.8281033633403732,-1.8634714904585647
-0.6931471805599453,-0.6931471805599453,-0.6931471805599453
-1.6094834964389915,-1.6395488319689246,-1.6738565929595053
-1.3862943611198906,-1.3862943611198906,-1.3862943611198906
-1.0812622247085164,-1.0821140996240448,-1.0827062360743969
-1.0986122886681096,-1.0986122886681096,-1.0986122886681098
-1.940827864216807,-1.870364849435992,-2.110689216531701
-1.6094379124341005,-1.6094379124341003,-1.6094379124341005
-1.0986122886681096,-1.0986122886681096,-1.0986122886681098
-0.6931471805599453,-0.6931471805599453,-0.6931471805599453
-1.646140956495922,-1.3437448685851545,-1.3355272068179307
0.0,0.0,0.0
-1.5038993116483408,-1.5693815880490174,-1.5611298469629553
-0.6931471805599453,-0.6931471805599453,-0.6931471805599453
-1.3386483194775478,-1.2947729833467176,-1.2797511100480363
0.0,0.0,0.0
-1.0986122886681096,-1.0986122886681096,-1.0986122886681098
0.0,0.0,0.0
0.0,0.0,0.0
-1.3862943611198906,-1.3862943611198906,-1.3862943611198906
-0.6931471805599453,-0.6931471805599453,-0.6931471805599453
-1.7774620878611311,-1.3707004224174704,-1.4241825294267452
-1.0986122886681096,-1.0986122886681096,-1.0986122886681098
-0.8536538751197357,0.40197228835130683,0.47648796910121183
0.5279221655029992,0.5287750854327243,0.5293698462257722
-1.880570324461091,-2.0201866928642476,-2.0342339592739007
0.0,0.0,0.0
-1.4473813799108828,-1.3953831902844591,-1.6277900024344445
-1.0986122886681096,-1.0986122886681096,-1.0986122886681098
-0.9098187371279074,-1.0216500945459879,-1.0237777758630369
-1.0986122886681096,-1.0986122886681096,-1.0986122886681098
-0.6931471805599453,-0.6931471805599453,-0.6931471805599453
-1.0986122886681096,-1.0986122886681096,-1.0986122886681098
-1.6155981129721295,-1.5433965254177124,-1.5372355510727465
-1.0718894622787576,-0.5821913642529082,-0.5601154216665725
-0.6931471805599453,-0.6931471805599453,-0.6931471805599453
0.0,0.0,0.0
0.8232017274914684,0.7984411944706749,0.8944848887664117
-0.18098889601801768,-0.21855829455243722,-0.268924415372705
-1.837016575559916,-1.8281033632826464,-1.8634714904200618
-1.6094379124341005,-1.6094379124341003,-1.6094379124341005
-1.0986122886681096,-1.0986122886681096,-1.0986122886681098
-1.7933634514375971,-1.3171705891634415,-1.367536700973446
-0.38905573188669046,-1.2667089291044213,-1.3032682809378322
-0.07165483360955173,-0.6586348431324455,-0.6976444524082839
-1.6094379124341005,-1.6094379124341003,-1.6094379124341005
-1.3984083769777191,-1.3342222119827374,-1.3238208571454175
-1.425178846785212,-1.5201055870039553,-1.5053669078099332
-1.6094379124341005,-1.6094379124341003,-1.6094379124341005
-1.0986122886681096,-1.0986122886681096,-1.0986122886681098
-1.0986122886681096,-1.0986122886681096,-1.0986122886681098
-0.6931471805599453,-0.6931471805599453,-0.6931471805599453
0.0,0.0,0.0
-1.0986122886681096,-1.0986122886681096,-1.0986122886681098
-1.0986122886681096,-1.0986122886681096,-1.0986122886681098
-1.3862943611198906,-1.3862943611198906,-1.3862943611198906
-1.4759586663140607,-0.9199957060387242,-0.9705465478503222
-0.030428393043262968,0.3849853466654208,0.42815091090681423
0.0,0.0,0.0
-0.7779745587176968,-0.9453201274262303,-0.9275792327197258
-1.0986122886681096,-1.0986122886681096,-1.0986122886681098
-0.46362662989454495,-0.46331030796888195,-0.46308978246417315
-1.3862943611198906,-1.3862943611198906,-1.3862943611198906
-1.3862943611198906,-1.3862943611198906,-1.3862943611198906
-1.0986122886681096,-1.0986122886681096,-1.0986122886681098
-2.63507394702991,-1.3254608141468884,-1.3760116559584867
-1.3072067131158602,-1.306815972648907,-1.3065443867757636
-1.0986122886681096,-1.0986122886681096,-1.0986122886681098
-1.4869883623037188,-1.5433965254174618,-1.53723555106204
-0.9501622908729593,-0.5663287023807186,-0.5435534516947524
0.0,0.0,0.0
-0.25229621717779693,-0.5715684033446692,-0.5486486389063736
-1.0986122886681096,-1.0986122886681096,-1.0986122886681098
-0.38021663939051603,-1.3171705891634415,-1.367536700973446
-1.1396746025849445,-1.0420577758186187,-1.034398169580663
-0.6931471805599453,-0.6931471805599453,-0.6931471805599453
0.0,0.0,0.0
0.0,0.0,0.0
-1.0986122886681096,-1.0986122886681096,-1.0986122886681098
0.0,0.0,0.0
-1.3862943611198906,-1.3862943611198906,-1.3862943611198906
-1.6094379124341005,-1.6094379124341003,-1.6094379124341005
-0.7084771083018658,-0.519067928161417,-0.5018129643079642
0.7183956492775938,-0.21855830049533181,-0.2689244123053365
-1.0986122886681096,-1.0986122886681096,-1.0986122886681098
-1.3862943611198906,-1.3862943611198906,-1.3862943611198906
-1.3862943611198906,-1.3862943611198906,-1.3862943611198906
-1.505082834010349,-1.4974817359276966,-1.4821924662878054
-0.8061132094140334,-1.041467569117428,-1.0303333973730366
-1.3939887009433207,-1.3030379096546283,-1.2951963879563706
-1.5038993116483406,-1.5693815880490174,-1.5611298469629553
-0.6931471805599453,-0.6931471805599453,-0.6931471805599453
-1.3939887009433207,-1.3030379096546283,-1.2951963879563706
0.0,0.0,0.0
0.0,0.0,0.0
-1.3862943611198906,-1.3862943611198906,-1.3862943611198906
-1.0986122886681096,-1.0986122886681096,-1.0986122886681098
-0.6931471805599453,-0.6931471805599453,-0.6931471805599453
-1.081262224707982,-1.0821140595546341,-1.0827062360725335
0.0,0.0,0.0
-1.6094379124341005,-1.6094379124341003,-1.6094379124341005
-0.6931471805599453,-0.6931471805599453,-0.6931471805599453
-0.9515919526469694,-0.9513977855224749,-0.9512624300419348
0.0,0.0,0.0
-0.6931471805599453,-0.6931471805599453,-0.6931471805599453
-0.6931471805599453,-0.6931471805599453,-0.6931471805599453
-1.6155981129721297,-1.5433965254177124,-1.5372355510727465
-1.0986122886681096,-1.0986122886681096,-1.0986122886681098
-1.3862943611198906,-1.3862943611198906,-1.3862943611198906
-1.0986122886681096,-1.0986122886681096,-1.0986122886681098
-1.6094379124341005,-1.6094379124341003,-1.6094379124341005
-1.4587918390659322,-1.3359681328734685,-1.325535626124785
-1.0986122886681096,-1.0986122886681096,-1.0986122886681098
-1.3862943611198906,-1.3862943611198906,-1.3862943611198906
-0.4981453966992922,-0.35335285402226185,0.04142709643645334
-0.6931471805599453,-0.6931471805599453,-0.6931471805599453
-0.8853170402607872,-0.9859886480945123,-0.9752058676833903
-0.9515919526469462,-0.9513977826494733,-0.9512624300399155
-1.6094379124341005,-1.6094379124341003,-1.6094379124341005
0.0,0.0,0.0
-1.3862943611198906,-1.3862943611198906,-1.3862943611198906
-1.6094379124341005,-1.6094379124341003,-1.6094379124341005
-1.0986122886681096,-1.0986122886681096,-1.0986122886681098
-1.3984083769777191,-1.3342222119827376,-1.3238208571454175
-1.718927351512508,-1.614574910227672,-1.6506329214396085
-0.6931471805599453,-0.6931471805599453,-0.6931471805599453
-1.6635057457779896,-1.6528947272515202,-1.6948952514729771
0.0,0.0,0.0
-1.0986122886681096,-1.0986122886681096,-1.0986122886681098
-1.6094379124341005,-1.6094379124341003,-1.6094379124341005
-1.3862943611198906,-1.3862943611198906,-1.3862943611198906
-0.8581186733944872,-0.8589704336386158,-0.85956268476631
-1.0986122886681096,-1.0986122886681096,-1.0986122886681098
-0.6931471805599453,-0.6931471805599453,-0.6931471805599453
-0.01792258956020106,-0.15929551429973596,0.11527547223293266
-1.9507779592985686,-1.9305592204470463,-2.049352967592856
-1.108858307839324,-0.9859886480940787,-0.9752058676646084
0.8274591825192562,0.7499532527633235,0.827771933455165
-1.6094379124341005,-1.6094379124341003,-1.6094379124341005
-1.0986122886681096,-1.0986122886681096,-1.0986122886681098
-1.6767621622869162,-1.2999189503626662,-1.2867392941918308
-0.6469392437620329,-0.6883694774706162,-0.5627068350221021
-0.6931471805599453,-0.6931471805599453,-0.6931471805599453
-1.6094379124341005,-1.6094379124341003,-1.6094379124341005
0.0,0.0,0.0
0.0,0.0,0.0
-1.8385634133112865,-1.8110556047209014,-1.838677208744659
-1.0986122886681096,-1.0986122886681096,-1.0986122886681098
-0.6931471805599453,-0.6931471805599453,-0.6931471805599453
-1.6586024144466074,-1.6167155723000792,-1.8070761711206635
0.0,0.0,0.0
-1.727040844022926,-1.70159594330294,-1.8487465256965632
-1.0986122886681096,-1.0986122886681096,-1.0986122886681098
-0.5562766439893303,0.2543170853473482,0.3076338007678635
-2.244899618379477,-1.771279704852438,-1.814445270684029
-0.5279221655031817,-0.5287749716452737,-0.5293698462318768
-1.7974545525944423,-1.772094652543262,-1.8922191259242571
-0.7172302176111428,-0.5861417039288671,-0.5640356149072364
0.0,0.0,0.0
-1.6094379124341005,-1.6094379124341003,-1.6094379124341005
-1.4428806717700415,-1.5693815880490174,-1.5611298469629553
-1.0986122886681096,-1.0986122886681096,-1.0986122886681098
-1.736425562023144,-1.681528416521681,-1.9410000202913662
-0.6445278539841967,-0.7572137360899776,-0.6936088054618677
-0.886223291130094,-0.980034549411109,-0.9709448129765542
0.0,0.0,0.0
-1.6094379124341005,-1.6094379124341003,-1.6094379124341005
-1.1753226183879337,-1.3437448685851545,-1.3355272068179307
-1.0986122886681096,-1.0986122886681096,-1.0986122886681098
-1.3191048146808424,-1.5185200964197691,-1.501031980168226
-1.3862943611198906,-1.3862943611198906,-1.3862943611198906
-1.6155981129104637,-1.5433965259210192,-1.537235550616643
0.0,0.0,0.0
-1.3862943611198906,-1.3862943611198906,-1.3862943611198906
-1.6094379124341005,-1.6094379124341003,-1.6094379124341005
-0.7084771082554927,-0.519067927354096,-0.501812963757994
-0.24457481567851397,-0.3303398378229505,0.05640208147178024
1.017659646787054,0.9188885499796537,1.1805598085862696
-0.6931471805599453,-0.6931471805599453,-0.6931471805599453
-1.6094379124341005,-1.6094379124341003,-1.6094379124341005
-1.0986122886681096,-1.0986122886681096,-1.0986122886681098
-1.3862943611198906,-1.3862943611198906,-1.3862943611198906
-0.6931471805599453,-0.6931471805599453,-0.6931471805599453
-0.6931471805599453,-0.6931471805599453,-0.6931471805599453
0.0,0.0,0.0
-0.40493075755317737,-0.5898271505888615,-0.5676979099691732
-1.0782598317740353,-1.568569358095454,-1.6069412088166506
-1.3862943611198906,-1.3862943611198906,-1.3862943611198906
-1.837016575559916,-1.8281033632826464,-1.8634714904200618
0.0,0.0,0.0
-1.3862943611198906,-1.3862943611198906,-1.3862943611198906
-1.0986122886681096,-1.0986122886681096,-1.0986122886681098
-1.5757662517497337,-1.5693815879082431,-1.5611298457452456
-0.5279221655024326,-0.5287750449388806,-0.5293698464293818
-1.0812622247085164,-1.0821140996240448,-1.0827062360743969
-0.8489728043332592,0.22684852598907385,0.2773993672399077
-1.3862943611198906,-1.3862943611198906,-1.3862943611198906
-1.0986122886681096,-1.0986122886681096,-1.0986122886681098
-1.1871666719526948,-1.1700253911612932,-1.2372360410677412
-1.3862943611198906,-1.3862943611198906,-1.3862943611198906
-1.0986122886681096,-1.0986122886681096,-1.0986122886681098
-0.6931471805599453,-0.6931471805599453,-0.6931471805599453
0.0,0.0,0.0
-1.0986122886681096,-1.0986122886681096,-1.0986122886681098
-0.7953160577238059,-1.0285622530897176,-1.0144157881518452
-0.6931471805599453,-0.6931471805599453,-0.6931471805599453
-1.0986122886681096,-1.0986122886681096,-1.0986122886681098
-1.5466761055418898,-1.5463685560760516,-1.5461548614429403
-1.5426600805788024,-1.4756237474521803,-1.7860286365787128
-1.1733708358723716,-1.3359681328734685,-1.325535626124785
0.0,0.0,0.0
-0.9056869803635434,-1.0260260340645178,-1.0119188892984292
0.0,0.0,0.0
-1.6094379124341005,-1.6094379124341003,-1.6094379124341005
-1.4945025975258341,-1.5679993746874241,-1.5597752489786183
0.0,0.0,0.0
1.1099338706607171,1.0624198646190366,1.3251837309051093
-1.0986122886681096,-1.0986122886681096,-1.0986122886681098
-1.3862943611198906,-1.3862943611198906,-1.3862943611198906
-0.6931471805599453,-0.6931471805599453,-0.6931471805599453
-1.0986122886681096,-1.0986122886681096,-1.0986122886681098
-1.3440246194350287,-1.3359681331105917,-1.325535626636026
0.1809889241174627,0.21855830049533184,0.26892441230533654
-1.0986122886681096,-1.0986122886681096,-1.0986122886681098
-1.0986122886681096,-1.0986122886681096,-1.0986122886681098
-0.7084771083018658,-0.519067928161417,-0.5018129643079642
-1.3862943611198906,-1.3862943611198906,-1.3862943611198906
-0.7687892593006933,-0.593835483420791,-0.5786848611485678
-0.2575025485193823,-0.593835483420791,-0.5786848611485678
-1.3862943611198906,-1.3862943611198906,-1.3862943611198906
-1.0986122886681096,-1.0986122886681096,-1.0986122886681098
0.0,0.0,0.0
-1.3862943611198906,-1.3862943611198906,-1.3862943611198906
-0.3532961296082936,-0.5190679279464959,-0.5018129660921102
-1.0986122886681096,-1.0986122886681096,-1.0986122886681098
0.0,0.0,0.0
0.0,0.0,0.0
-1.6392160452927307,-1.2375648414155938,-1.2100035283667088
-1.0986122886681096,-1.0986122886681096,-1.0986122886681098
0.0,0.0,0.0
0.0,0.0,0.0
-1.1088583078056888,-0.9859886480945129,-0.9752058676833903
-1.458791851416762,-1.3359681326863775,-1.325535625003375
-1.0986122886681096,-1.0986122886681096,-1.0986122886681098
-1.0986122886681096,-1.0986122886681096,-1.0986122886681098
0.0,0.0,0.0
-1.4534344194205318,-1.440326583022884,-1.492021792103629
-0.6931471805599453,-0.6931471805599453,-0.6931471805599453
0.4699055969371872,0.2793732715448089,0.3926719216002329
-1.6094379124341005,-1.6094379124341003,-1.6094379124341005
0.0,0.0,0.0
-1.0986122886681096,-1.0986122886681096,-1.0986122886681098
-1.8289997617159652,-1.8387680270162845,-2.0479994727842294
-1.5272413876132327,-1.3081970901649673,-1.342352647778807
-1.3862943611198906,-1.3862943611198906,-1.3862943611198906
0.0,0.0,0.0
-1.3021012898633946,-1.216028735216158,-1.6025569429796376
-1.0986122886681096,-1.0986122886681096,-1.0986122886681098
-1.9565561175294544,-1.838768026182163,-2.0479994727368163
-1.0986122886681096,-1.0986122886681096,-1.0986122886681098
-1.3862943611198906,-1.3862943611198906,-1.3862943611198906
-1.3862943611198906,-1.3862943611198906,-1.3862943611198906
-1.3862943611198906,-1.3862943611198906,-1.3862943611198906
-1.8217741191410115,-1.7145325103976479,-1.885608587567607
-0.6931471805599453,-0.6931471805599453,-0.6931471805599453
-1.3688562317001791,-1.2577668281321317,-1.2521217380561853
-1.6791035127094536,-1.5755443884679756,-1.5690324683075867
0.0,0.0,0.0
-2.137360077936533,-2.138212957372981,-2.138807758863482
-1.2751210140249005,-1.6463060366769655,-1.6997560930487188
0.0,0.0,0.0
-1.4190815158476489,-0.9444657266540757,-0.9368875396706426
-1.0986122886681096,-1.0986122886681096,-1.0986122886681098
0.0,0.0,0.0
-1.3862943611198906,-1.3862943611198906,-1.3862943611198906
-0.9874389415731194,-1.3586239642251845,-1.412074020596938
-1.6094379124341005,-1.6094379124341003,-1.6094379124341005
-0.6931471805599453,-0.6931471805599453,-0.6931471805599453
-1.0986122886681096,-1.0986122886681096,-1.0986122886681098
-0.2144561624523858,-0.6061569673928676,-0.5888970805967647
-0.4049307734753603,-0.5898271537565603,-0.5676979088355869
-0.8385556854994778,-0.8754221775355087,-0.9137940282567054
-2.022283983071169,-2.0074283425755253,-2.065868712926879
0.0,0.0,0.0
-1.4587918545608336,-1.3359681323405417,-1.3255356258730637
-1.0986122886681096,-1.0986122886681096,-1.0986122886681098
-1.3862943611198906,-1.3862943611198906,-1.3862943611198906
-0.6931471805599453,-0.6931471805599453,-0.6931471805599453
-1.3862943611198906,-1.3862943611198906,-1.3862943611198906
0.0,0.0,0.0
-0.6931471805599453,-0.6931471805599453,-0.6931471805599453
-0.6931471805599453,-0.6931471805599453,-0.6931471805599453
-1.1776134301923313,-1.8362864384231743,-1.886837279674008
-1.1941528807623882,-1.030931635849033,-1.0167516324430286
-1.0986122886681096,-1.0986122886681096,-1.0986122886681098
-0.6931471805599453,-0.6931471805599453,-0.6931471805599453
-1.0986122886681096,-1.0986122886681096,-1.0986122886681098
-1.3440245998147395,-1.3359681328734685,-1.325535626124785
-1.0986122886681096,-1.0986122886681096,-1.0986122886681098
-0.6931471805599453,-0.6931471805599453,-0.6931471805599453
-0.570436600943224,-0.5712884360126714,-0.5718806122821815
-1.0986122886681096,-1.0986122886681096,-1.0986122886681098
-1.0986122886681096,-1.0986122886681096,-1.0986122886681098
-0.6931471805599453,-0.6931471805599453,-0.6931471805599453
-1.6678502877595927,-1.569381588902516,-1.5611298452532247
-0.6931471805599453,-0.6931471805599453,-0.6931471805599453
-1.8002466545984754,-1.5693815879082433,-1.5611298457452456
-0.7084771082554927,-0.519067927354096,-0.501812963757994
1.7108068273469994,1.6120357305395991,1.873706989146215
-1.615598113314993,-1.543396525843854,-1.5372355512501512
-1.7397353378368778,-1.7394817947192924,-1.7393056265881093
-1.0986122886681096,-1.0986122886681096,-1.0986122886681098
-1.6094379124341005,-1.6094379124341003,-1.6094379124341005
-1.453434419360579,-1.4403265820219215,-1.492021788842983
-0.6947511678668058,-0.21855829366696516,-0.26892440984901067
-0.9159701509401397,-1.0309316368421875,-1.0167516306805597
-1.0986122886681096,-1.0986122886681096,-1.0986122886681098
-0.30733667820676097,-0.39340918002033437,-0.006880956126282772
-1.5230363851822355,-1.3248941420837113,-1.3142921777677532
-1.6094379124341005,-1.6094379124341003,-1.6094379124341005
-1.6586024144466072,-1.6167155723000792,-1.8070761711206633
-0.6931471805599453,-0.6931471805599453,-0.6931471805599453
-0.6931471805599453,-0.6931471805599453,-0.6931471805599453
0.2629490505522086,-0.21855829618922445,-0.26892441108890686
-1.4443716935429354,-1.5755443884679756,-1.5690324683075867
-0.2045868299825002,-0.41891945312355905,-0.05079305279231184
-1.5466761055418898,-1.5463685560760516,-1.5461548614429403
-1.0986122886681096,-1.0986122886681096,-1.0986122886681098
-1.575766266716818,-1.5693815892384197,-1.5611298465431842
-1.6094379124341005,-1.6094379124341003,-1.6094379124341005
-1.6094379124341005,-1.6094379124341003,-1.6094379124341005
-0.7984732226443332,-1.0260260340645178,-1.0119188892984292
-1.546676105542113,-1.5463685878654088,-1.5461548614344747
-0.6931471805599453,-0.6931471805599453,-0.6931471805599453
-1.0986122886681096,-1.0986122886681096,-1.0986122886681098
-1.4869883623037188,-1.5433965254174618,-1.53723555106204
-1.6162462313343309,-1.5878800166611384,-1.7514367681346021
-1.6094379124341005,-1.6094379124341003,-1.6094379124341005
0.0,0.0,0.0
-1.3862943611198906,-1.3862943611198906,-1.3862943611198906
-0.18098889601801768,-0.21855829455243722,-0.268924415372705
-1.0986122886681096,-1.0986122886681096,-1.0986122886681098
-1.0986122886681096,-1.0986122886681096,-1.0986122886681098
0.8534327929061353,0.408647718874674,0.44560295969089486
-1.6094379124341005,-1.6094379124341003,-1.6094379124341005
-1.3862943611198906,-1.3862943611198906,-1.3862943611198906
0.0,0.0,0.0
-1.3862943611198906,-1.3862943611198906,-1.3862943611198906
-0.6931471805599453,-0.6931471805599453,-0.6931471805599453
0.7625161647593444,0.0,0.0
0.0,0.0,0.0
0.0,0.0,0.0
-1.6094379124341005,-1.6094379124341003,-1.6094379124341005
-1.6094379124341005,-1.6094379124341003,-1.6094379124341005
0.0,0.0,0.0
-1.0986122886681096,-1.0986122886681096,-1.0986122886681098
0.0,0.0,0.0
-1.0986122886681096,-1.0986122886681096,-1.0986122886681098
0.0,0.0,0.0
-1.6094379124341005,-1.6094379124341003,-1.6094379124341005
-1.6678502903105283,-1.5693815886286744,-1.5611298459403669
-1.0790588090181052,-1.9906529450879598,-2.1611435332550646
-1.6094379124341005,-1.6094379124341003,-1.6094379124341005
0.0,0.0,0.0
-1.5730260727860033,-1.560409738574904,-1.551092855847065
-0.7084771083018658,-0.519067928161417,-0.5018129643079642
-0.5615283530956967,-1.5182431293161052,-1.5461824735698237
-1.6196139398569553,-1.3359681326863775,-1.325535625003375
-1.3862943611198906,-1.3862943611198906,-1.3862943611198906
-1.764121621431431,-1.5262124061430318,-1.508943944540583
-0.35770609266899445,-0.44561734617362014,-0.0969982570821562
0.0,0.0,0.0
0.0,0.0,0.0
-1.6635057459784792,-1.6528947262985993,-1.6948952509195343
0.0,0.0,0.0
-0.6931471805599453,-0.6931471805599453,-0.6931471805599453
-1.736425562023144,-1.681528416521681,-1.9410000202913662
-1.6094379124341005,-1.6094379124341003,-1.6094379124341005
0.5113637516310737,0.25431708534734837,0.3076338007678635
0.8232017274914684,0.7984411944706749,0.8944848887664117
0.0,0.0,0.0
-1.800246686562687,-1.5693815892384197,-1.5611298465431842
-1.937242531899652,-1.8119146489430427,-2.0221270774799764
-1.6094379124341005,-1.6094379124341003,-1.6094379124341005
-1.3862943611198906,-1.3862943611198906,-1.3862943611198906
0.0,0.0,0.0
-1.3862943611198906,-1.3862943611198906,-1.3862943611198906
0.0,0.0,0.0
-1.3862943611198906,-1.3862943611198906,-1.3862943611198906
0.0,0.0,0.0
0.0,0.0,0.0
0.0,0.0,0.0
-1.0986122886681096,-1.0986122886681096,-1.0986122886681098
-1.3789480726669436,-0.8330054933819415,-0.8662964478366724
-1.182882315067971,-1.2482204491076796,-1.2284451219941832
-0.4698018652301509,-0.5740515916822064,-0.5511137436055004
-1.3862943611198906,-1.3862943611198906,-1.3862943611198906
-1.25481800941871,-1.3248941420837113,-1.3142921777677532
-0.6931471805599453,-0.6931471805599453,-0.6931471805599453
-1.081262224707982,-1.0821140595546341,-1.0827062360725335
-0.6931471805599453,-0.6931471805599453,-0.6931471805599453
-1.3862943611198906,-1.3862943611198906,-1.3862943611198906
-0.6931471805599453,-0.6931471805599453,-0.6931471805599453
0.0,0.0,0.0
-2.2548039600588288,-2.1986686427044293,-2.3525548544114137
0.0,0.0,0.0
-1.6094379124341005,-1.6094379124341003,-1.6094379124341005
-1.0986122886681096,-1.0986122886681096,-1.0986122886681098
-1.3862943611198906,-1.3862943611198906,-1.3862943611198906
-0.9296022606922976,-1.481679469792086,-1.543113806878148
-1.6094379124341005,-1.6094379124341003,-1.6094379124341005
-0.7864989551473883,-0.8341076006487742,-0.6809680130650091
0.0,0.0,0.0
-0.6931471805599453,-0.6931471805599453,-0.6931471805599453
0.0,0.0,0.0
-0.6931471805599453,-0.6931471805599453,-0.6931471805599453
-1.3862943611198906,-1.3862943611198906,-1.3862943611198906
-1.0986122886681096,-1.0986122886681096,-1.0986122886681098
-1.9648908692622535,-1.9700178589802448,-2.1660165395907103
-1.3862943611198906,-1.3862943611198906,-1.3862943611198906
0.07969235241930925,-0.043808960022827526,0.010302626604228867
-1.0986122886681096,-1.0986122886681096,-1.0986122886681098
-1.041846009999581,-1.0309316356078375,-1.0167516303442612
-1.5955118208341252,-1.5079714494302132,-1.5035786975282321
-1.0986122886681096,-1.0986122886681096,-1.0986122886681098
-1.6094379124341005,-1.6094379124341003,-1.6094379124341005
-1.6094379124341005,-1.6094379124341003,-1.6094379124341005
0.0,0.0,0.0
-1.3862943611198906,-1.3862943611198906,-1.3862943611198906
-1.6094379124341005,-1.6094379124341003,-1.6094379124341005
-0.3073366225707057,-0.39340917721794233,-0.006880969454462901
-1.5038993029622092,-1.5693815890506595,-1.5611298461392522
-1.6094379124341005,-1.6094379124341003,-1.6094379124341005
-0.6931471805599453,-0.6931471805599453,-0.6931471805599453
0.0,0.0,0.0
-0.7984732226443332,-1.0260260340645178,-1.0119188892984292
-0.6931471805599453,-0.6931471805599453,-0.6931471805599453
-1.3862943611198906,-1.3862943611198906,-1.3862943611198906
0.0,0.0,0.0
0.0,0.0,0.0
-1.3862943611198906,-1.3862943611198906,-1.3862943611198906
-2.5558795939903263,-1.3171705891634415,-1.367536700973446
0.0,0.0,0.0
-1.3862943611198906,-1.3862943611198906,-1.3862943611198906
0.0,0.0,0.0
-1.0986122886681096,-1.0986122886681096,-1.0986122886681098
1.69596048313452,1.5419843382555938,1.7391354667836378
-1.0418460355275236,-1.0309316378868945,-1.0167516317195378
-1.3989982770582166,-1.0309316375651953,-1.016751631023346
-1.3862943611198906,-1.3862943611198906,-1.3862943611198906
-1.0986122886681096,-1.0986122886681096,-1.0986122886681098
-1.3862943611198906,-1.3862943611198906,-1.3862943611198906
-1.0986122886681096,-1.0986122886681096,-1.0986122886681098
-1.6094379124341005,-1.6094379124341003,-1.6094379124341005
-0.955387287373982,-1.0208114119607106,-1.0061988898025285
-1.3862943611198906,-1.3862943611198906,-1.3862943611198906
-0.9515919526469461,-0.9513977826494733,-0.9512624300399155
-1.6094379124341005,-1.6094379124341003,-1.6094379124341005
0.0,0.0,0.0
0.0,0.0,0.0
0.0,0.0,0.0
0.0,0.0,0.0
-0.9279047638321334,0.0,0.0
-1.6094379124341005,-1.6094379124341003,-1.6094379124341005
-0.6931471805599453,-0.6931471805599453,-0.6931471805599453
-1.6094379124341005,-1.6094379124341003,-1.6094379124341005
-0.7984732226443332,-1.0260260340645178,-1.0119188892984292
-0.8356631910192823,-1.3171705812128074,-1.3675366959989173
0.0,0.0,0.0
-1.0986122886681096,-1.0986122886681096,-1.0986122886681098
-0.40493073318278666,-0.5898271502139414,-0.5676979066807641
-0.6931471805599453,-0.6931471805599453,-0.6931471805599453
-0.6931471805599453,-0.6931471805599453,-0.6931471805599453
0.0,0.0,0.0
0.0,0.0,0.0
-0.8186139234450854,-0.9671411108998507,-0.9399102513515061
1.4572672688310755,0.21855829455243717,0.26892441537270484
0.0,0.0,0.0
-1.6094379124341005,-1.6094379124341003,-1.6094379124341005
-0.6931471805599453,-0.6931471805599453,-0.6931471805599453
-1.6094379124341005,-1.6094379124341003,-1.6094379124341005
0.0,0.0,0.0
-0.6931471805599453,-0.6931471805599453,-0.6931471805599453
-1.0986122886681096,-1.0986122886681096,-1.0986122886681098
-1.3225381402197314,-1.334222212089854,-1.3238208571352406
-1.0986122886681096,-1.0986122886681096,-1.0986122886681098
-1.149670646551311,-1.033512141123925,-1.0237777758630369
-1.4572672434902743,-0.21855829618922445,-0.26892441108890686
-1.3862943611198906,-1.3862943611198906,-1.3862943611198906
0.0,0.0,0.0
-0.20934623489648818,-0.5898271521326434,-0.5676979072076864
-1.1733708406346741,-1.3359681323405417,-1.3255356258730637
-0.2629490505522086,0.21855829618922443,0.2689244110889069
-1.6094379124341005,-1.6094379124341003,-1.6094379124341005
0.0,0.0,0.0
-0.6931471805599453,-0.6931471805599453,-0.6931471805599453
-1.2967426138303868,-1.245242304239115,-1.2260961879090853
-1.6678502786884164,-1.5693815879082433,-1.5611298457452456
-1.3862943611198906,-1.3862943611198906,-1.3862943611198906
-0.8032885515838396,-1.0309316373113742,-1.0167516294962455
-1.846444101552319,-1.567999374602637,-1.5597752489866563
-1.0986122886681096,-1.0986122886681096,-1.0986122886681098
-1.0986122886681096,-1.0986122886681096,-1.0986122886681098
0.0,0.0,0.0
-0.8332396979247292,-0.5898271505888615,-0.5676979099691732
-0.6931471805599453,-0.6931471805599453,-0.6931471805599453
-1.0986122886681096,-1.0986122886681096,-1.0986122886681098
-1.6094379124341005,-1.6094379124341003,-1.6094379124341005
0.0,0.0,0.0
-1.6094379124341005,-1.6094379124341003,-1.6094379124341005
-1.3862943611198906,-1.3862943611198906,-1.3862943611198906
-1.0986122886681096,-1.0986122886681096,-1.0986122886681098
-1.2951110637271093,-1.337870857890711,-1.3307000109914229
0.0,0.0,0.0
0.0,0.0,0.0
-0.6931471805599453,-0.6931471805599453,-0.6931471805599453
-1.2568745492952649,-1.3437448685851545,-1.3355272068179307
-1.845597891496954,-1.7293487137725025,-1.7489577901185567
-0.6931471805599453,-0.6931471805599453,-0.6931471805599453
-1.575766260810436,-1.5693815886286744,-1.5611298459403669
-1.3862943611198906,-1.3862943611198906,-1.3862943611198906
-1.1155152302886513,-0.5898271532565037,-0.5676979077447738
-0.6931471805599453,-0.6931471805599453,-0.6931471805599453
-1.3878983433294327,-0.9117054810552772,-0.9620715928652818
-1.0986122886681096,-1.0986122886681096,-1.0986122886681098
-1.3862943611198906,-1.3862943611198906,-1.3862943611198906
-1.3862943611198906,-1.3862943611198906,-1.3862943611198906
-1.8562303287850939,-1.8841889378894552,-1.9139626737545088
-1.3862943611198906,-1.3862943611198906,-1.3862943611198906
-1.6094834964389915,-1.6395488319689246,-1.6738565929595053
0.025248468717648454,-0.9117054810552772,-0.9620715928652818
-1.3862943611198906,-1.3862943611198906,-1.3862943611198906
0.0,0.0,0.0
-1.4720346858574753,-1.4626281465191397,-1.4446061158005217
-0.19486011828963146,-0.586141704155198,-0.5640356148854796
-1.6094379124341005,-1.6094379124341003,-1.6094379124341005
0.0,0.0,0.0
-0.8581186733943066,-0.8589705483098351,-0.859562684760187
0.0,0.0,0.0
-1.6094379124341005,-1.6094379124341003,-1.6094379124341005
0.0,0.0,0.0
-1.6094379124341005,-1.6094379124341003,-1.6094379124341005
-1.2525339856354256,-1.3359681314307068,-1.3255356256261064
-0.9159701521774715,-1.030931637311374,-1.0167516294962455
-1.6094379124341005,-1.6094379124341003,-1.6094379124341005
-1.263828051796269,-1.3369895135559353,-1.573503946103204
-1.012667533063843,-1.0285622530897176,-1.0144157881518452
-0.6067417839010013,-0.5898271505888615,-0.5676979099691732
-0.38021663939051603,-1.3171705891634415,-1.367536700973446
-1.0986122886681096,-1.0986122886681096,-1.0986122886681098
0.6947511077462414,0.21855829455243717,0.26892441537270484
-0.40493073318278666,-0.5898271502139414,-0.5676979066807641
-1.0986122886681096,-1.0986122886681096,-1.0986122886681098
-0.030428394225226977,0.3849853449331377,0.4281509117947878
-1.3862943611198906,-1.3862943611198906,-1.3862943611198906
-1.6094379124341005,-1.6094379124341003,-1.6094379124341005
0.0,0.0,0.0
-0.7084771085048199,-0.5190679267589018,-0.5018129655623333
0.0,0.0,0.0
0.0,0.0,0.0
-0.463626629894088,-0.4633103079721955,-0.463089782473249
-1.0986122886681096,-1.0986122886681096,-1.0986122886681098
-2.1439907106150686,-2.081065968682849,-2.2525954830812482
0.0,0.0,0.0
0.0,0.0,0.0
-0.6931471805599453,-0.6931471805599453,-0.6931471805599453
-1.833538600014457,-1.3533502136548434,-1.327826204250803
-1.3862943611198906,-1.3862943611198906,-1.3862943611198906
-0.7779745587176968,-0.9453201274262303,-0.9275792327197258
-1.0986122886681096,-1.0986122886681096,-1.0986122886681098
-0.6931471805599453,-0.6931471805599453,-0.6931471805599453
-0.2746814214098048,-0.3575799288014381,-0.004828509184160442
-0.6931471805599453,-0.6931471805599453,-0.6931471805599453
-0.6931471805599453,-0.6931471805599453,-0.6931471805599453
-0.6931471805599453,-0.6931471805599453,-0.6931471805599453
-1.3862943611198906,-1.3862943611198906,-1.3862943611198906
-0.4612966649366851,0.2720881337493605,0.32557024075863555
-0.26294904015682796,0.21855829455243717,0.26892441537270484
-1.3862943611198906,-1.3862943611198906,-1.3862943611198906
-1.0986122886681096,-1.0986122886681096,-1.0986122886681098
-1.6094379124341005,-1.6094379124341003,-1.6094379124341005
-0.6931471805599453,-0.6931471805599453,-0.6931471805599453
-1.3862943611198906,-1.3862943611198906,-1.3862943611198906
-1.3862943611198906,-1.3862943611198906,-1.3862943611198906
0.0,0.0,0.0
0.0,0.0,0.0
-0.18030142137920863,0.008255885349708583,0.024918711147736146
0.7849657539289193,0.24642298260174642,0.22064684769676016
-1.3862943611198906,-1.3862943611198906,-1.3862943611198906
-1.6094379124341005,-1.6094379124341003,-1.6094379124341005
0.030428394617589314,-0.3849853437325506,-0.4281509095641385
-1.3862943611198906,-1.3862943611198906,-1.3862943611198906
-0.1649714928338271,-0.16582332768047908,-0.1664155041983783
-1.798475864643796,-1.7773127088096636,-1.7993913682208018
-1.3862943611198906,-1.3862943611198906,-1.3862943611198906
0.0,0.0,0.0
-1.3862943611198906,-1.3862943611198906,-1.3862943611198906
-1.6094379124341005,-1.6094379124341003,-1.6094379124341005
0.0,0.0,0.0
0.0,0.0,0.0
-1.837016575559916,-1.8281033632826464,-1.8634714904200618
0.0,0.0,0.0
-1.6094379124341005,-1.6094379124341003,-1.6094379124341005
-1.6094379124341005,-1.6094379124341003,-1.6094379124341005
-1.6094379124341005,-1.6094379124341003,-1.6094379124341005
-1.0986122886681096,-1.0986122886681096,-1.0986122886681098
-0.6931471805599453,-0.6931471805599453,-0.6931471805599453
-1.6094379124341005,-1.6094379124341003,-1.6094379124341005
-1.6094379124341005,-1.6094379124341003,-1.6094379124341005
-1.0371678171919798,-1.0155101759187657,-0.9993891801256214
0.0,0.0,0.0
-0.38772920279688206,-0.5821913642529082,-0.5601154216665725
0.0,0.0,0.0
-0.6931471805599453,-0.6931471805599453,-0.6931471805599453
-1.3862943611198906,-1.3862943611198906,-1.3862943611198906
1.7108068273469994,1.6120357305395991,1.873706989146215
-1.3862943611198906,-1.3862943611198906,-1.3862943611198906
-0.6931471805599453,-0.6931471805599453,-0.6931471805599453
0.0,0.0,0.0
-0.9249976961832055,-1.6583824948692512,-1.7118646018785262
-1.3862943611198906,-1.3862943611198906,-1.3862943611198906
0.0,0.0,0.0
-1.9507936321459884,-1.9290783787681087,-2.032621674521356
-1.1155152572914702,-0.5898271528619579,-0.5676979053520687
-0.6931471805599453,-0.6931471805599453,-0.6931471805599453
-0.6931471805599453,-0.6931471805599453,-0.6931471805599453
-1.3862943611198906,-1.3862943611198906,-1.3862943611198906
-1.041846009999581,-1.0309316356078375,-1.0167516303442612
-1.0986122886681096,-1.0986122886681096,-1.0986122886681098
0.0,0.0,0.0
-0.6931471805599453,-0.6931471805599453,-0.6931471805599453
-0.6931471805599453,-0.6931471805599453,-0.6931471805599453
-0.6931471805599453,-0.6931471805599453,-0.6931471805599453
-1.2397759445870704,-1.3338719016523382,-1.3798880381541432
-1.0986122886681096,-1.0986122886681096,-1.0986122886681098
-0.6931471805599453,-0.6931471805599453,-0.6931471805599453
-1.4555818704996473,-1.5625648519603557,-1.5541180695431673
-3.257262390148592,-2.1192455930437673,-2.1929580872351617
-1.4672393102770704,-1.0285622529443046,-1.0144157881657125
-0.6931471805599453,-0.6931471805599453,-0.6931471805599453
0.0,0.0,0.0
-1.5819986762004663,-1.5755443884679756,-1.5690324683075867
-1.453434419360579,-1.4403265820219215,-1.492021788842983
-1.3862943611198906,-1.3862943611198906,-1.3862943611198906
0.0,0.0,0.0
-1.0986122886681096,-1.0986122886681096,-1.0986122886681098
-1.6196139634026372,-1.3359681331105917,-1.325535626636026
-1.5757662511549657,-1.5693815890506595,-1.5611298461392522
0.0,0.0,0.0
0.0,0.0,0.0
0.0,0.0,0.0
-1.6094379124341005,-1.6094379124341003,-1.6094379124341005
-0.2629490505522086,0.21855829618922443,0.2689244110889069
-1.6094379124341005,-1.6094379124341003,-1.6094379124341005
-0.6037981022272895,-1.568569358095454,-1.6069412088166506
-0.6931471805599453,-0.6931471805599453,-0.6931471805599453
-1.3862943611198906,-1.3862943611198906,-1.3862943611198906
-1.6094379124341005,-1.6094379124341003,-1.6094379124341005
-1.0986122886681096,-1.0986122886681096,-1.0986122886681098
-2.1946400369394627,-2.0329679720013845,-2.0226399363124754
-1.6094379124341005,-1.6094379124341003,-1.6094379124341005
-1.3862943611198906,-1.3862943611198906,-1.3862943611198906
-0.7405217259639854,-0.8548890547437935,-0.8377199041825188
-0.9515919526469461,-0.9513977826494733,-0.9512624300399155
0.0,0.0,0.0
-1.5466761055423712,-1.546368560938663,-1.5461548614373564
-0.6931471805599453,-0.6931471805599453,-0.6931471805599453
-1.149670646551311,-1.0335121411239252,-1.0237777758630369
-0.6931471805599453,-0.6931471805599453,-0.6931471805599453
-0.8032885530952107,-1.030931635849033,-1.0167516324430286
-1.3862943611198906,-1.3862943611198906,-1.3862943611198906
0.0,0.0,0.0
-1.6094379124341005,-1.6094379124341003,-1.6094379124341005
-0.9159701401687801,-1.0309316375651953,-1.016751631023346
-1.6094379124341005,-1.6094379124341003,-1.6094379124341005
-1.3072067131158602,-1.306815972648907,-1.3065443867757636
-1.6094379124341005,-1.6094379124341003,-1.6094379124341005
-1.2568745492952649,-1.3437448685851545,-1.3355272068179307
-1.2586545515943441,-1.1336202451119606,-1.1271130592474756
0.0,0.0,0.0
-1.0986122886681096,-1.0986122886681096,-1.0986122886681098
0.0,0.0,0.0
0.0,0.0,0.0
-1.0986122886681096,-1.0986122886681096,-1.0986122886681098
-0.6931471805599453,-0.6931471805599453,-0.6931471805599453
-0.6931471805599453,-0.6931471805599453,-0.6931471805599453
-1.6094379124341005,-1.6094379124341003,-1.6094379124341005
0.0,0.0,0.0
-1.4139644010146513,-1.392711497129308,-1.437528321914615
-1.3862943611198906,-1.3862943611198906,-1.3862943611198906
-0.8489728043332592,0.22684852598907385,0.2773993672399077
0.0,0.0,0.0
-1.3663194867497221,-1.0260260340645178,-1.0119188892984292
-1.4796009763045423,-1.514355168829336,-1.4965148374173498
-0.6931471805599453,-0.6931471805599453,-0.6931471805599453
0.0,0.0,0.0
-0.6931471805599453,-0.6931471805599453,-0.6931471805599453
-1.8649198049161249,-1.7178989741146395,-1.736090353674145
1.111302697084017,1.0462836554417703,1.3333486091744466
0.0,0.0,0.0
-0.5612913968484995,-0.586141704155198,-0.5640356148854796
-1.3862943611198906,-1.3862943611198906,-1.3862943611198906
-0.013490553254630118,-0.23884919698214363,-0.21566691421614145
-1.3862943611198906,-1.3862943611198906,-1.3862943611198906
-1.5908204171774196,-1.435410928635614,-1.423559485395018
-1.5426600805788024,-1.4756237474521803,-1.7860286365787128
0.30803452934585523,-0.18227499697556337,-0.22064684769676007
-1.0986122886681096,-1.0986122886681096,-1.0986122886681098
-1.189968359940508,-1.3273515105485327,-1.316652801353635
-0.6931471805599453,-0.6931471805599453,-0.6931471805599453
-0.5704366009419914,-0.5712884357886434,-0.5718806123065426
-1.3862943611198906,-1.3862943611198906,-1.3862943611198906
-0.40493075755317737,-0.5898271505888615,-0.5676979099691732
-1.0986122886681096,-1.0986122886681096,-1.0986122886681098
-0.6931471805599453,-0.6931471805599453,-0.6931471805599453
0.08652257070041959,-0.06745357417850638,0.12969755434953753
-1.558762274347659,-1.5679993746874241,-1.5597752489786183
0.0,0.0,0.0
-1.0986122886681096,-1.0986122886681096,-1.0986122886681098
-0.6931471805599453,-0.6931471805599453,-0.6931471805599453
-1.6094379124341005,-1.6094379124341003,-1.6094379124341005
-1.0986122886681096,-1.0986122886681096,-1.0986122886681098
0.0,0.0,0.0
0.0,0.0,0.0
-1.6491343550921418,-0.8148073205058539,-0.8448764964083766
-1.6094379124341005,-1.6094379124341003,-1.6094379124341005
-1.3862943611198906,-1.3862943611198906,-1.3862943611198906
-0.6931471805599453,-0.6931471805599453,-0.6931471805599453
-0.8032885530952107,-1.030931635849033,-1.0167516324430286
-0.6931471805599453,-0.6931471805599453,-0.6931471805599453
0.0,0.0,0.0
-1.3072067131158602,-1.306815972648907,-1.3065443867757636
-0.4705103695934752,-0.8127497801210176,-0.7793680858746606
0.0,0.0,0.0
-1.0986122886681096,-1.0986122886681096,-1.0986122886681098
