ho_likelihood,hol_likelihood,std_likelihood
-19.551401741207247,-24.66597221456668,-20.706296558553436
-19.170194753731874,-27.661613964734773,-17.43270431017935
-30.33580740048197,-29.467348565281686,-33.99324623003567
-24.60662623244734,-28.60176355667206,-25.174326386093163
-22.88709980179261,-27.071654755110696,-22.658582354871946
-21.29067943547469,-29.10630722841659,-17.759683793561422
-21.8623892462738,-28.816631272991444,-20.914709856866754
-27.73649060993517,-30.914832997689274,-28.76475625654239
-18.677373599716166,-24.816390586392426,-19.079510739643496
-29.588174485299906,-27.390541809923274,-34.67797624414751
-27.66277260143075,-27.564380872231133,-30.004234908194576
-25.427874010242466,-30.31755719783399,-27.625394952171856
-23.228817897008362,-28.24197698702029,-24.492943929340374
-26.881657934199943,-30.903708474613772,-27.327289261234764
-18.868806829892392,-25.51489125158138,-17.577933253401657
-26.90041009789225,-27.778815021434962,-27.232729741486374
-17.510917686938686,-30.46179564778623,-14.480462044137367
-29.344880976990385,-28.21406985428545,-29.67923017287121
-20.37846095564106,-24.245781189758787,-17.207827468889963
-21.303650834235004,-29.03110923046108,-21.019731758602674
-25.95691223447806,-32.68765234575377,-26.18201324200589
-24.506662538387094,-30.084993953919923,-26.28909532429774
-23.05808949457587,-24.990137861565227,-21.784017081905333
-32.11552993722379,-33.35852938757132,-37.20138715687226
-24.477520867360106,-27.673566708714045,-27.816731393184416
-21.07587423850779,-29.60195070796531,-18.943967835627284
-26.38740993349636,-29.433344011720543,-27.391017607844088
-23.150061177837145,-29.990771651533578,-19.7333793559381
-26.662756326739768,-28.381211648231535,-24.99203973874696
-13.162971747414586,-23.451768396971385,-12.168100713059719
-17.51771649529271,-29.11727575624521,-14.189465455671128
-20.80712235557897,-23.463527263479406,-20.753826908954117
-13.619561721601235,-24.274393463729663,-11.218819137893295
-20.58394206338649,-29.20485473810944,-18.871931470962963
-24.951353060381848,-28.80079079465355,-27.17465241473802
-25.6617597526613,-27.881234263921716,-26.288265242726048
-16.93903589986123,-22.94003986769002,-14.585674787927847
-22.46195863197685,-27.57519155391681,-19.87835651690905
-21.611845109088016,-27.474068983694945,-18.51929027736336
-16.77974679971757,-27.21219282555712,-14.907474434595665
-20.298435794826432,-25.98762119111047,-19.11822745391621
-21.025343091882405,-28.239394280759132,-21.24123839828156
-23.221575443426527,-27.648650281775936,-28.508836147578304
-25.28300179466713,-26.88773713814943,-27.812650330440317
-16.17427048929591,-26.062872842385374,-10.997559380944754
-24.91005791505128,-29.304849219491757,-25.751075769137728
-14.895413229974396,-22.678809625112144,-14.673662860915366
-28.343676849705176,-28.836308597189905,-35.21327888905609
-16.988900277527023,-26.117874386288573,-14.938659717680386
-33.72370311394476,-28.6242470765684,-39.25994261782442
-22.803579015220826,-27.768229023165585,-23.795290699112687
-31.962123247592377,-31.31723229900032,-37.22039333686986
-21.399972846749108,-27.123795554789385,-23.694034240260795
-23.087359812253705,-29.97517845662671,-21.95241258336059
-24.652867873424338,-28.32635831322686,-25.761813718281246
-23.339950009950662,-26.691376122394036,-24.248128109967887
-20.605627359623536,-25.33372468401012,-18.54684101503744
-20.05894162347027,-27.402778296636107,-22.24713578271904
-15.318811877853552,-24.194186938750835,-11.197237235111592
-17.839644963890997,-26.39566613106491,-15.942687226820244
-24.006103918954995,-29.025693863436974,-26.089470728146672
-20.50542372725086,-27.954088803256656,-21.03920434822938
-19.796319144873635,-26.559947386606385,-19.338566241512776
-20.81248715800394,-32.74542806737473,-19.955795063421554
-23.61193366736115,-29.971826216904148,-28.86362902530618
-19.611906068223483,-26.53824624096871,-17.426189413696317
-23.708139239231986,-30.77078071629339,-23.89564455394827
-21.284757473095887,-27.28399465387417,-22.29202840154201
-30.06975562585904,-29.167829118715364,-30.840650539028246
-28.377292065709184,-23.170140579154896,-35.785057259523704
-19.602580048151673,-24.45095074518155,-19.884671651806283
-14.454042276854938,-25.75306446728492,-11.738143499321056
-23.71690679561501,-29.32896084036911,-25.921136110088316
-22.042391674316903,-25.687250948010025,-22.5177277767368
-24.622076099478697,-29.330527166188336,-23.410951833049225
-17.294943646904425,-27.5413790299586,-13.223086529512354
-29.20748286155326,-26.559104485434194,-34.44923020059504
-26.23813800710204,-28.497151142940968,-28.85774135680087
-32.28985781802929,-30.81473162985304,-35.905026488362964
-31.505103368644708,-27.65697181930124,-31.39356260607747
-22.445675764713435,-23.30547577910949,-27.187403896963563
-19.53957272163621,-26.23508834705452,-26.504193893872177
-20.69618415582866,-27.806634515501194,-17.59623293181176
-21.602006350097206,-27.149772908227856,-23.71572997003606
-17.971094546841865,-25.498133710265044,-15.76738510593021
-20.40449512592558,-25.909375803153157,-17.857596508215362
-25.5798651577627,-29.932174920496703,-25.99906294180954
-25.370985672543902,-30.24498777973933,-27.21974471521246
-27.21046932750165,-27.99660664733615,-28.445416202177135
-18.49083826572817,-29.39653199073126,-17.15711242638705
-22.307338216327768,-27.970888528117314,-21.961260554308854
-28.770969706353306,-26.335991475432806,-34.66500958075127
-24.042208401843716,-29.294965463646946,-25.927105907505332
-18.22239822184329,-27.773124460589916,-19.018910711056293
-23.482390974985975,-24.948184943053132,-24.401200775643158
-21.33661546356479,-26.202374993605005,-18.18302853787375
-30.701106501315316,-30.143388500599723,-32.91718881819493
-18.084029858575345,-26.139763493251248,-16.413530033264802
-25.148794400702535,-31.988048659266582,-27.427849514118954
-30.129906689316517,-28.709746021906756,-36.1995459018597
-15.973200364420888,-22.550645602812644,-13.189589066574781
-20.325307049390624,-26.93079796769643,-22.57460241690839
-19.759563833748093,-23.03828268243634,-19.13154330622451
-26.689830599168026,-26.719467502939388,-30.26169173155897
-26.71877396067479,-27.189895260172232,-33.89616598341834
-24.794532634899337,-26.08693340970444,-26.635608018052864
-19.99150087139208,-24.73799151268029,-19.93695378742741
-17.49520197813744,-25.00264647301383,-17.6079511479876
-18.43277259101776,-27.404525909743644,-17.46541671536615
-24.368752701964986,-27.279270054271024,-28.255922521856053
-29.54639747732052,-29.986649090131046,-33.134558505700845
-23.110727971153267,-30.341777193725395,-24.821438181259207
-17.66151392104674,-27.56739847452013,-16.527239268261475
-12.365558246381257,-26.800207940604086,-10.126223878839319
-22.440559796508765,-29.01662347242907,-20.423061018738295
-20.73391636066813,-27.44587374417998,-20.398971539062067
-22.317163434604776,-28.537505161034137,-24.640730358849392
-27.496066953917513,-29.999599768681787,-27.0906499950093
-22.46791022065643,-25.638481884759912,-24.984263368131124
-14.604933466078629,-24.75438619936107,-12.319833363382719
-31.77628250653379,-31.18825827416935,-35.970780306737204
-19.96577420428627,-26.439997386177108,-18.58983635918413
-12.254505429311276,-25.86563676845732,-9.240023567730466
-23.521942413887647,-30.839550661543004,-24.883955381719844
-30.070905819418527,-30.712846033175396,-35.867729987782496
-26.04558285163179,-26.83204989641206,-27.33869424328715
-27.879922617655073,-29.288642141115492,-30.68358518665842
-23.05221767866363,-28.481091169619216,-23.241703336046697
-22.61254923760581,-25.507905584462257,-22.192399636418646
-20.233907226529954,-24.270166535084613,-22.088064273225818
-15.7901075623604,-24.041387183120158,-11.908997572517421
-24.656419832103715,-28.495021671171447,-27.258985966163287
-20.366892120620193,-25.901728842784838,-19.77914529783915
-24.170640592516094,-29.07771221840481,-22.659489433023747
-20.957013840353532,-26.487064337907736,-23.099609397585272
-23.518917282750024,-30.72383348815664,-23.270775042369742
-26.314530622013354,-29.06255351509844,-27.093276273785868
-20.642000777061575,-25.61061017201525,-20.565815411864676
-19.01001321278988,-27.85882715333009,-17.538191036390103
-30.77790440679027,-31.654496197680828,-32.108806023287464
-18.452808197516816,-26.064828216522468,-17.594738647549825
-19.1256646905604,-27.183232250705974,-24.23957147882697
-14.686019637906275,-24.44460248588774,-12.983143346596645
-17.11557186192293,-27.917259904758662,-15.7753314508028
-19.827015080236205,-28.564594862245322,-18.215542635949063
-17.62415785531596,-25.665250846892597,-13.65479597580052
-14.557334256148485,-26.826681564214702,-11.410342991698446
-18.426419037582697,-28.176131292904856,-17.09371257196992
-27.193825880307433,-27.587742877036966,-30.68412351592626
-24.50306360854124,-27.95328744552904,-26.083344050237635
-20.33937893630381,-28.37911536461989,-20.76023183335309
-20.903742828973897,-28.06060457790406,-22.501579054289532
-23.89816165453475,-29.041864312178642,-23.269889867154795
-14.921074035829763,-27.421801020813295,-12.247031931845054
-21.870364562281864,-29.009901272798526,-22.392459913901455
-40.00824844886059,-29.39460984488829,-51.35825109978369
-30.134010051813853,-29.462958323951433,-36.69529113488296
-18.173105242576295,-25.299930322169114,-18.736451140438216
-27.50783971534673,-31.95081592270359,-31.142754840867482
-26.962144075486048,-30.683408199869348,-25.690070142641986
-37.12353290174363,-30.643220520736488,-44.65131610100142
-15.136940106794723,-24.087453567245117,-12.19330984403072
-26.782414239830484,-27.87371276409772,-28.618080755097793
-17.243978467343826,-30.418618235121347,-15.708788772400132
-26.025669731897292,-28.415479470679895,-24.736598161053585
-23.27944138842624,-28.41492412088772,-23.897714842882237
-17.88423003811543,-24.51494305011719,-17.45416224738733
-19.45916375918773,-29.867340362548784,-29.946005146982703
-22.317842095853656,-30.395366996300645,-20.83971009951715
-27.092178242828325,-28.50012862877672,-30.202631125680035
-24.922330088303237,-28.165947149739804,-26.232057600353276
-13.611982095329695,-23.27683967892324,-11.614397461631915
-22.751828867149094,-27.464985100984915,-22.505720012758108
-26.00246608966296,-29.098654447049224,-26.256545187475684
-27.14644207551226,-29.449959193054237,-29.432201185992408
-27.30806651439598,-27.110657661270988,-31.56401097768332
-19.443979613244114,-28.943285816084874,-16.600062641829044
-23.45041943582702,-25.620143757678388,-24.04300947398777
-21.872862006170408,-29.316823678020775,-18.351524806482743
-19.3093069383254,-24.875379889174738,-17.5004393095587
-23.166963398623572,-27.53228747829948,-27.890244534994945
-23.188325729362717,-26.542103562161863,-24.628681273528688
-16.266154440821214,-26.661667859859914,-14.533404222805077
-26.098835793561875,-29.752216265189674,-27.328512716546886
-16.747974322306625,-25.947348516016223,-16.747671323971932
-18.98008533786338,-24.601880176172173,-20.414923284942137
-23.054256242010577,-27.43949957593676,-24.94738068291903
-19.468581036121552,-27.840816202892846,-18.682395828195883
-25.479704060594933,-29.279069016093434,-24.359500099466313
-24.640156235962216,-28.08054206576283,-28.72964173665025
-26.389034184079343,-27.98280411043906,-27.671043244133497
-21.06629600276679,-25.802605458654323,-19.006461793941334
-17.822850350039985,-24.17309968570761,-15.894660711232145
-14.768436883690176,-25.35302980869475,-13.649173446549772
-21.295544083769876,-28.913397105357994,-18.511162568155264
-30.63485584730206,-28.360672894540116,-34.90668521785732
-24.68365895020425,-29.185853508407675,-35.462928696407324
-24.739980557013958,-26.81222778735827,-27.119663294603473
-23.159927912587136,-28.588209410661722,-23.43450925429509
-26.43725458996652,-28.87161759784214,-28.601550862492985
-26.01028725483568,-27.069310994253403,-29.695496607205857
-22.44599983423224,-25.309662288844898,-23.262937290817277
-25.580683191994904,-28.64144027935005,-24.72191395714222
-21.830096312553486,-32.51913009588896,-22.52282331335638
-29.346805029174764,-27.974894506747855,-32.0401186673744
-28.827387822138913,-28.76744892297135,-35.89263450747123
-23.0723635066708,-25.504739526174056,-26.594459893762263
-17.302829653646384,-30.297478582162885,-16.209744849533624
-19.93796533304178,-28.257148726813266,-15.893593809596634
-26.220716917522253,-27.660964462312798,-28.617199988839893
-26.654055379452863,-27.110754369146985,-28.03627510992718
-26.511143327316947,-27.153728414205393,-27.529614505524048
-25.80344419074836,-28.852631024107172,-26.506034763654277
-25.798263135483346,-28.884748329720413,-26.646480975497425
-22.348092219690816,-27.83537428619305,-21.3497288788585
-27.30491040546285,-30.07547966858187,-27.521936836286844
-29.450209183287395,-29.997359296390805,-33.47794406370539
-21.548114515077682,-26.843857012577494,-19.27299746733299
-19.179121442210317,-24.628818014544315,-18.59299465805351
-28.771730485244216,-28.061764388255764,-33.49907030117681
-20.207599086365533,-29.307013831231558,-20.826039753897664
-18.794021021943035,-28.969998360475206,-17.376729207176062
-25.625507634243355,-30.15977667012158,-25.79573623171801
-23.376240811823823,-26.79022250275128,-24.655552807824286
-23.340596711783515,-28.425330096701337,-24.8529039628409
-19.72365326921556,-26.037109396728287,-18.17608232253399
-18.399687844783685,-28.0580506718458,-19.072558386536894
-24.46520128478118,-28.499159704126097,-24.08728585134894
-20.590543521515045,-26.842815508800083,-22.52640097883945
-24.52690074298861,-26.324346085550445,-23.401227378716833
-20.46150148838102,-29.93536881263223,-17.665729095125545
-17.93391940035023,-26.312989362114582,-16.102660804480625
-27.476774320330577,-25.65546094044836,-34.028616448828934
-24.641252248356714,-29.48560033477561,-24.710616098997896
-18.52542353541979,-25.95078953985699,-17.21403037276769
-21.108002187334336,-25.410613895762314,-19.762137065980863
-32.717123114016466,-21.394189721829676,-39.25901611610915
-20.490597945018425,-27.558287867536286,-19.484584946323327
-25.53239788899988,-27.230979765372926,-25.389506000393578
-19.82087000126731,-22.582163912462953,-18.334694458891533
-17.93716465964364,-24.788672608921942,-16.199899526537376
-20.538428257961204,-26.54180758289054,-16.794665800447927
-18.947135345029427,-24.399270077233865,-19.97324650538654
-19.334810546834866,-26.2115419275648,-13.927548522541978
-22.244407757519607,-26.9806772837203,-21.30733245072898
-23.989902153956255,-30.943163915330846,-27.904324562494985
-21.279015266692547,-26.03354876108868,-20.21799535629044
-21.968040201056752,-30.365664525781337,-22.914323823010722
-20.569630719071302,-28.50376473123405,-17.894639730494625
-27.731279737235905,-29.742051833248745,-31.225052006181084
-19.985287541729946,-26.622280619705005,-19.47653147606639
-25.24170228861197,-30.378469992979966,-25.105267568218125
-23.420297244840338,-28.97304986204679,-22.535105315466478
-16.75288790017326,-27.71029502173803,-16.806176359583432
-17.70382196518943,-26.192244885900887,-15.231133668275001
-14.039181925000499,-25.640968595615124,-12.170021638747766
-22.219834114960943,-26.375578240406657,-23.281940492697696
-22.580697213583832,-25.933822527725923,-20.65242434633447
-20.06597341076706,-25.538441480727172,-20.7096155346762
-16.964147001181086,-29.817055062805462,-16.5855298650484
-15.07093855544962,-26.143513390005353,-13.517929409332323
-18.57073710492757,-23.80158358179438,-19.9071653371499
-20.096465791899586,-29.672315443119363,-20.03998113483993
-17.239326150032266,-27.163721030508945,-17.477682290181853
-23.192516444021077,-23.54938913601919,-22.842879487411142
-18.20110991666456,-26.969216198443338,-17.781395338171112
-23.141722600764254,-24.168212606329526,-24.891873394033702
-23.641369680694684,-25.753475124185048,-25.72577265878453
-16.97259744265502,-31.141334357062256,-14.445820393324492
-36.547302615503426,-29.010870050092997,-45.23655091808766
-27.103385855713483,-28.376861684103776,-32.16978569348619
-23.254280386025574,-26.96366299249199,-25.34557392287062
-27.26428880980041,-27.507522216774323,-30.35479641073246
-20.55830792952534,-23.231335669195097,-24.784490947343475
-24.25847767309322,-27.95467145901191,-25.604831989720978
-21.06064368722667,-25.81696819834154,-20.000507214827508
-18.983654011986193,-27.944145952388904,-17.39843236259704
-25.443886587022362,-26.73835453161142,-31.58098274668643
-27.98943087981379,-28.60173748667217,-28.78928893740186
-19.790683934783466,-27.890508602680903,-17.253811566322213
-20.615687479945983,-27.542952174804594,-17.44291858903729
-29.352519733173935,-30.696604399511624,-35.79518541273138
-19.842123777025805,-27.35383148537736,-20.35594748925852
-25.998419484823085,-26.21474165720684,-32.29109867041879
-22.674786678933543,-30.661217456553732,-23.66557334183208
-20.25922283401935,-27.856801548653483,-19.32372992202322
-25.468032738087206,-28.850482652759407,-24.010946914754534
-19.159523799274602,-28.45112350709972,-19.567583660183743
-19.714704789351828,-26.391394674990842,-16.919582943974003
-27.520768306752835,-32.08929075026945,-28.766170504390015
-22.73095439551665,-28.454139412940886,-27.360426552401126
-24.624695026636832,-30.362990210931716,-26.293540041430436
-23.07312815307525,-30.230785829461457,-27.2639226396693
-17.025943278860552,-27.928522355898775,-14.83643932199906
-20.547304771071,-23.83765952955119,-20.142400113962214
-25.354543822870184,-29.45622300531981,-23.51995753475455
-21.8298857208066,-27.92019357671561,-18.912854783111925
-20.16396556666829,-27.900495323479447,-20.818880042383867
-29.363466730641967,-27.881499448383025,-31.184826256434004
-18.362370180338957,-24.031905493842327,-16.322518409742838
-11.001770976899968,-23.990663460763564,-5.684919294371487
-19.55310121873765,-27.41166755669314,-19.65401522070342
-20.20284793940008,-26.122371695703833,-20.72799205382614
-15.67581227445002,-25.758759718447017,-12.483412191051963
-30.694537714579717,-27.427124193564293,-33.9154253289059
-20.500219082413047,-25.51625339771089,-19.863059388561116
-17.10918844399365,-27.188442018141853,-14.265894302162902
-17.188793489635472,-23.447235305965112,-24.92112758528235
-19.801688738334427,-26.234465343516483,-21.627106390593955
-22.1403406883978,-30.181446540750745,-21.53435193482606
-26.109239849268477,-29.172190377197953,-26.728064964909535
-24.204252851324163,-25.176729799964622,-28.054750087840155
-22.725956842929467,-26.295221149056342,-25.12441762021243
-20.96684660235534,-25.843245103467513,-23.904283737781217
-22.806232329912874,-29.77187442510789,-24.564276018017953
-25.45453763552307,-28.309350545629687,-35.66642680392272
-20.67134626158331,-25.9406407191461,-18.659983338806995
-28.078301318590626,-26.695855560258156,-32.50779567712054
-22.15417888256632,-24.757468041537948,-21.473596130121173
-19.707800637899666,-27.436885229545684,-19.021115329992337
-20.70328619714342,-26.164263461415175,-25.691609295459404
-28.06721180807439,-31.041966496518775,-30.737088653679304
-18.212633295186276,-27.206560049292435,-19.963005151154217
-31.807331123966996,-29.17575773756999,-39.7246364949256
-25.02235916120205,-29.502646710690296,-27.283757542672237
-21.397305190140635,-25.94608024932613,-19.9760156020045
-22.707690989441662,-29.464035250015154,-22.85453123366216
-22.409231370685532,-30.694002960698043,-20.935640996436067
-27.167259479361615,-28.676621999458952,-27.521460941749506
-32.729070374314325,-26.983528036711075,-39.045118023365625
-24.936466791208325,-30.09525784277368,-25.28990181773809
-22.368914926514762,-31.368547063999635,-20.349229970432525
-24.043465605230516,-27.300374543766647,-25.524461729333215
-22.677723777493604,-30.365460697266137,-24.897230814974833
-16.585247499817832,-27.192376585452486,-14.792917786184782
-28.52073631376508,-28.3005953623373,-34.48732620841218
-23.61303179685965,-27.617600302774424,-26.230408165592447
-21.419737309335545,-24.803705097149507,-22.18705370751368
-28.909331154296826,-29.680173424121385,-40.21615920383729
-24.458556787632137,-28.06966847157232,-24.52531504130927
-18.234613482006672,-25.336499463497354,-19.42057194755876
-25.43618310786743,-27.735277311056592,-25.244323345652468
-26.138022257150997,-27.615811522391848,-28.08206213208581
-23.586640140850886,-27.42243664793749,-24.21594485284488
-23.470143950984955,-26.11738255392886,-23.567246548555154
-21.721069848729655,-25.74800257265552,-22.17953258488009
-23.958923856181276,-23.591716144985643,-28.87002825894004
-20.452816622046054,-26.830010498945356,-20.555729373421407
-28.955854313800693,-30.574947102022175,-35.41964705834985
-32.362560873515314,-29.721902775067424,-36.018903195758206
-17.97721772292286,-26.295898177511972,-17.11830043344493
-26.28720861260371,-28.26465496533649,-28.678677585949217
-16.480773910357435,-24.892524960071864,-15.6350369904191
-32.35445349522368,-27.222032553723242,-39.88353346810142
-21.761996668982107,-24.694157990460543,-22.884886007718322
-14.383599091304104,-24.410811818968018,-13.723490233158772
-20.082546638139288,-27.67832537005357,-19.476564330857908
-18.632874937263747,-29.396312348996698,-18.833829268470712
-22.559042419970286,-29.60074229880257,-22.38845515537572
-19.11681381893383,-26.865813554187223,-16.15044791528445
-21.39070913560876,-30.353714826548817,-19.17895813948481
-31.380864990919097,-30.112567774666502,-37.188045547848716
-19.659415714106327,-28.6153146545439,-17.412590208559816
-27.467922314299877,-30.87154520255738,-28.181123674275163
-22.248076966856317,-29.0193505502952,-25.33153050503146
-27.6795165677684,-27.964657977972294,-28.64623408840686
-23.792636489146958,-31.389488645417206,-32.531477140200074
-21.79556590691986,-30.83409279664313,-19.254511634187224
-26.593273511667196,-31.92422061791168,-26.136655156893667
-24.390297378361968,-26.018099138397584,-25.10041220686017
-29.88690840227755,-26.8631768830331,-37.57504208448056
-16.286368535710345,-26.81807034714047,-16.214724338296545
-25.71317294049532,-26.064304520403557,-26.35075055116901
-25.2534468675353,-30.426774354930668,-32.02849134648365
-19.259720340003803,-28.293446054885738,-17.388993262040845
-32.2907974841497,-28.514858983555065,-39.039461796201635
-29.62144650055095,-27.42441428708496,-34.331988272073666
-25.71133264576564,-30.680551216040378,-24.968310090220026
-31.0565970443304,-30.37173316793599,-37.93594505400597
-17.57094601450795,-27.195702231064388,-18.655266498416204
-27.76561442909035,-28.490626788649102,-30.06003466392306
-22.9452651605785,-26.387825989368466,-24.138933453851575
-19.80408638606486,-26.9783587939498,-25.70265260233152
-29.068004899650628,-31.50343898988234,-29.919098614288906
-26.67013280360003,-27.407515223756423,-26.699428093557017
-23.027955182661003,-29.426738780282445,-19.67031761292892
-26.868990682296463,-30.3468863554945,-28.479538682602076
-29.395146964996243,-30.54234439275125,-32.9773956603313
-24.214642728900515,-27.300550119626994,-29.711249602314595
-25.12308894910095,-28.95201503074779,-25.47616645475349
-28.15636264515031,-28.699828306573252,-30.592676760339085
-20.372190376031842,-25.94341598134001,-18.63100440040167
-19.97821737528179,-28.562954604438445,-19.303851313226765
-16.97240438559902,-24.493885092817685,-14.911115671098928
-17.981645025826538,-29.226965511681495,-18.9440155688217
-21.02963829365692,-29.74377693860566,-19.17233009010908
-30.088667173911762,-30.899580443218703,-33.5311723689337
-29.911173745512237,-31.38768536124869,-32.30422993814442
-25.620156554911052,-26.92655602600704,-25.28668199479838
-31.37538496757044,-30.279297635137958,-34.96336474171849
-29.545163323862145,-28.531711325273093,-34.167784969574846
-31.90139316166349,-31.394397721323102,-36.556414076721495
-29.562768884293313,-31.02049988649199,-33.14837329609445
-22.534878845786995,-29.108166737839177,-20.511366257099404
-30.038744593884847,-30.378570303355556,-32.97206418697837
-25.589974227100225,-29.72588657334269,-25.667477280107033
-24.520525245612077,-27.813741172803613,-25.674099432529953
-16.067175416381243,-25.42137077016267,-13.485127923305495
-20.307679391016645,-27.655780557444334,-21.880990864527796
-21.124364545063173,-28.461631112479402,-20.472600186278548
-18.871312620220856,-30.36973418235206,-16.23501210193911
-23.37501917059587,-29.493214469002883,-21.443942833070313
-24.129445551267867,-27.18193769381973,-26.360511624953926
-16.705371831542905,-26.361205418449277,-12.575158216218112
-18.849349325011264,-25.340529433196103,-16.80047948162325
-24.226126034876856,-29.650085506526302,-24.806272642379557
-17.523403585560008,-26.21957989433604,-16.483667766164697
-14.053653428800384,-25.426472988004473,-11.104511430381194
-29.476994767031382,-29.864470125234853,-30.14672355183018
-30.727579522920873,-34.594197652717625,-37.61523601098518
-16.96512172066007,-27.156543284914267,-15.89532793144361
-16.90739397959503,-30.05910949790032,-19.094295652216804
-15.06093533577258,-20.75574898671419,-19.00083319361257
-23.890499471508626,-29.473585572857115,-27.02824678242121
-19.9302427199332,-28.133255098387295,-19.877838512603063
-27.426849229797515,-28.447890737391408,-31.535481991899466
-25.046442396327162,-25.279004981440494,-27.918554496592172
-28.506659076409075,-26.949357145440487,-34.05681592082109
-17.96025798791629,-25.834565226135595,-14.945916810608415
-15.604838829206912,-25.189883564542285,-13.05704745704613
-26.082337518764167,-27.114479553916116,-25.45714208034979
-29.015814195052908,-27.408304567444663,-35.590800146363335
-29.886289573625653,-32.83090018294986,-34.15304344736025
-21.126594619596812,-26.197237095985123,-22.022255662673324
-19.921178074793993,-31.142529130085073,-27.608486736577852
-15.671448861334447,-27.785131416039967,-10.940550859630543
-24.489704205791114,-29.711031721923217,-28.346769080351212
-21.329326628373696,-25.906832874085385,-20.43951062655937
-25.631108647567117,-28.537786036446203,-26.49136120432125
-18.565298291582092,-25.64996906690628,-16.799929653151388
-22.06301512617726,-25.864050341585155,-22.694760187754873
-22.229221370065076,-29.287887230821394,-21.137650366011965
-21.178267345379926,-29.666641943045292,-19.48554401188406
-25.37938681231522,-25.700641182538188,-26.04783004688031
-23.94364590421571,-28.09663185078761,-24.73845060770093
-18.742566719279512,-26.66189678664198,-14.668659150350353
-22.83208951626921,-29.130842913394314,-21.988293979804283
-28.02490347197237,-28.651796160160707,-30.063832380315798
-21.318226043607044,-29.47734022962567,-21.01077783166877
-21.236633014639274,-26.734653185216338,-22.3281371347704
-26.155870756975364,-26.264462453685667,-28.02475453640895
-23.445544351089907,-31.479054450926238,-24.635639753942215
-17.09386563454709,-27.31969522089604,-15.565745803068825
-22.135543602371722,-28.232360356474576,-23.093931887274465
-24.70214643697815,-28.030670443288027,-24.13180019845311
-23.254371960586,-27.654912190896134,-23.42909071673439
-26.29940750501277,-25.54426885047866,-28.706675402712772
-22.072317744686337,-30.08306532313121,-22.82555808053817
-20.36344405367855,-25.066178722951044,-19.674406444346495
-17.07804328546236,-24.470818761456627,-14.287107925964802
-20.854165104035697,-29.126128092923878,-22.765240024077425
-18.602057330833443,-27.684420765183884,-18.527967717767286
-20.678279942394358,-27.92306062294996,-20.670729618120372
-25.864555232494542,-27.4976383083494,-27.19915641760474
-17.166052013489775,-26.503947310323003,-15.324529103941769
-26.74431424961821,-28.580683122185476,-29.824762915041035
-24.399679920346337,-29.34325381363615,-24.489787221145264
-21.100969226796828,-27.5581397622612,-21.1063563978615
-26.345067101217484,-28.449666810833072,-30.084392939114874
-24.871543870281297,-23.70748824298444,-25.816069780932303
-26.212351814392548,-30.789510240881263,-27.964105270377868
-21.444215737409703,-28.99399758418621,-31.809678167231255
-17.873260257324855,-26.77468353415267,-15.644677884274435
-21.297619797796656,-27.790779114274155,-20.224321769081588
-19.547557064523968,-26.163803013341017,-18.228786881101012
-18.09203490571085,-30.51492067184287,-17.860302673462304
-21.379284813804215,-28.660215838105515,-21.607693096440155
-28.354244336706433,-25.791335142206147,-36.288542221526406
-17.805884701557357,-29.341356127456823,-14.7533872110634
-29.159304793844456,-30.245091770873945,-33.77456777313659
-16.59298038236499,-23.775628368458158,-17.54943393051743
-26.417944366375973,-29.243211945566177,-28.926437381901902
-23.064228737444235,-29.866653684427014,-18.366915709157997
-29.140897991574732,-29.112954020365866,-29.836816613735163
-27.356401161790657,-29.43233751730954,-32.34781905665705
-29.183291178593677,-28.39563849002916,-33.6613129720384
-22.14182690054269,-28.748778209505126,-20.915617955721736
-26.66321599256732,-31.224752881750288,-30.21111818763728
-14.707635537464222,-28.470908741539546,-12.107933661623687
-28.270645003822917,-24.901045455441977,-32.18002180212592
-22.439552174866556,-29.358594841296867,-21.092682214428784
-28.348591558798006,-25.72502906606533,-29.641924227881088
-19.44537333815237,-31.0595967851416,-14.924179967286328
-25.59432492177029,-30.83553734540586,-25.099168789627726
-24.67741967033287,-23.997920936414474,-29.776091127479088
-25.87712931397668,-31.327516532470174,-24.329782120914217
-36.22893547069894,-34.899293471811205,-54.8203846294007
-18.653953743780733,-26.58247187685499,-16.738783728399643
-15.589616951062915,-25.934268676316368,-14.126087324556298
-33.17437199430906,-30.633075105327542,-42.513830166360435
-22.76039527239543,-29.85848444940987,-23.778312648806235
-25.29174266664349,-30.43086061762919,-24.259915565249308
-27.688276234059416,-29.786080683601703,-27.36966953893828
-16.781725940186234,-24.236426186724305,-17.765418723202306
-19.58398286885099,-26.45711539989065,-18.246462197229324
-12.364217025216043,-24.24448546227531,-10.524227423017182
-23.060913794455992,-25.548168480839966,-26.070575619620183
-29.97688980031654,-30.211160370215385,-30.87149792881575
-21.187669632852433,-28.851740971680304,-23.701194529960528
-26.12339569327667,-28.259755017809933,-28.48689979301906
-20.093225101020515,-26.34023580585301,-16.95865556658665
-20.603738181625516,-28.0083503174323,-21.70671259144445
-19.10220418398774,-25.25011223687912,-19.693306873965263
-25.988923543262267,-30.044268560601036,-31.682384938377073
-30.60729033298022,-30.538415282862324,-46.36793583224229
-34.5008324991733,-35.58580065716396,-45.31013645150512
-25.244366463941656,-29.452099203552493,-25.651899146663787
-25.2394712936429,-27.14685825817993,-26.613809976015585
-24.29812383750456,-30.81456580572823,-25.68840384288352
-19.960365127425728,-27.554342460158054,-21.35385147275586
-18.188702611221235,-28.230964958571175,-14.581519072864337
-24.035237773772913,-25.96278766775292,-26.825139292729986
-24.036210310496717,-29.22869731341011,-25.38429475987565
-25.638951993649894,-29.354370293090508,-26.664532134989418
-28.65436234983553,-29.270207335086543,-28.847425698417943
-24.020643542602883,-28.285434932610638,-25.48610825609245
-18.955138240997154,-25.879375516405958,-15.883977053263253
-17.11720947780406,-24.170010286660457,-17.664302856415542
-25.869839714830114,-30.989175100232938,-24.083591223887158
-26.469057800202798,-27.641375103612173,-27.666661453066315
-19.06830038923511,-23.94738921683164,-18.63722222838637
-24.12960449137299,-31.874285428351907,-31.698140632197045
-34.94325700462721,-30.010289149810315,-40.32244670972482
-26.91464294827681,-28.646178200164805,-28.6037314812481
-19.190645427423245,-29.514433500632244,-17.39031084059569
-22.775447519140446,-30.60648077384131,-21.756961452151355
-16.185071853052005,-28.545732120066297,-13.037911071775795
-22.152787896846053,-29.765475010510897,-23.29695922979881
-24.898309161952085,-26.953112113670663,-32.11081932764498
-23.28347852798198,-28.16198421311803,-23.24442111522745
-17.89768603830061,-25.975137419017443,-14.326635059856422
-33.733017554068375,-30.832447031903804,-39.22472934419566
-23.30432203935478,-27.457058338954305,-23.342016872666374
-19.477051276634437,-29.756755224675537,-18.703239217051216
-30.427721525449005,-30.18188266777676,-32.918766559378525
-29.24047419932337,-27.977211854721418,-37.41913673685478
-15.538135880087577,-24.454908998027765,-12.490486545273189
-15.763737532028781,-26.021409352191274,-14.447239211974772
-25.345474817161968,-24.89185895149731,-29.697146668513138
-27.32883408463571,-33.84278015763754,-31.05465747723456
-32.95238912634579,-34.02708690921256,-49.307036597130384
-23.09352044852655,-28.181248074801935,-24.51411625093391
-22.137674713438923,-26.680219201561588,-22.132680817620404
-18.18215071195964,-28.739628131696254,-18.888364527219508
-29.77152508234878,-27.925332977404995,-35.086993657821
-21.793636518594674,-27.664181499748086,-20.857969286110865
-22.97776623646329,-27.68648391372779,-26.529811461174642
-24.057517220720843,-29.31047731528102,-24.98077076418299
-31.957750741889573,-29.090784795900035,-37.74590450268961
-29.00787079547033,-33.48179428335105,-40.72937608603861
-22.477511715793426,-25.125913216219388,-27.729802476190397
-21.09749255466416,-28.048614905705314,-21.20200750336524
-19.739707321907257,-30.875551841993087,-17.122337055314794
-20.082989934341228,-28.890718548673096,-18.240240567531483
-20.464767876266528,-25.08613188086881,-19.504660371017223
-23.959964887675174,-29.994956108319318,-28.85456525061747
-21.59770359315739,-29.92782411550491,-19.62631357109055
-27.866579902461183,-27.22941311645887,-28.294901766958212
-29.30005625379796,-29.459585335572115,-34.85832535124188
-24.025892362834767,-27.873046376502586,-23.92442298236025
-29.196353846934553,-29.75301376949027,-37.15943837533124
-24.917993776609556,-25.753051662274544,-25.579715433191748
-24.76265308363307,-30.60019658102042,-26.976340841211464
-24.599000056742735,-26.290746932315443,-29.041513379278886
-19.411842195195916,-28.640346063276493,-17.12400727613233
-24.161993533021242,-28.269802117141275,-26.08873678205044
-21.043056538755298,-25.217269053142182,-20.829171801799156
-26.213400585633472,-26.336876935493223,-28.243790257662422
-18.777201118967206,-25.28292708981048,-18.399987537436065
-23.52505222628925,-26.616536175872884,-26.21277236918425
-24.685645805922334,-30.001980108856767,-24.893068786220553
-26.47192165721059,-28.283065003414748,-27.55429453640857
-24.821052931736546,-28.40396180303209,-25.619841040936
-29.894495566468933,-30.432432585872164,-40.01245453956047
-22.388588304249943,-28.063462950013584,-24.701317967088045
-34.06762926197944,-30.43348503214798,-40.16765244164147
-22.815415557651303,-28.482628378529558,-23.729127862266203
-23.59258758604158,-25.007066580041123,-24.728527198015712
-30.629737210325306,-27.21261520316144,-35.67480464616528
-23.046134395652945,-31.144726869668997,-23.58271575675596
-20.44152041542168,-28.801110446347334,-19.78728700150717
-15.925521026128983,-25.008442618958572,-12.379964448691858
-21.454031352761515,-27.420812136134536,-21.229150622914005
-22.692046467200303,-26.849121310079063,-18.37734843589398
-24.103050424862747,-27.42722683746149,-24.03861264448671
-23.99412131140415,-29.297424130631285,-24.005694468795532
-20.817911138280934,-23.667299061398364,-25.034393907419506
-18.890917647888095,-25.252507206315737,-15.632336031518578
-27.204417668397586,-27.700687280864237,-28.397406158647353
-21.34590572898462,-30.41264998585604,-20.44060509328989
-19.934077958404924,-25.923123009009814,-17.94791542786601
-26.634687714144544,-26.628070577585305,-35.77151235307522
-21.427540389263502,-30.041088740287766,-20.70415511274628
-26.06755746696486,-26.61522904086752,-27.303339155722718
-20.84062927901957,-30.501750548436505,-19.423509752876015
-32.26829533420951,-28.287901042843732,-37.18997472852629
-22.357173955382905,-28.128268058357307,-24.775009983337096
-28.903721343498916,-30.038002445434106,-36.10390751969152
-23.927783158074764,-28.073042464729145,-23.105127477623697
-21.811310103242374,-26.67958910862853,-25.407111714447776
-19.59383051341935,-24.457815920450365,-17.195163413695088
-27.394460259539123,-28.751482365417534,-27.796706800387618
-18.908115227561787,-29.03762724811,-17.119185137670403
-19.91219548538968,-30.086773192003974,-19.857569284419736
-27.98778422020533,-27.482544145863752,-36.8465944353048
-19.067658986603472,-27.069657638314816,-19.949837774397746
-17.83024889176022,-28.173827412120847,-17.739124282925875
-22.801565095720786,-29.686788514857973,-24.0411717160002
-27.866421317534066,-28.79148456984758,-30.319224688739443
-19.36851926263897,-26.70664425564402,-18.514406534026996
-20.02554042281692,-30.19438039763356,-19.849293291502534
-26.743875950947672,-25.44456168012604,-30.298912784654146
-24.429501566765463,-29.553600573319894,-23.45889675995565
-30.11963046374758,-31.78414004802198,-35.14767467012932
-25.255309577304743,-28.749344514307676,-26.547646340303913
-29.591469607265893,-30.93423997989338,-30.66960107412678
-28.218889132690443,-30.227442838039643,-29.046995652981185
-25.47387619517275,-30.53128563970968,-27.743884583501128
-18.661497489608333,-28.912361615619215,-17.877672917383837
-23.844932568008616,-27.78085224512666,-27.506605583558784
-26.076189336983113,-30.21783591458683,-30.818205394251134
-27.85175421738322,-31.0776861238415,-31.797070524718887
-21.73579545665147,-26.32875368078187,-20.44036166015268
-27.74447038198066,-28.389748642629574,-29.742747357423088
-26.33097771750287,-28.352487524808772,-26.122132817675617
-14.792347193985465,-25.986134327177062,-12.548191694618197
-17.855382973916086,-27.210566424510784,-16.537467321325916
-24.224167239267597,-28.881521311528523,-25.23439515578636
-24.45052845684946,-26.36624623208644,-26.396399822721392
-18.196373600467826,-27.026753840611157,-17.650604306642624
-12.15313146008056,-22.523933614754622,-13.518896503993124
-19.528306307303307,-27.100898772331867,-18.071545186977673
-17.264189426238303,-28.54555771485128,-14.220483413520075
-23.864049194612388,-29.552960058142695,-29.80542192543702
-20.156875290786935,-30.65005990832506,-18.471035001301733
-27.132601830813766,-31.09085608810506,-28.778790784825084
-27.625656051070436,-30.15731957518146,-30.429120656283214
-15.798092363387276,-28.05684305612199,-17.359687116065746
-24.092207527743387,-24.937757552197002,-26.622107324084926
-27.007808735339992,-29.654222745653758,-28.86621737810633
-18.006399412020297,-29.801552183087143,-16.965109492571962
-18.565559202407137,-28.320223408929543,-16.662025210636287
-27.6401981187306,-30.58899865766776,-27.207266169941704
-26.107666471135047,-27.378541691657023,-27.295733766510587
-27.61705079960724,-26.186767870113744,-32.36559654057902
-21.200180191384657,-32.09232781895072,-22.075309373083606
-21.49105658501049,-28.23690398242848,-21.77320547945406
-25.69680297089518,-26.377291646791864,-25.954831560784527
-26.22776973792445,-27.78842336992976,-28.378127765640524
-24.379160716777776,-26.654094619501286,-23.861241141561873
-24.532005096814874,-27.279509031848374,-23.962280374461606
-21.723600125612244,-25.04324825439571,-29.608248381591213
-15.88235932410428,-24.178533994261823,-12.926165670498053
-20.63997910913686,-30.763255034555648,-18.30691282290667
-27.915891520370614,-31.350291244494255,-34.120735693631694
-17.897766620836194,-26.340730124123954,-16.739716709255674
-31.19911956893708,-30.81740978031546,-34.23822810244998
-26.930250639611103,-30.532504831562974,-30.954808835550566
-25.072996234983215,-28.04418558681867,-26.00825934566345
-26.39917011682381,-26.819135800857236,-28.17838912098351
-26.389183143918885,-31.065926643861776,-26.271516581020254
-25.141479494423482,-27.67498767458347,-27.975818153646053
-19.998599559142523,-26.01082748541353,-20.577207189178825
-18.64118515508641,-27.514686691014813,-17.25735772631419
-23.506932213926856,-27.600906714678228,-25.04064058978623
-30.426672115672226,-26.37983347830615,-38.87062554721803
-19.845066931850962,-26.333292520161418,-24.526293457416177
-16.402698291703285,-24.936796278342097,-14.357362813181233
-19.047260619373343,-27.304540102300827,-19.42727958006285
-23.892007295519104,-30.553634351075974,-24.482413901098983
-23.036002794286674,-27.085765117986504,-25.541014454088113
-22.43215614651265,-27.128898468743976,-21.752102922597125
-28.459410842468916,-24.117369737248207,-33.53051715470187
-36.03906565526653,-29.10504997743263,-41.634032612346886
-18.81173147690214,-26.02801469667242,-15.486528524339153
-21.52110160005219,-25.59509365699603,-22.596522536165427
-30.89993722063847,-30.931784751043292,-33.86697118139959
-17.655076562521245,-26.66731182311528,-17.277091856032342
-20.715183658889668,-28.760056672652148,-17.892721864234723
-30.034987156652708,-29.434745334896153,-37.18990447904472
-22.669470321625518,-26.742039033105055,-21.66000488345051
-16.15943199173021,-27.604881913976822,-14.836659995921655
-35.04586481336788,-30.765206188635734,-43.56717789168635
-20.17137168205846,-27.96245939080479,-21.89227915524743
-26.83005403561126,-31.891221453388166,-26.65128660899227
-22.48842015648451,-27.288467827390303,-26.530689474016533
-23.25158364165598,-27.74376357235808,-22.952541857157726
-30.44512514127582,-26.041380555428947,-35.3629305840813
-27.059392413217385,-29.277793109541843,-27.704216721523203
-24.760509544556356,-27.057982050172228,-24.619705944329183
-21.852914027132183,-30.559360947757305,-23.177481933435182
-24.017263742028526,-27.68273730691104,-23.961362164468362
-15.284687159745866,-21.710641700538698,-15.598911278694949
-23.513613265773657,-27.950715715797152,-27.961187389475462
-23.458331315320894,-27.006334979414166,-23.657494033086024
-24.794938472762286,-27.233589764226863,-26.44930678065914
-29.84036243501985,-30.60424560158368,-32.80657016070377
-23.10137761166897,-27.211979571580788,-22.402760430389858
-24.040845503991626,-28.751204717232095,-23.541740491599995
-19.741112496855337,-24.323330123163906,-22.783298126486176
-28.80442170707792,-28.744775731391876,-33.63498427712587
-31.80995384311477,-28.466999884877627,-35.82385942243845
-30.78335911598589,-29.3057723609742,-35.3996179143709
-24.22879532186832,-30.956279990932146,-24.004167596176327
-27.101537744711454,-25.823299330668153,-29.653748725919165
-24.438830001740797,-26.96727887552136,-30.100302406710263
-18.488868913002847,-25.18232246248384,-17.33938859614595
-20.427531664568427,-26.178614241762403,-17.651839971207206
-29.002232108770837,-29.71582754905643,-31.624709386728334
-22.522732049422345,-26.20225564344812,-22.60641243412307
-23.22544908544719,-28.673509718578018,-22.436355466413417
-30.420987827049572,-28.60579895887296,-35.527909080144944
-26.560719719085764,-28.148261671093394,-23.426146906696
-26.698275685655766,-26.834933042155438,-29.123705280384726
-16.56198391053141,-26.455717934512144,-16.200990548593467
-24.779397709116456,-30.235814584283876,-27.636244706222197
-25.32075444061174,-27.580378337636837,-29.834532585825084
-20.65866445036229,-26.314129791626165,-19.215792359391596
-24.931299208552552,-25.218371598762754,-30.693938995294857
-25.570370538175517,-30.528959833311145,-27.971555173155732
-18.79543739128548,-29.86970467559798,-18.046973936874107
-28.85136640201172,-24.439925100486178,-34.102240023841134
-20.05079406846083,-27.79019394677384,-20.481476697820412
-17.561771721246345,-27.691215100340035,-13.8267608981037
-17.115489869973477,-27.303729507123016,-15.751811776524391
-23.66456841079864,-25.95565598724649,-30.498604355902128
-24.09181403628069,-27.00261950656839,-26.262069911882385
-18.176423979311075,-21.852050096032603,-19.282012904953998
-23.091279892422655,-29.298233041033196,-25.976037928254556
-29.338882475411673,-28.786861206256457,-32.158074478212576
-26.732875097480623,-30.93268848837784,-34.63529741646858
-28.130789919997078,-31.38430401146246,-30.204411069720365
-17.754080569341333,-24.248210624529218,-19.881190234514577
-20.615482108287825,-30.66270081751208,-17.806329313504513
-17.19182761173847,-25.835523017476877,-13.640083321219576
-19.291928085293037,-26.32298564374952,-22.799633983455948
-26.897531162553207,-28.947735200940556,-28.61011335184057
-16.848680693223052,-22.13625344974536,-14.525019805565108
-22.208055279929194,-27.914218697650433,-22.4884948151692
-28.203367041804984,-25.915189351054533,-36.01976825544939
-26.251177215406354,-30.09473163865618,-30.966796191278565
-25.907053301666505,-26.228191683875608,-26.287442326761976
-27.491966820926002,-31.41391725986025,-29.993900641897405
-19.263626017308518,-29.22202412523637,-23.703474625397114
-18.771347193008083,-27.3086128822565,-20.973109490383976
-28.884498256371614,-27.33536881114668,-34.42247890183136
-29.465093333720212,-29.890990267721378,-33.808342737910856
-31.710178415834143,-31.016433363976546,-37.27549032187675
-21.954718235266874,-24.477919278531896,-20.207891950086395
-23.609384376667485,-25.481794459184357,-23.948329316866122
-20.91443841516839,-28.637178527417245,-20.75340410922335
-23.472620335790765,-30.27614495505885,-24.18125935174409
-18.819985773009318,-21.984260706819242,-17.49129647124847
-22.244904890212208,-27.953032195610355,-25.509984885148654
-19.72213262411064,-25.1164903505626,-18.502597099328717
-18.48145942203436,-27.039064294635345,-20.07630215818808
-27.275731974753423,-29.17954121129225,-29.06971766721771
-29.185797909105474,-30.170087871109548,-34.05573623982541
-21.321200501162135,-27.295975266114397,-21.763213543251794
-27.614793258969424,-31.539890882950555,-31.954934900508853
-22.579958886671875,-27.411079986151307,-24.103333978216234
-18.42325286743022,-26.829752590108843,-18.03981818680862
-25.263172723587402,-27.98780988443104,-26.296576580558995
-24.482901673544763,-29.860532327993713,-23.66892282601553
-22.762965647769995,-29.235464591432144,-24.3059042478732
-19.3132173191169,-27.565979042062466,-19.224672500055117
-29.414396467383224,-30.280246798398142,-33.01704200005009
-19.488122444483313,-26.506949716460756,-16.855430610993686
-17.583424412731578,-27.947483498972165,-17.446354777479158
-21.906781850608045,-29.656385051582436,-20.95534229028986
-29.70504748218987,-30.60560923413084,-32.26200457915708
-27.016182740848976,-28.859176119927536,-25.64734557145842
-21.065122805610404,-26.979686289352227,-24.857447251702794
-16.33550742004195,-25.016034905099662,-12.006468027615078
-26.538692227279757,-30.347748950485474,-24.414696251798794
-20.590593776294803,-25.575380948398408,-20.106553159395297
-29.361255311285753,-31.132144891189963,-30.93941775463215
-21.50045842741336,-30.043028147943684,-18.508192124928794
-17.145012403906627,-27.189780060818638,-15.729473327921532
-24.360090798320833,-28.76184982755525,-27.444439769005854
-26.135544692178883,-30.974131156215314,-28.39553901206636
-28.081210125812586,-27.843803472251132,-29.650080412705435
-25.90839457224567,-28.84079844042006,-26.893376657558
-25.91559331256244,-31.196370063976822,-31.918370444892666
-20.99434603852171,-26.54216399595433,-22.36725384939074
-24.71937867194555,-25.594471381856387,-25.54642348901664
-19.442004422622993,-28.37010318587558,-20.07416540356525
-20.34174127751911,-26.340022584434056,-17.669613611561772
-23.11548696947487,-27.465723464070177,-21.908176991358083
-25.121001686909903,-29.564085258984544,-27.06881311196738
-14.315618484663396,-27.454764573830545,-9.855006782756822
-24.70543133937976,-29.093575656954044,-24.39255936224528
-25.44119019113328,-24.543818244552916,-28.826615953684147
-21.274009226874178,-28.388243876295107,-18.648338844528134
-25.923622138579468,-30.73072497425343,-27.014955567442655
-25.273233950671443,-32.36222675630432,-27.229720265439628
-23.4327646811805,-29.948676684982203,-25.201714137549832
-20.937037613677703,-28.668622056311435,-20.31707076190962
-23.186029227368547,-28.616892651314206,-24.267538527213784
-23.926758620560058,-29.97342417875876,-25.61842731643438
-17.63848383299868,-26.686349881302327,-15.714409602800533
-20.878605299227466,-26.818991160080515,-20.25521651534115
-19.146528866844445,-26.908010945279255,-18.463733789032645
-21.645560851864662,-29.655161051339125,-21.507614930718344
-20.52792008366594,-27.103385691459913,-19.86071430665966
-24.780127686033513,-27.53811576329708,-27.50620443367664
-15.091550203498029,-27.00618740292428,-11.776534658205462
-21.7130508352656,-23.463945061177228,-21.710388910373148
-27.87241867365485,-30.31218134614114,-29.016415417341637
-31.94223497927544,-33.347566091808005,-44.7698318446167
-25.107691017466774,-28.163503443467434,-25.468777801644016
-19.59454394336078,-25.20098770990437,-18.35231323509141
-21.50666031806056,-29.26333495118689,-19.80956575490406
-27.19563053269282,-30.078471282655986,-27.225207449641694
-33.1671419049891,-27.643583945975813,-48.48496680510722
-20.840383024885472,-26.924562460591094,-18.963897477589715
-16.383702267755734,-28.990784539546773,-14.771900237368977
-19.195077319044895,-25.882870327127883,-15.733088418910091
-17.159793923470954,-27.497532359560978,-16.77732461980654
-23.62957648143307,-30.380017473719704,-25.13700028872983
-25.617526152170743,-26.484454569492545,-29.517846336245384
-13.19489427754264,-21.732783198967994,-12.769386657341482
-20.368903622273077,-25.79017061220178,-24.297695140490152
-26.254927266186915,-29.915777439274414,-27.12929446557983
-22.10908526491236,-26.793533709463542,-23.508122246637793
-27.7442872649486,-30.106870833640414,-29.484744383566177
-21.833507285480493,-30.442053378850304,-23.34971164905858
-20.020873605125484,-28.133142572267147,-24.478016704915706
-23.884086179844587,-30.439335001185537,-22.329394490055247
-26.08932466363679,-30.4876983648137,-26.107603504812484
-25.22446492331943,-25.48346082011849,-26.953425258708144
-29.300259787483476,-29.10418880305037,-33.04134587452985
-26.248584626206494,-30.307160692350212,-26.093453755170394
-18.125519068955615,-27.891353737654907,-16.405368913132634
-20.94646034955664,-25.91493129644237,-20.38334775501007
-20.052325305274117,-27.61884433420714,-20.38707204010259
-20.18575964152127,-27.05807650905648,-23.602710331440978
-23.115747891601867,-25.86710544954163,-24.428143209985432
-22.864684275657975,-28.764562950329193,-23.500336357798467
-17.397873452621145,-26.534387135455336,-13.417729470077987
-24.908302404077162,-28.39427371405066,-27.023076063954896
-25.081299021992834,-23.86846421121187,-27.371467136981423
-31.22718064867925,-29.21435120531375,-32.60933684859922
-20.09363888095541,-27.537931893408295,-20.32230365775203
-19.27688353835946,-24.174769073289692,-20.107351422660372
-30.97821070316185,-26.95232108432852,-37.57486770328053
-20.917932494578682,-26.420397478401213,-22.041299512617964
-18.961962050381615,-26.67498362125156,-19.488978684699884
-28.17680617157418,-30.88788499108992,-30.235659389507138
-26.062823000560073,-31.031841331054245,-24.881432540019983
-15.337429543432643,-27.745575670184067,-13.865910806177176
-26.624322248084674,-27.714254272569804,-29.385958651386336
-18.666094970310848,-24.973031760241632,-16.00413128171278
-19.06959467734253,-27.692930430549062,-17.309269396107698
-19.04010406938559,-27.123805056378153,-20.17239276600018
-18.89257788054317,-24.9072287368739,-17.529512621851268
-23.121292481113866,-28.28706960396132,-25.06332442674772
-20.729218096397897,-27.391354016306426,-20.92717399507354
-24.659799349756128,-29.188015429420005,-25.760606643081676
-24.90421455296613,-26.648966339302373,-29.41449677397972
-27.8603871367445,-27.988526459145522,-32.88966045455546
-17.85082496187912,-24.581588895030976,-17.28152916133423
-17.537852380563844,-30.07063594890342,-15.214865893084847
-21.928210773668255,-30.531551172164914,-20.618837997449933
-19.08223167415864,-27.707219234367216,-21.533420855629064
-27.51745118470969,-29.966139744483474,-33.015220562377515
-23.357875699546486,-26.511243576366933,-20.79957806748526
-23.46764948246591,-26.560438972538986,-23.755329808812174
-20.961027505790298,-27.930892455513337,-20.180457051001284
-19.851976807411024,-25.983927846962892,-22.31545796831259
-14.892156582791419,-25.934102444426358,-11.13047693286315
-19.66782813041684,-30.840066882870026,-17.887328641780723
-20.980412823257065,-27.828125912193315,-21.766356729662103
-27.528709995303085,-30.048002750803207,-28.17467620091291
-15.305780334142248,-26.688989043120618,-12.724625606646752
-22.04816435591263,-29.852665605224296,-22.89342133067863
-24.546673833408356,-25.561629678226367,-23.68129096716607
-19.041326627072436,-26.14649720427186,-15.568726684563051
-28.958976471644423,-29.79516877393199,-30.436204201619226
-18.736655339268307,-30.26070865194466,-20.813002453508542
-19.24209416487533,-28.299990075602174,-16.412235660948944
-22.64935650519725,-26.10660645145825,-25.67854191550034
-21.999966007096717,-28.00170119993885,-20.417822311426058
-15.185929852524785,-23.05177305223251,-13.593709297503942
-25.831060766872472,-27.462329820668643,-25.157328355599937
-24.873966957567383,-25.337964215591256,-24.487985906536334
-26.486860442290308,-33.475045612290316,-29.20277238016692
-16.092628070034532,-25.70892845776918,-15.016177537847454
-21.27654658383886,-26.22318942881128,-21.78183472072104
-27.359821105972276,-29.701304889665124,-30.861767093101502
-27.35837084123409,-27.942915721155906,-29.60452494859279
-22.98084734829503,-31.057451991382987,-22.235135089050473
-30.23617378407402,-27.973658156840262,-39.213213996646054
-20.942114476804534,-25.079284640901694,-21.312891140164275
-17.443162520635667,-24.423816778242372,-17.681206378181443
-20.532156461365286,-27.114453169127547,-19.206674347297458
-21.012767800995935,-30.438747776491866,-20.318847151247876
-19.912351144069348,-30.37935598935276,-19.23540381385427
-20.467422314810538,-29.93357756388458,-21.578367770076657
-23.470142688484124,-28.1843261541897,-24.853448645878803
-19.402029650188208,-25.899462359119656,-17.30330259138449
-22.832337714682183,-25.121199609712548,-25.44966863559704
-21.915890746681907,-26.52302115623035,-21.169443387547133
-23.986149817196157,-26.37976654261565,-24.92661768913688
-29.088952190367877,-29.312592696183,-31.68679891359416
-22.111113922313177,-29.43256693300888,-30.194466539332616
-18.781989712117475,-26.98979433185324,-19.022486183020046
-23.567548148527504,-26.854035273238722,-22.185791749541863
-12.649295364716748,-24.73407990513194,-10.748190681212638
-26.63745941786,-28.312657846883695,-32.098677993029355
-18.422043156444207,-27.521852868905476,-16.014468818345136
-25.04757292403343,-28.36185557667006,-29.41891203574024
-29.207392493169003,-29.34528031853468,-33.86649627826011
-26.900357917438452,-27.6477875258085,-29.103193856328566
-24.530293437371256,-28.10191318288538,-25.290685444997322
-21.480580121003193,-29.95195096310743,-23.282573824503032
-31.672763179980404,-31.096795508293717,-35.7452906801184
-22.43481198503642,-26.95785799056935,-24.161418392086645
-22.86259180516082,-25.646161625936518,-20.47282003269162
-23.922308210965873,-27.93954894806889,-25.014331246481984
-24.545014044791078,-21.885731242841505,-23.231064794392697
-25.69595447134192,-31.278223562748785,-28.368892880551822
-24.900642848640068,-25.97640467952827,-25.53754769040436
-18.75638480464484,-25.845086749525805,-17.931784816823154
-23.91620494784862,-30.68304736616393,-27.96854718165906
-15.64020688614066,-28.730093036064638,-11.751247706484207
-24.593282932760033,-29.99851976985268,-26.045200192833114
-28.351503487503564,-28.901252410718794,-30.398013646479487
-23.01587191505321,-27.177505272709492,-28.34683405203917
-26.45855466830442,-27.335378243670682,-27.856347579992658
-12.251691165498523,-24.571538316093385,-8.35631270446875
-27.431342120620368,-28.499479727562292,-28.41226192478248
-34.32935254464913,-34.41512407474607,-52.4316667065221
-34.21766097599286,-31.4846221061117,-36.997635043034656
-21.848625026763045,-28.59359754180126,-19.528114654664616
-20.37172185031387,-24.087218419545014,-21.80775490114532
-29.569671604129717,-28.354906690521727,-31.917987290279008
-25.41128086013476,-28.99804738333595,-25.186120516365392
-23.028171726678725,-27.805938599252098,-23.877223731527753
-15.355605809656401,-29.039914608804782,-11.255336501474199
-22.300434572729287,-30.398771201317356,-23.368073333439003
-21.632993375544398,-29.71273329053181,-20.69317339408651
-26.279465123748267,-26.591420478212864,-27.69607009278193
-18.79925854308436,-27.125678413637793,-16.817327041460572
-22.220644472151463,-29.828021424137358,-22.15656866202176
-18.911754298655037,-27.16801487973852,-17.292445374361936
-20.293012382067616,-28.902027505023742,-18.63466416556494
-19.901905415706924,-29.966494942783463,-19.452531447332092
-20.237253763830598,-28.937459572413267,-20.994961581897996
-15.32722610146377,-25.23638028700471,-14.947322075665646
-26.46989934040623,-29.263509209024484,-30.935257046455146
-25.38292864952646,-30.72051899439465,-26.568891630990333
-23.91464757623921,-31.46617050134528,-23.47226505688622
-21.674436601552756,-27.494014963603846,-22.818058457409915
-33.101632908719,-29.32405143633922,-37.8434185196798
-20.822438127687253,-28.380847694567244,-21.347687671166163
-19.657870789204754,-26.78378779783893,-21.781862963039107
-19.65100497174181,-27.873297170491483,-15.964544145592503
-23.502443764007555,-29.721826937940794,-27.962460746892113
-25.77217385721752,-29.409968216699163,-27.281802654152987
-21.385951705720036,-26.493262236960007,-21.398806702177552
-22.87051705588057,-29.850704030090988,-20.560721129416535
-16.85025336684979,-24.102962613711032,-19.156299656904935
-16.70784208534499,-27.366171006261194,-16.56270719054559
-26.229761964099712,-31.730964143648183,-27.6383748480959
-24.326409119028472,-29.200234815984732,-27.607367123231338
-18.725649383532506,-27.674366178147555,-16.477634937669798
-26.361201530866243,-31.182557296053137,-25.846587571159372
-18.17041489430399,-27.550530508566595,-17.296599234268694
-29.136535145245787,-26.439987522216796,-32.925878258281635
-19.643758137532323,-29.801363975626423,-21.644738608727263
-20.805980971139505,-27.278299267788974,-27.279203502736888
-26.533087142291766,-29.69755496295516,-28.270215213130474
-23.75247218229572,-29.274801232923956,-23.93071732562157
-24.47670859309854,-30.69604465716587,-24.387512271549245
-21.164778532391306,-27.438504207592228,-21.096944373375376
-23.88114274284796,-30.524523486849915,-23.68262586036163
-18.22191241672738,-24.330189602659704,-16.98371423652257
-25.832827045454422,-26.390217800424004,-29.111906067421423
-11.991627273641145,-21.84418721730649,-9.614214665395242
-23.690327254354955,-29.715941504349964,-27.2469998231695
-21.544511414038148,-26.076802991635876,-22.762170108356173
-24.22586058879505,-30.361420092396223,-24.960446357029905
-21.963552487674416,-26.895032657312626,-22.249680789635786
-22.320123999196827,-29.26144911192436,-20.738239167785164
-22.955852873085533,-28.63165668976521,-23.716053895536128
-22.413365821118504,-26.835664567532852,-23.25372540972893
-28.4720635345235,-28.646628938620427,-31.84499948432453
-33.59524435109738,-31.3910106184342,-45.05066046974135
-19.2268288088406,-26.459935924695017,-19.84521923492236
-21.841105926451572,-27.82079067049072,-24.25768264517304
-18.73589137676987,-28.346881208998514,-14.986730498184611
-23.142484078669575,-29.491974752747588,-22.904656433861362
-27.118501342489907,-26.92871222807245,-27.208692204103503
-25.85995292111533,-30.952364259417802,-28.668888126631227
-30.940776392206928,-29.000458192052342,-37.14275439883847
-21.026770849420814,-30.083240367283672,-18.076918978600116
-27.302814755863817,-27.795118066099896,-31.490155143815585
-24.098974093743227,-26.07762636744822,-24.49866347836081
-23.756159281500057,-31.25389444469969,-24.17805208504281
-23.076238912475347,-26.444440188332045,-27.69703682633884
-14.693998466673662,-24.693008848263208,-12.568686906937035
-21.447004949717957,-26.479894559898185,-25.388757735075977
-17.78053943733389,-26.18909703266017,-18.586597793994557
-15.354261217977465,-24.828849924315673,-14.465384940674719
-26.891912469907215,-28.174827632489357,-25.78681213591506
-29.70618388556748,-28.703728701225263,-29.811914519737957
-25.014859493328157,-26.970918506971564,-27.05561136243289
-20.767978833086293,-24.437695397965683,-17.77582393263837
-34.495899033162864,-26.523699016468218,-41.83604028638852
-16.60259342724983,-25.251939017422874,-15.094257917418012
-22.84366091723555,-24.787564079029018,-26.38963885506404
-23.65310166532426,-33.42821087445312,-25.437197689883394
-22.869272843169636,-28.11896730083347,-23.207774763595236
-24.364265507726582,-25.84429955731668,-26.339447354199436
-24.788062084840288,-27.906159318488186,-24.06164638028583
-15.603502762988112,-23.867154596866644,-11.967209296160116
-17.91961893985707,-27.133763088454092,-16.362455338841926
-19.513595458550313,-27.722853398186203,-18.94191617346952
-29.03309779432122,-26.380641282882348,-36.09337007831083
-23.779678830266917,-28.71221863976422,-25.585646540289094
-19.6161953998134,-27.978417614994655,-17.799130830629128
-16.632752544502427,-28.425507286122556,-15.978505388946829
-21.806222721583428,-26.952056605317026,-21.776708397364143
-25.52397743951024,-32.1197380009512,-29.059674081261154
-20.93044705495173,-27.139221827376755,-20.32669090710635
-19.017356278061335,-25.48136004919478,-17.49360272160473
-19.155126784902695,-26.000602105596446,-16.22966708108244
-21.893307831978596,-27.82745061625724,-22.835873111624974
-14.618864658774697,-24.744228342959353,-12.758726146354087
-22.45218216348803,-27.68014189832828,-21.769383091599288
-29.22929948829522,-30.124968912050186,-38.72613114402751
-24.09336768300556,-27.40330979722671,-24.734690351059882
-20.584835128842155,-24.512587440865783,-18.962985876985975
-26.500930358039916,-27.772991986605085,-30.237384862654757
-21.408078010423097,-27.603110896450662,-22.761751354564407
-20.906769069531244,-26.492556502400625,-20.537646462288457
-20.346676462027947,-29.052952167143086,-17.28745978219765
-23.662960869612153,-27.879460813076314,-26.044196053445077
-24.349818246480734,-26.359559182694255,-24.75947274086579
-22.303667291991655,-30.432260054729344,-18.96802466817301
-14.203279752697394,-22.784647080669178,-10.552528987393014
-25.9102148779186,-30.500849525369947,-28.374534084253355
-27.90511351248047,-28.051367652182343,-30.191285989209756
-20.58797698365048,-27.539338608341524,-21.71048163011851
-18.788846597331485,-25.912138149366466,-19.581300131510922
-17.4053100108125,-26.16321933761927,-16.329799602113226
-25.697523740556157,-31.128472028041305,-25.986418709271682
-28.407730394838673,-30.99110347549542,-30.285605083663057
-23.470212732144173,-27.944484084076546,-26.460824165277142
-21.58263844398291,-27.339883917976444,-23.02474042184274
-17.777596527758252,-25.010142031320374,-16.97590956381126
-28.381287659319977,-28.57427325157278,-28.493600814062944
-14.22982668327865,-25.5348413375662,-12.101320300731492
-18.567828576432376,-24.749177476834795,-15.794739058292883
-22.89626874535639,-28.282567177560683,-31.454304774114696
-27.213488417076253,-28.09580526945323,-30.083836811877834
-26.276156479979836,-27.174481235234172,-28.02070155696451
-24.415506138052194,-29.31394741283892,-26.312857503237623
-26.070241464711017,-27.126194913126696,-31.423327351436324
-18.93291944060667,-27.73683485847187,-17.284585041118582
-27.576637366875172,-31.009539225721497,-40.90312775138028
-25.564557517692663,-28.677243220616866,-29.413899937601673
-18.109457086003868,-28.14260408415236,-16.60210156071297
-17.107711262679818,-25.949145768161014,-17.071361310408598
-21.77542194377119,-27.846660775991488,-21.743889225534975
-21.517717901261438,-26.960517605785906,-20.21143019828522
-23.546026841871257,-28.928188663475627,-22.287491647376566
-15.621568115757057,-26.955256528327496,-12.769479597888854
-23.196914824639588,-26.204484000459264,-22.746576643124715
-20.85182235949731,-28.740757099578847,-19.07252585900941
-29.703820742630484,-31.135990210836837,-31.39096081995439
-29.661534269042004,-28.325570859224015,-40.49795067974022
-28.322562702241196,-28.688717483165178,-30.818969739942656
-33.83215714845107,-30.190374739449133,-37.630174271506064
-18.159473626466315,-28.013502880237,-23.14573197029214
-21.57269758553126,-26.1032700953706,-19.389230104565467
-21.590241493371032,-26.44121807592776,-19.31317654145269
-26.49761940529855,-28.555166576545993,-30.257566362217062
-24.159266601733652,-27.19293557598172,-23.99703948217873
-21.23217639591949,-26.86628836681793,-25.82651947924103
-16.07084158143441,-24.414297733479124,-13.173411555643614
-22.602536045105094,-25.409697268149447,-24.094213266883493
-18.627643387017876,-25.349146991860977,-14.995125668468221
-28.68217492417488,-27.183712703420895,-31.1255763453339
-19.01915900541914,-24.70126500085666,-19.02591985818779
-23.280881218134976,-24.538373192183943,-23.25323265473797
-23.37620106398269,-25.252284854099702,-25.327734335699482
-25.394417316900032,-26.486134446259523,-26.414163352108964
-20.20300992224672,-27.284076949985515,-20.386663158385446
-22.148329856896982,-26.56188554294343,-23.916810738769076
-17.898284629278432,-26.928565179175838,-14.516412723192985
-19.92232358151125,-26.018580752190815,-16.308418927155973
-32.8566775437569,-29.68725054777656,-48.410575139646106
-27.249439025807114,-26.225038086530066,-27.58369153757144
-31.384237774175844,-32.754330980353124,-36.3887338347824
-20.809989318053653,-27.602964417315405,-19.621218333492635
-21.681260140247133,-27.47501233902634,-21.425759127139084
-17.856239799713094,-27.515966734311828,-18.187030107886617
-29.806359548380968,-31.164274072639728,-32.26196589513591
-21.00696186547049,-29.896378807163284,-19.596748011419894
-12.286542639146338,-24.525742882482454,-8.750679848676995
-22.927369340594204,-27.57059122059524,-22.423616262193985
-28.15883151643251,-30.338531720541617,-29.12315586595882
-19.35007375629739,-22.83702782921311,-20.759982934935095
-18.070560494903894,-26.819595495208695,-18.572848079997804
-16.225916101722717,-25.619919260192923,-13.849320491221484
-22.036824209798446,-23.97155667462738,-19.376277741755057
-20.06360415563336,-30.35555867305389,-18.975024272189213
-16.401026437369556,-26.54207108842637,-13.43014208080413
-21.039050349628294,-25.660868681105608,-23.16721452084863
-23.86546584404459,-28.296626693234458,-27.144672016632878
-14.461354580229774,-25.501550140545675,-12.688104361118116
-29.361052439019065,-31.025205593125268,-37.072704520192765
-21.18573639603501,-28.747852077617907,-17.92995906539415
-20.05536903625972,-28.124601047628254,-17.960638248322777
-30.327865854207932,-29.774547470115113,-43.22245414407888
-26.953210611093937,-31.1090418600796,-25.798612644864022
-29.77016871982544,-31.087605929215034,-33.423201491067495
-21.066539160438808,-27.728985339988693,-23.379551550615883
-29.7272995465754,-30.32748429371458,-31.7444841181629
-28.74243088266902,-30.872654307679852,-28.807296411831775
-32.075399534772465,-30.448057303475043,-34.50414982469707
-13.414044415618983,-26.218119936489984,-10.315308242852785
-12.275592446564895,-24.249184422152005,-11.262086907457089
-20.139396624650203,-25.912883133488236,-19.19944504048855
-20.280502117441262,-25.239829523278487,-25.42104600494517
-25.440066299585066,-26.609012790823538,-26.190533120340906
-23.274805981701498,-30.404973243807586,-21.900828318551476
-21.72012018376538,-24.33034313625783,-24.052552114782618
-21.77415335778964,-26.88409402392578,-22.34319060658707
-17.726355890737064,-26.837044156768666,-16.770142287944804
-18.470464610341335,-28.617538175204913,-19.337890178547884
-30.762062245702108,-30.03862571133883,-35.97698826583013
-23.67721048211406,-30.926692590297808,-25.077050871978784
-24.29850253218052,-30.17870477683725,-22.767914233288785
-30.850087275513516,-31.25257623909972,-35.20750270286479
-28.79866873058563,-29.924121472193562,-32.105782373875016
-25.12273441086428,-30.325646786409543,-25.344780346330804
-18.94489740416513,-24.599076630458654,-21.704796585642132
-19.642731833369243,-28.38144490991901,-21.512150736227234
-22.260884751040656,-30.34346202953636,-22.678132642547013
-32.81744658325961,-32.250454346569285,-38.66643687501194
-27.145631815059733,-26.00780718029136,-29.637025628939007
-21.284349823592468,-26.152409172066253,-19.585705568741528
-25.624479506900276,-30.54187246533558,-25.968672720375082
-22.0090400030466,-29.64103136841898,-20.334452290707425
-27.08606053276885,-30.669694776813724,-25.83228450773075
-17.770218578107517,-28.17413106792043,-15.567756364142713
-20.504860497055866,-29.47370572540955,-18.276391140793933
-17.564980347644077,-29.40132649843602,-13.002196407495848
-26.95469320272357,-27.115646106093592,-28.88261585652408
-23.996315439602643,-26.458745916907883,-23.988579805616144
-23.87628512598864,-31.128212948928084,-25.420898902681913
-29.29551655464899,-28.45839591101,-35.29894277738601
-20.242253972475485,-27.55341020263889,-18.936286721047296
-17.092022276989425,-27.055097628036638,-16.2873198039615
-29.052063054322854,-29.442435573954725,-30.082926345827644
-30.012811565374907,-28.371163123356602,-36.00767797721499
-22.637040048162326,-30.67657422084959,-24.10746568022231
-32.713234168683805,-28.58291347905997,-39.560550119017456
-26.53646667532913,-27.455157059230352,-27.291901052976957
-17.309407400791255,-26.877097039235117,-14.579947641312673
-17.040276894921774,-24.728430340048906,-15.417752576459772
-19.293297624545698,-27.12386409638524,-19.585272045405436
-31.223681564301998,-28.991519789372692,-34.574607952307076
-25.657712294477907,-26.435804840434436,-28.49152567703298
-22.664498491031136,-29.763877142278943,-22.125306853406386
-19.91131792736705,-26.391004394098214,-19.144110445975084
-20.24299017342036,-27.882555899128644,-17.28113008918862
-24.048084596202095,-28.051745000013295,-21.318905315521718
-24.979212852755257,-30.63250478920612,-28.75483725934664
-20.25022135081816,-26.309548034176043,-15.87379054174428
-29.138933959351327,-30.721386653209024,-38.44883897029954
-23.031585696381075,-27.583455174826867,-21.85692008439212
-24.511081658856533,-28.835272787980298,-30.65991730797031
-24.552208444416806,-28.71332591889207,-27.184536131328805
-21.602706933972556,-28.356327665659816,-24.854618364257064
-22.42919607320162,-25.030023439980962,-22.493540474860964
-27.3489553363296,-25.774920170976312,-30.931812583947305
-20.689713434682798,-28.65722080536781,-22.209743127858964
-18.73187415969422,-26.145350248182705,-15.027356027402844
-16.746192902523973,-27.55534737085838,-13.144462288948635
-15.00352712474788,-26.18461010123331,-11.366596930612799
-26.04896244686306,-32.45225902993992,-27.710645974583258
-23.696516635431013,-24.96474679813772,-23.70410355725817
-23.422527885559965,-29.062020563306135,-25.607769687154168
-20.28505671068236,-25.567403349969464,-18.847689063687458
-19.17377936587618,-29.355311851294562,-16.3980126066832
-21.566935971939312,-24.292200628991885,-21.52399322884934
-24.849972178992683,-26.58439157226819,-24.127441312475614
-23.990204406164562,-27.49290497866451,-25.531112634431704
-20.07667409870533,-29.991634759355453,-18.842349687333297
-21.749463672038917,-25.80147399212268,-22.504119454127864
-21.238216907684205,-27.94992569432264,-20.761051396528835
-17.595063448673677,-22.551514222476293,-14.687298276428491
-16.603276964075146,-27.903541328275534,-16.15848858736415
-22.497112798156646,-27.85681165809923,-21.246421580407873
-26.20705800352419,-24.45284654561485,-27.925182223338105
-17.647013457818247,-24.97050884282761,-14.045023522300019
-16.215862295352782,-26.14523528489762,-14.371047248883842
-21.669515604578212,-27.190024571147926,-20.584633787196243
-25.25962813371246,-27.605435519236842,-27.05003123256421
-17.720027910768053,-25.423581685891183,-16.631215277177535
-20.846811864565097,-30.419620272686323,-17.77206863222576
-21.28683011110268,-27.577179052868438,-24.81513616812673
-14.502355476713841,-23.053866406116875,-13.909948176940503
-31.159311318756025,-31.14406079765194,-44.99164271783899
-21.066691622056425,-29.43963251762078,-18.94566878089062
-29.135320220069683,-26.642606687149506,-36.19605471494912
-32.315781280470674,-28.97032170471192,-35.35724971604518
-29.225918784968005,-31.364725403650425,-30.89174578351296
-22.081873627491984,-27.470885492141758,-27.87035498764312
-29.81710181761472,-30.12033885050447,-38.17619817189659
-27.371097357753257,-30.675022526741532,-25.8475730583645
-13.639501425658349,-25.58704967446209,-10.075047706803922
-22.550373053152573,-26.433629806400884,-29.740693478837784
-24.083887826356918,-27.49080146891024,-24.246091914665236
-30.975466363317484,-27.17412214557583,-33.61850270011768
-25.251287963528114,-31.033999199346756,-24.91131192218758
-17.564270607288307,-27.740802464436996,-16.34117722357039
-28.024749269858283,-28.566682311573295,-29.14444184977606
-20.72023827300635,-26.809453069319257,-21.096721709320665
-27.119375735907603,-29.065784288218886,-26.695236494683122
-28.030225181571716,-29.573107137859548,-29.88870820468163
-24.942424744385455,-25.153579560173725,-26.15003937212533
-16.817096356786276,-25.95649941604779,-13.078719053635202
-27.75396617570994,-27.454155198664125,-27.4316445304135
-17.413769663230276,-30.59789036363741,-14.335953659474235
-15.384138899555627,-24.846288592006122,-11.523306705545556
-24.69598974465065,-28.900130741088745,-24.76717991467905
-19.937883423227422,-27.70269192769439,-19.99951593426579
-21.229528732260675,-22.894102209515378,-24.42074901392487
-32.75883115418857,-30.32424954503356,-36.911409561141284
-24.491235765064427,-27.64194951238923,-27.996747135668688
-17.753971781590536,-27.70273379780841,-15.37754740162593
-24.388531951813995,-29.389942616077153,-26.05246636872163
-20.050329817049317,-27.549778906310202,-22.65454244189771
-20.09418928348734,-28.566000031102718,-18.38947501933553
-27.58961356642231,-28.88663075831569,-29.115527052652578
-33.5693726489435,-26.5661022284512,-48.50451044289934
-23.192207591876848,-29.13461652791508,-24.13218224166469
-23.230648144969344,-30.5373046143672,-23.41912845698166
-24.4908166128826,-28.114447111420937,-24.953113660484505
-25.62878896586734,-30.225719307180757,-28.112914568711837
-22.126257936443082,-27.41668881791084,-23.330588941730205
-16.013911341371802,-27.4997584465632,-13.12065710590912
-24.314297235730805,-31.96369413766868,-32.479730994878565
-27.75873156932126,-29.432837552724717,-30.741120324075432
-34.20924343831451,-31.864375371103037,-39.14732443961597
-31.77986830059935,-31.507464431553778,-37.570298757402085
-15.753243552223386,-21.951093582369204,-13.0421761166755
-22.98394092233228,-29.68490890298099,-28.823830081145324
-17.92534406462973,-25.206346843749568,-24.92577842519121
-22.96638010032254,-32.53435651285031,-29.26869689305775
-20.705088313945968,-27.81142325741685,-19.486323905459592
-21.523898009682675,-25.40495674793815,-22.132145389161643
-33.8903992617921,-30.720459669540986,-49.60502916774671
-22.063088343832707,-27.21168051161494,-24.033668564675867
-26.59182961276335,-27.93322609397651,-27.925179248577553
-24.295044225691303,-28.116103953204217,-25.458191783112234
-23.23470886522914,-26.536935907486694,-22.435543733766142
-21.17594807203075,-29.01798460558996,-19.497445052397627
-29.290503890612797,-31.053427765059656,-32.00765766721284
-22.01840204399522,-29.068615178559075,-21.098080654461466
-16.011689391184284,-24.11520924737055,-15.78527370215008
-27.004161441089146,-30.85951389278206,-26.30428698304374
-28.341471018046146,-29.075919996261472,-32.8312413375538
-22.068899599091246,-30.894800120208007,-20.787229452905557
-23.14598278274302,-30.84911819196305,-22.152478575328896
-26.730236917016082,-28.132442467217356,-24.726436942129688
-23.02301363089939,-29.802237614725005,-24.474352145811164
-27.176094363700432,-27.253831692026363,-29.943312029420863
-23.834012928722363,-26.21414297473505,-24.659955785596782
-26.11658319423788,-27.90611964967838,-30.81524708962792
-27.8831297334135,-30.462528589090407,-30.633702027543347
-17.328506675598135,-27.633592291400515,-16.614365669645696
-22.176142717143737,-25.87753435634743,-25.385192123812182
-18.77816316352661,-26.657393089970178,-21.801188636457965
-23.38707971809756,-29.281199855915986,-23.86504034813202
-26.25627605610554,-28.07024157122821,-27.765339892937117
-23.059187554233567,-27.014409652256504,-25.81261890066147
-20.414730862984904,-26.67408964470082,-19.380470389969677
-16.855114584292604,-29.881802884887673,-15.429208974973761
-30.27959462515575,-30.65615284889126,-33.14975944908559
-25.606058021160734,-30.014910106503514,-26.444317590697892
-25.84189795374524,-31.037192800925197,-25.82170074792583
-29.40777891780974,-31.342068630204324,-30.809946029895567
-15.727122859239511,-24.471166908726943,-12.89157829170112
-20.356407603315848,-27.41406973188504,-28.382849854277097
-20.163310036663823,-30.56078207440718,-18.882745960413065
-22.07760462531603,-28.681468726848394,-23.63488249294096
-19.74574435713508,-27.793977061836966,-19.341003596728743
-20.91618946427557,-30.812561220181426,-19.007709859021436
-19.11603404644604,-27.755001683740247,-17.047752351464865
-22.121508702437044,-27.899323874515073,-21.093862511996246
-26.76085241794469,-27.761975188073112,-29.431955808119387
-27.780099498913092,-28.14466768115787,-31.532410121680336
-15.5122143572581,-27.550298676063292,-15.096203916819078
-23.214624869408507,-25.434581408041154,-27.38233985194398
-14.791809102794957,-30.73971173686291,-12.288173480199736
-18.97997892885027,-29.346353580569463,-16.319530605098244
-16.57660559158744,-24.556151166625558,-11.127760920908788
-27.01719254434362,-29.366704092276827,-28.666517532335696
-25.707578557616817,-30.146555316786703,-28.219842759757373
-11.472530180438548,-23.88622157389349,-8.293266205002217
-25.411847320908205,-29.224177951790285,-35.24694176986724
-21.901127594241434,-27.24108551657994,-18.41978935450378
-23.676103896146092,-26.119344978394057,-25.8695784565038
-21.65086225331903,-27.339391662753087,-19.49212696044193
-19.49894470681806,-27.634370947340816,-14.652322506950146
-16.418421055444497,-28.403741276530184,-13.973352089166625
-25.21708355609745,-26.806079481354864,-28.265181985025936
-28.90405441087422,-27.67218628494226,-33.50114799638309
-21.80445494553085,-31.083224429121262,-20.418006034203746
-29.77815138036915,-27.679329351238973,-40.91794821797214
-19.582956237509464,-29.96738175356829,-18.016611574310605
-27.1552086755657,-26.073989821419065,-28.45425009099292
-35.34113474798146,-29.36284693484543,-44.08546222904945
-21.483222044929317,-26.109749410656864,-22.4791555806762
-21.70464050512685,-30.403600611654827,-22.0484194785328
-18.502167045326296,-22.346006556677064,-19.83222841342719
-22.490936486345138,-30.860164563600556,-26.393907042665564
-20.51600972872159,-27.759164830914433,-19.099729187831755
-25.065480162072273,-25.800579442690573,-29.027240496985097
-20.672297342156003,-28.798991948783396,-20.51132185283828
-23.397669028876052,-27.88658168241071,-23.553822199851044
-28.08415165867427,-29.57147193693963,-29.277543899565952
-21.350852772254953,-30.276771951904657,-21.43358435932766
-22.269377385151333,-25.107537449943184,-23.273793856727817
-21.1255676983929,-27.4483566113372,-22.884386644683726
-22.66361744311291,-30.250563825153836,-21.409398836195738
-27.274448227370172,-28.598257251150102,-30.18233840023536
-14.416965149687627,-25.01028791453489,-9.561643957905812
-22.48778222007702,-24.83209852982146,-22.322892614565014
-28.53233703745165,-26.581497806573513,-35.40799372915245
-25.212322093555922,-26.95996251236228,-28.727215143747937
-28.385546093270456,-25.438812225713995,-30.43554390203856
-19.26118420811181,-26.701839504821567,-19.168222009472775
-24.009229378647277,-28.52120993829266,-32.770422480735256
-17.815291971009046,-26.08740630679481,-15.522200582604123
-23.131466531391883,-27.96428065136457,-20.419682258501027
-18.79265738235753,-28.868532187072866,-17.67288502187461
-15.682376734952243,-25.521401685590483,-14.974154552344327
-25.887820864643764,-26.557507733958534,-26.32046744409544
-18.863900030157662,-28.182026535620768,-16.459437988813168
-29.478761330656017,-31.049394160713685,-29.960974183587776
-15.20961435034189,-25.406635428111766,-13.9161292557059
-26.398585665766067,-27.602506846061303,-32.89358870517435
-27.050198476146495,-30.55437205410095,-27.817726987784205
-27.362305983882855,-28.686953861997534,-28.273434196382706
-19.541806757029487,-25.902133059143164,-21.392129413901323
-16.790935172879596,-26.016990311905765,-19.688526793225833
-24.439412908637767,-28.418660860854203,-24.0583026164637
-33.06240982779835,-30.62187153264923,-37.49022672768015
-23.303553316059975,-27.17074736710118,-23.89804088820661
-21.647414044656983,-27.558726406966738,-20.018919650426522
-21.741020390771702,-25.690439209383126,-24.65904276060293
-12.743494069263154,-25.870345527619882,-8.562377002977806
-25.52015501968781,-27.770990493982488,-28.39370064876506
-26.87469199332569,-28.05972506530133,-29.02374515249138
-22.490721534081224,-26.189547585511534,-24.34862706734164
-19.791406095690043,-27.83419725830043,-25.926648706806873
-23.326294659256902,-28.91823628828978,-22.26493533047589
-16.20344007006994,-24.46011448447237,-16.135379467337657
-26.830386758896484,-26.345404791026493,-27.52217328651704
-21.58620212974939,-26.340519389451853,-22.360463059820557
-24.673288251575016,-27.078370666125885,-27.876981398152164
-24.686875661107816,-25.04596229645773,-24.666520917404746
-27.53187083507045,-26.046915337243547,-31.05069497375504
-25.06756756515869,-28.41168022767086,-27.818506309342073
-33.23005419830354,-32.80434354497085,-36.33390818243239
-21.73628340893709,-26.408028331941797,-20.08274267929918
-27.936348865602767,-31.585394034083997,-30.057408201498117
-20.618464589003747,-30.90582295942573,-22.177146643184194
-18.659180728629025,-26.336296003202694,-19.038927222146732
-15.338488383658397,-26.274881197150357,-14.097735578452122
