ho_likelihood,hol_likelihood,std_likelihood
-10.027881973062607,-8.319400854142167,-10.951025162819676
-10.698984990323643,-10.580158202462263,-11.041869642237513
-8.763012217074941,-8.48484925134406,-9.245812394133686
-9.50582804755425,-8.784870739881397,-10.224125123022555
-8.609350203449138,-8.746749671054872,-8.553708325855672
-8.249582055479367,-8.84693274044834,-8.217142830367859
-9.14760441293581,-9.25662805848685,-8.601972849553503
-8.094425253424332,-8.680955734687634,-8.008540542210014
-10.972332988604123,-10.735154351487022,-11.211965313831197
-10.678808891832286,-10.681435173434927,-11.725748595742807
-6.791410205710495,-9.456407209834476,-6.039376846681754
-9.578999588800395,-9.28599704180913,-9.996861877640558
-11.487444014153093,-10.85697777399925,-11.871834628253211
-11.984121587149707,-10.745789671050186,-12.467436908903569
-8.432342778725069,-10.255033637466681,-7.517913346801752
-10.341123610269415,-10.798689321602314,-10.431303239103444
-10.305081541733674,-11.011456093008555,-10.281874767747103
-11.179688007197148,-10.7261274405505,-11.749132502258924
-8.9308662632105,-8.692601669344914,-9.302633327414943
-9.66065845984445,-9.645716110484619,-9.468134953580819
-10.60460290274525,-10.60460290274525,-10.60460290274525
-9.344169990112102,-9.771107119312582,-9.158517109601163
-8.09257336925231,-9.527265677480008,-8.692847400157403
-11.136721978679185,-10.325642983466391,-11.963225135740542
-3.1706395719292537,-6.370679846554139,-1.90292559542635
-10.60460290274525,-10.60460290274525,-10.60460290274525
-8.560833693240701,-8.570436123341617,-8.953466652794257
-9.396223146182196,-8.329398602871636,-9.067383341978607
-8.800846482611535,-10.394981301784519,-8.158393383209626
-11.450024689689275,-10.755002397218709,-11.983111164929511
-7.855936058091231,-8.498343958600065,-7.840016146194133
-2.853615058062806,-8.398392306493967,-0.4747241735589822
-9.085296780562333,-11.348148287076715,-10.080230076657257
-10.794956623215041,-10.696164505814373,-11.034987937386813
-10.805165528490656,-9.973100068038626,-11.757068058567917
-11.050497475885951,-10.679359191366705,-11.804403713401499
-9.947586611626418,-10.102041212735838,-8.617941201549385
-4.765017870807654,-8.314817261415605,-3.8044022391327634
-8.25639820494378,-8.624461915615298,-8.355455448794645
-5.146793232324481,-8.42884266471683,-5.148879910394071
-10.364952989943859,-10.49472819971105,-10.428600570433074
-8.911973984387934,-8.852424404654357,-9.915820170774998
-11.12984674694913,-10.622082767470822,-11.562981866236635
-11.821447020457423,-10.597567188158969,-12.5305092080627
-10.612848032945402,-10.66991954623117,-10.669356262446936
-8.471261319689525,-8.119006172109732,-7.7867816945285755
-5.460767609546815,-8.734383087373127,-3.45325491106352
-10.523428289537224,-8.501862697170175,-12.742691519044808
-7.911182453822836,-8.645845353112959,-7.851828291214153
-9.790045856669902,-6.882188095438861,-11.722339135462713
-8.508440713326811,-9.227288983049865,-7.901064864586161
-6.314760683504014,-8.146071666501445,-6.949339462505875
-8.584669935322802,-8.435974204500672,-9.164664477611792
-6.8461346331077015,-10.305842273090471,-5.149321396914843
-6.917760939182326,-7.860656912412762,-6.600198134202166
-8.122058665150327,-8.741952714966196,-8.235663653935775
-10.336210378693117,-10.41925495296668,-10.87827031070357
-9.186620148623332,-9.125386136131107,-8.801852366702622
-11.330208195647062,-10.02286224614766,-13.106194050180603
-9.380219665934199,-10.706703250089065,-9.494751470235629
-9.362909331512839,-10.96143591344105,-8.865365878793847
-11.684818851686334,-9.810767041744048,-15.036226234733272
-10.542298435604447,-10.128722458168701,-10.805682705835988
-6.109169211993528,-7.180465848282161,-5.146889633583605
-7.454560638753732,-7.577031814761711,-7.236696701736861
-15.508363249630637,-10.429964140306435,-20.601156672018668
-4.624371066186316,-8.281761210411478,-3.4386757833138497
-8.815916460911176,-9.721704773701974,-8.530092326429266
-9.209942151486857,-9.363817006759575,-8.61232681067823
-8.067800029564134,-9.170140995118645,-7.840412609221038
-7.03050922461204,-10.466926700238245,-6.418469954468202
-7.493306819088996,-9.295813816873007,-7.629826654495435
-8.767476976262504,-10.5776830755818,-11.605053497882118
-5.458701933038499,-8.205547972303318,-4.9516905693317295
-6.862570805847038,-7.0223982863799685,-5.7010200785554925
-7.101710010671449,-7.115013565311565,-6.571144718254123
-10.943514784872562,-11.400261312439255,-12.7148163165298
-11.076505217844275,-10.484361662765954,-12.003184600771897
-7.739278004398648,-8.396440145211914,-7.282398958738711
-6.530114690602213,-7.683267792138892,-5.839242973170774
-10.146120947568509,-10.94471929223991,-10.076559229270146
-10.894982517416315,-10.74291158023474,-12.08178915488893
-7.805532147577455,-9.864880089681982,-7.6979843055795465
-3.1390650136471234,-6.976643059073191,-2.3623902223717823
-12.392118970871529,-10.826515802464115,-13.313846094274997
-9.71060294158068,-9.675737004487695,-9.567194225953488
-8.525161361065415,-8.525161361065415,-8.525161361065415
-8.245812653424576,-8.854822980906519,-8.30687885203755
-9.451573581577895,-8.698895499343399,-9.881482731526452
-6.369092813633757,-8.881310051346837,-5.191908034993496
-10.150138703057323,-10.756067065129843,-10.653591936720137
-10.687305209672992,-10.765559343126665,-10.776166456099618
-5.765262501505237,-7.669411663346197,-3.8843478901728963
-11.268927428664373,-10.581935949685494,-11.619613597205642
-8.51398226166666,-8.436852473287432,-8.459964019985474
-5.365766468786703,-9.072856581393799,-5.428054843199357
-6.566723660650889,-10.49025108843336,-5.863322030174791
-9.369773682674232,-9.726313046962648,-9.148401233228675
-8.077458834141613,-8.803314937431722,-8.860757729954162
-8.153753418286668,-8.936796726457885,-8.390954753212924
-9.653150436177821,-9.215556130966624,-11.354135546322112
-7.744486823629769,-8.977614299416436,-6.8854744663468805
-7.319734714317165,-8.066114526171296,-7.519071661197908
-8.105781467080117,-8.806602174983231,-8.010235559387603
-11.151959999857244,-10.018162864922656,-10.827098661810616
-7.280866840020444,-7.605693895397616,-6.844290211218736
-9.097523450715682,-8.55672011210798,-10.144563412233286
-7.67705087589223,-8.612708157691527,-7.471171405386494
-5.304267742040485,-8.228305250336469,-4.945699452669047
-8.845317340313098,-9.102511481427152,-8.638112336956393
-5.606204923842721,-8.236989966855804,-5.146370894498935
-8.834804269293858,-10.18809280701929,-8.415267436766749
-9.38422897589696,-8.746889520600394,-10.359409851642873
-4.9241665538246115,-8.123119693321554,-3.7151698545380256
-10.910465946757181,-10.349821567430093,-10.812371000244344
-7.546197909792819,-7.69309597999897,-7.281223114561994
-10.227486190367047,-10.964375175668208,-10.612875128602768
-7.754274703698702,-8.104481492267325,-7.18313822457014
-8.153223747246393,-7.489018300231601,-8.209094364776824
-9.064877058060471,-9.641061057664578,-8.962055225279215
-7.707421884389158,-10.112514555819253,-7.240981638910551
-10.869822401886038,-10.268523157368437,-10.752268709135782
-6.70554981196755,-8.02638991186439,-5.2118034703180705
-11.021976462392342,-10.739048140905549,-11.306195860220484
-11.862227476033073,-10.957213389441872,-12.570280742150784
-10.468816103668559,-9.919924621996575,-11.576594801287662
-8.471261319689525,-8.119006172109732,-7.7867816945285755
-10.84051427509609,-9.788739305454534,-11.422781932881698
-11.517444004778318,-10.758859009124484,-12.293714792875113
-12.936396266588718,-11.53313863771704,-14.719500664366345
-10.035402026470283,-10.762448994021176,-9.794224721941251
-11.896204281465712,-10.690424876856524,-12.92454600266137
-6.703804290918618,-8.337085594966991,-5.847012148186254
-8.137578393214907,-8.753029442971377,-8.091787652171417
-10.640796129933372,-10.811508148450969,-10.777390056767423
-10.60460290274525,-10.60460290274525,-10.60460290274525
-7.113577284083609,-7.178294248150131,-6.663559623414095
-7.586968591362111,-9.34531391284182,-6.858302031930941
-11.617378088832405,-10.583062514614358,-13.438134503685784
-10.30871612187734,-11.056283160024757,-10.143567609097033
-8.27964918023323,-9.106356734299194,-7.149093332404485
-4.234043965250833,-8.504173048695588,-3.4770774426778464
-8.750765716214069,-8.305688192875587,-9.31875487623639
-7.309538652593726,-6.297274103125729,-5.935471455642958
-11.405465138889442,-10.729419681937124,-12.161263437923163
-7.8123173254015486,-8.789243420821956,-7.610798195904777
-7.458112944167912,-10.4935263678978,-6.2788387006371025
-9.75177939269997,-10.760416403250298,-9.822628904174895
-7.532540684093992,-8.951179382601614,-6.819754869662866
-8.917763955547743,-9.211409399795087,-8.23082032586272
-8.730192641770351,-8.633945299596606,-8.96973656168965
-7.1324736014665415,-10.329955284518473,-6.051913721597452
-10.4637860663806,-10.608313356816133,-10.562372356753453
-8.816352797039656,-8.68262160813005,-9.129634707760582
-9.36791393372481,-8.738930219867331,-9.73375373916893
-12.51320623306072,-11.951487064149736,-16.0161520664228
-10.362908259493286,-10.503559724672128,-10.504031985604536
-8.127878973490033,-8.653603104411141,-7.963283851077949
-9.677374036387578,-8.360887251156692,-10.321562749951843
-9.960512705897525,-10.78333895034507,-9.54298543583395
-8.354293256606853,-6.98563168556613,-9.712935916938594
-13.212953172518384,-11.629630105887493,-15.692673657518903
-9.64314628670992,-10.794885248278733,-9.661942683472915
-7.451077043985036,-8.852545729924726,-6.942716650365268
-7.239316975838755,-7.480695388828235,-7.263487026317803
-10.706181633681403,-10.379112753988418,-11.41718589074919
-10.709612189247837,-10.57381489303863,-11.572742770385979
-8.705001994348205,-8.443842101719895,-8.653153992457254
-8.007092330124234,-8.721959797974689,-8.409483185085112
-9.499592494105688,-9.09144586167424,-9.76950655132338
-7.128713996350908,-10.147652502527635,-6.329996140826133
-12.679404609326244,-11.036139411650966,-13.715764516197503
-3.3545695840910175,-5.73373592921607,-1.811183729091818
-8.280449548914616,-8.722267620252563,-8.50887405003253
-8.666205833069462,-9.47746246127372,-7.944481764071833
-10.94484109198571,-10.775606093185917,-11.16217836523504
-9.715431691114029,-10.350081001371088,-9.011810464788955
-7.658916632514852,-9.194244378075908,-7.598983788925016
-6.652698697758669,-10.438277546132568,-5.82210349326627
-9.377624103243809,-9.591716412629474,-9.218206594766656
-10.550671882936133,-10.850761236513845,-11.319183566504346
-8.528960778329687,-8.591807499855296,-8.630397031778303
-8.525161361065415,-8.525161361065415,-8.525161361065415
-10.70388057653238,-11.000040842300304,-10.726504816646049
-8.434612909752827,-8.588481278883215,-9.304530301578026
-8.21151231734829,-9.455668549802052,-7.69300045989261
-7.720947095183436,-10.10076610136196,-7.051548340434978
-5.477240629590132,-8.413273107992282,-4.810264401543542
-11.169175979056353,-8.390293521344576,-10.914825391807982
-6.061081043602727,-8.376867754705314,-4.677494136421757
-12.256792669555537,-10.769035567384776,-12.999297051896352
-11.192011602154867,-10.915344688028298,-11.136764771107755
-7.88576987420728,-8.993337975393356,-7.88320537249351
-8.852471813358749,-8.146855973134132,-9.069559036091453
-5.903508871411501,-6.011578482351564,-4.9354695486476805
-10.058961980366037,-9.400575414088756,-9.860656195662363
-10.619114753484578,-10.636402607868598,-10.713135106975601
-3.23648606923528,-7.699201666202177,-2.686788305029512
-6.7963988638397685,-8.543884733172826,-4.985112029137996
-10.523770790547045,-10.587386804256584,-10.587427587366106
-9.777111717544082,-8.656548748321649,-10.784768029551183
-7.506710014048867,-7.13244491258423,-7.942209918892813
-5.694786583708809,-5.919299170708655,-4.241181524859336
-6.58255685126123,-8.361982372299915,-5.42497016565294
-6.48744840200118,-8.200204009135403,-5.816904064543651
-10.327002629995741,-9.229518347035556,-11.077450531908871
-9.087856129090406,-8.620994690090034,-9.452372515113579
-5.582966430863601,-9.135746025020424,-3.7958242945865464
-10.18115046361465,-9.609334609609933,-10.425803277721867
-11.345046001767477,-10.850425608122016,-13.013370526197424
-10.60460290274525,-10.60460290274525,-10.60460290274525
-9.043917735726547,-8.537112799618074,-9.537289475990304
-10.473812739587506,-10.955200133085468,-10.2461867087245
-6.734657978208653,-10.114081379308619,-5.964838233729664
-9.247362139673227,-9.44944130393602,-8.955226182176073
-8.62947249967802,-8.806751584043338,-8.739494393439989
-6.950313920919903,-10.221269559882526,-6.309670648124002
-11.014343974671716,-8.456208266542422,-13.097842271374546
-8.532206409663535,-8.533109523401805,-8.519957967834463
-8.903448484611522,-8.75401089417466,-9.120601438779513
-10.22960323967229,-9.989062226681956,-10.336898084773892
-12.113458920488227,-10.569581596195585,-13.541789258890212
-7.7609956682613035,-9.796393327272416,-7.3751542880975975
-10.36780150567617,-10.79403185510972,-10.740291867675706
-10.531786442294571,-9.343714291942423,-10.46678179516097
-8.56415192122475,-9.561273594149991,-7.5952089113571715
-4.46066516939396,-8.504308666126803,-3.4599479798503525
-10.642221812408355,-10.632514466360927,-10.734547735101282
-8.027194476922505,-8.837606220976864,-8.030374815013921
-8.261992714763734,-8.776018039593424,-8.1149014077422
-8.375261997009677,-9.984860036597983,-8.687522368201915
-7.875823188592955,-8.130688454791802,-7.9925265824248175
-10.649549599196368,-10.591315183977803,-11.652984087879599
-8.76955791687252,-8.664128092577892,-9.002508679702693
-5.021078457549687,-8.106823258339295,-4.621758559215752
-11.390949253875506,-11.29177624405643,-12.449549235637745
-4.6024932551737185,-8.272867336713185,-3.631648545672228
-8.351311668798159,-8.436014711467644,-8.366422685827288
-8.541520094988094,-10.093028276523508,-7.981901559816954
-12.508642194290156,-10.762423802174323,-13.877071910843947
-11.295695917799083,-10.626000939577166,-13.255523615664146
-11.011166930025334,-10.604335416347231,-11.104952606390034
-6.410054799889392,-9.711177784154009,-7.197861006530785
-6.467391722959195,-10.145650431209742,-5.268222712858582
-13.73410477232299,-13.210196659389247,-17.652465301656047
-9.163356760742573,-7.94736218847597,-10.645892491005695
-9.340519599458363,-8.704548838936336,-9.916699479574737
-10.79351127623279,-10.738521952126458,-10.840713540361527
-10.385987665916364,-8.769568879289476,-11.032872994943546
-9.487075867922579,-8.834335409151267,-9.445966902520777
-10.148913484609292,-11.044327571260744,-10.211985702394967
-6.3279459950990775,-8.165536407409983,-5.661671260822501
-9.75101208119225,-9.320865181634819,-9.761051591230785
-7.603925124562339,-9.93048491974719,-6.993074077076648
-10.873011026567395,-10.601609632474833,-13.253375225079376
-8.693068656967924,-8.633444844603083,-9.02025433098556
-9.61553056150253,-10.830383884354237,-9.409957979571084
-9.553811314285262,-11.581833295708286,-9.36916549693814
-9.904655756742812,-10.691397822284406,-9.216219223149212
-9.558700798703796,-10.904831474536763,-9.241520935709696
-10.101611994826081,-10.861334360295366,-10.108735515057557
-7.445832510200674,-8.206658238705835,-7.548429143732725
-10.34301894486276,-10.758727478660248,-10.192111964602967
-8.020539054844198,-8.655371531005,-7.89305847536838
-7.350210317295338,-7.367421816742502,-6.9162259501935
-10.921491971509829,-10.768374893783951,-11.75909414723418
-7.188397900225482,-8.277053616176808,-6.63779755906809
-8.44130462668571,-8.483047117111333,-8.538751196650685
-8.367288328566914,-9.73117685612977,-9.719630396319484
-11.748482560533596,-9.700899331731105,-12.345000344445785
-7.81947464944147,-9.14335191935985,-6.9751276465856025
-7.308119021425218,-7.452962250189933,-6.87188140030987
-8.525161361065415,-8.525161361065415,-8.525161361065415
-11.868337485260605,-10.870797232886375,-13.310437259381361
-7.805906859778901,-8.009748475509964,-6.181633064330568
-9.221813405921846,-8.4254893691014,-9.53048944771604
-9.094325041952441,-7.828695241174876,-9.708914385770576
-5.88892026950674,-8.28424257422234,-5.0304874786429865
-8.694701822504657,-8.081756051622193,-9.68692526306492
-10.87265039157197,-10.843667995910387,-11.9420589551079
-7.625429433199531,-8.603700903595938,-7.482807861335058
-12.107667043953171,-10.741890947316271,-13.608290873571827
-8.838440905961646,-9.982670788055753,-8.540833719864931
-10.658458765903573,-10.580160562438296,-10.94021621060082
-9.060571400409367,-9.172993660384718,-8.260991437694795
-8.842082194136001,-8.443934011006027,-9.608817834673758
-9.709850292570591,-8.717066676079966,-10.433468483509031
-7.982376431990485,-8.764923626617014,-7.988120123150581
-6.6335400981279555,-7.2189456568222825,-5.538623862859659
-6.140921757835171,-10.08322067968921,-4.389824980395539
-4.647044259596746,-9.009049314323413,-3.0504083729424716
-8.036386990888824,-8.378810147774733,-7.427259432375686
-11.854238983180514,-11.11587422403668,-13.668041744403974
-8.548328758485733,-8.783566727431642,-9.363668206126748
-7.375842103498866,-8.042398908881095,-7.327360450517381
-8.516726840640702,-8.908037662417376,-8.22820662547371
-9.764894749769827,-9.544064709306639,-11.366405013810358
-7.873579634558464,-8.522300959066987,-8.241680620477021
-10.47129189091512,-10.700886292801489,-10.505317362093537
-9.158322546092835,-10.26952660685846,-9.84868103712904
-9.239977394604812,-9.028146925890528,-9.911762034666246
-6.470662300210817,-8.17893571597484,-6.070878338155258
-11.931268462982567,-12.190409712838349,-13.738099212705812
-10.686752391994794,-10.718566097197932,-11.180798180525057
-7.330304719053739,-7.4750561420348145,-6.869609435931013
-8.288672820111044,-8.610193597304107,-8.314543574705608
-8.354081992734969,-8.43872670512816,-8.35817390490416
-8.099955518277703,-8.608060134313467,-8.70264830020956
-9.912828141176274,-8.84242265285713,-11.181184382879879
-5.317230724088618,-9.132664574236186,-3.535403667369706
-9.037083328880751,-10.323677073185857,-8.699086344829349
-8.861030280824703,-10.502032276077417,-8.337783542922033
-10.831454798571164,-10.902541051674488,-10.930075874020302
-11.14381421074449,-10.048941556734095,-12.05164412219024
-7.978710273076984,-8.130211809758551,-7.6268879457771765
-7.9413612518944845,-10.533054231704536,-7.541116216132266
-8.573726095327357,-10.128104435931224,-8.160051655184597
-10.852139104715816,-10.00756359015033,-11.554559351334998
-4.285491963741059,-8.464334850051978,-2.9234159429902684
-9.009167169974734,-8.669892357731362,-9.840276487583292
-10.590209850830881,-9.431590245464255,-9.741547187710392
-4.3680610478044155,-6.404777759235242,-3.5400678580552527
-3.9561711803952715,-7.092600167825014,-3.0886474801329173
-10.78887666578693,-10.220963412315818,-11.241693517637472
-9.604547918355705,-9.84005610200611,-8.966720812833373
-11.250939676191843,-10.539480812721271,-12.24129736278231
-9.876884968310723,-9.894382179349444,-11.239782742176152
-8.366203203004394,-8.49497356985183,-9.570856680878798
-8.552240596490199,-8.57580737963977,-8.59133679622125
-6.462103709539626,-10.472067045389398,-4.925755313076129
-8.08512339413091,-10.58180687628429,-8.658223313592389
-5.16203293122947,-8.215705264213803,-4.245902989797158
-13.726725424451809,-13.004563525384986,-16.5352724015095
-9.081569910226012,-8.947785395451472,-10.410814504793516
-8.8696609237404,-9.121855877041249,-7.864264595940416
-8.525161361065415,-8.525161361065415,-8.525161361065415
-7.270865969020354,-10.154311654510119,-6.790262905368663
-10.75965573751213,-10.671067594704047,-11.311961756248508
-11.902177654414396,-10.78513287668804,-13.697409101855886
-10.501550763196192,-10.67929411918982,-10.656770674825507
-8.62947249967802,-8.806751584043338,-8.739494393439989
-12.440379411291943,-12.537189586719307,-16.0165532285382
-12.493843087657442,-10.218887161382185,-13.7015201047229
-3.1648975319861643,-6.59613689598733,-0.8253392768806447
-10.347138935499416,-10.7610846892184,-10.651011406180174
-8.421368624956054,-10.247931264474119,-7.039724330700737
-9.644705302157824,-8.752902024969442,-9.429952056023948
-11.33625299768824,-10.99382511366237,-12.069390151747205
-8.525161361065415,-8.525161361065415,-8.525161361065415
-13.449760818717749,-10.513387418524612,-14.359094886493006
-5.606251235526633,-7.666051400827294,-5.126538272836697
-5.7077485109720625,-8.96039490045609,-4.748576996697888
-8.396622915436906,-7.472119480044452,-8.811674967165644
-9.095047807461032,-8.599028363582105,-9.501094268808531
-10.59722753332103,-10.58048754200057,-10.671128037452725
-8.129047437401143,-8.684054680230952,-7.843928413351599
-8.525161361065415,-8.525161361065415,-8.525161361065415
-7.487811467142813,-8.944984409342368,-7.226046517736089
-8.938328545192311,-8.654376699139664,-9.62913977642519
-8.313276587481829,-8.639742478827934,-8.425597834078054
-10.196308225064799,-10.74928463078787,-9.901064659753809
-8.39573944737556,-8.601365227736116,-8.720091788992852
-7.063562380145443,-7.121013220602449,-6.572701924972344
-9.473192434537808,-11.125893825506012,-9.096880362608566
-11.174998168830763,-10.662417754826643,-11.994323098591632
-5.664463096038757,-10.28111571861459,-4.594336070990476
-6.237416465465095,-6.298133189883435,-5.338814294352039
-7.020023606586645,-7.158163492337377,-6.287403387727779
-8.552032616119947,-8.521484303687576,-8.582964684482265
-6.995990770469434,-7.229687925030351,-6.2708854701073165
-8.633469896521484,-8.56821857668821,-8.784017546295798
-10.754790271899115,-10.835785002479732,-11.189755156046386
-9.586507956386733,-10.22602030830373,-10.161542920846298
-10.814553715485966,-10.647130788925887,-11.327869681084595
-7.996529564158704,-8.963932712449228,-7.819283091199184
-12.158691018429622,-10.67086510046816,-13.317289579907955
-4.937722786754434,-8.011584034743853,-4.642554580696222
-8.401307203768432,-8.716214038605532,-8.393618369619135
-10.058849827828631,-10.883246036348892,-9.981557193389614
-9.289149981592693,-8.601179681366167,-10.48230895871129
-9.923908579764602,-10.004217575108502,-10.215057443282653
-10.584244567052114,-10.677956405849914,-10.93422745559442
-10.578186049671597,-10.58324705816304,-10.587973232147007
-6.316673695397824,-8.838196938621506,-4.6014546642975995
-9.911479033005207,-9.785789053842208,-10.21802814292885
-8.384701175435083,-8.443934010987144,-8.355591151010794
-10.687542941093012,-10.918345424960824,-12.157373830737507
-8.689299441089384,-10.272394431581489,-8.590681304002016
-10.113259803521142,-10.636302684063931,-9.679047057149404
-10.657446979941504,-10.878639164592297,-10.893299803007459
-8.681310586888337,-8.569564695156693,-9.009482173300029
-5.051847025193871,-7.489754324460397,-4.56952299322602
-10.501698952368221,-10.44726970245116,-10.414730459868437
-9.818161680241195,-8.81155687958007,-10.527516673971856
-7.414395911493728,-8.13829188307074,-7.100759069446625
-7.8179831265608986,-8.992133671331418,-7.642999721114348
-5.488904177750532,-6.822171585962726,-4.824767816805301
-8.252619985157713,-8.91906077190922,-9.169847863143884
-9.534727015090109,-8.724598546197775,-10.342435151121459
-8.898893362479978,-8.822270084559197,-9.484620125184668
-6.917253684748986,-10.312182977793839,-6.4253328797607
-7.629500613915461,-8.758588083905249,-7.25446795441603
-8.770409295838997,-8.236841940324517,-8.482013087503548
-10.474830190204742,-10.747521724935352,-10.308194927102468
-9.251757494774841,-8.56871384749899,-9.83548636668013
-10.065986031775278,-8.553799542171905,-11.812176321761275
-8.541991931112806,-7.9926223448681215,-8.50686041776635
-7.388833875870056,-9.842450052436494,-6.61893657050222
-9.586545574829612,-8.619382646755687,-10.38370278163029
-4.273411593428014,-6.903381765484988,-2.724741324373338
-8.69448531741399,-9.423806801140335,-8.416427509249594
-7.375481079086433,-8.409962525159013,-5.9043822351092
-7.062660374904916,-7.019418728229964,-7.20511301773853
-5.72211861800411,-8.597279997878847,-4.421119131854949
-9.38939688936227,-9.52812111187342,-9.440313242703066
-10.640106290034801,-10.652477714471061,-10.833301049571075
-12.499130680748896,-10.755300482172816,-13.297577956675298
-10.60460290274525,-10.60460290274525,-10.60460290274525
-10.276040191893765,-10.701209745145404,-10.132589900310716
-6.666115056423268,-9.117423576156101,-5.985945871491785
-5.81583888058478,-9.085614545627896,-5.107334573540942
-8.295779228042079,-8.81970251134638,-8.184392284518855
-7.172868363559239,-8.140590663641476,-5.8264376924411225
-8.525161361065415,-8.525161361065415,-8.525161361065415
-9.2695780974315,-9.415026050228173,-8.835995350151464
-6.107518958576423,-10.203224281955073,-4.475921761341641
-8.36482272546223,-8.620811047638464,-8.305944039768391
-8.363895338975052,-8.708840344946864,-8.36827076426539
-8.045749541184515,-8.580548404867976,-8.965197001020417
-8.294650823979877,-8.69784468157983,-8.326493702664466
-11.371558160922563,-10.58027168116776,-12.119529925695355
-5.616971830962686,-8.41843604764734,-5.289186892192768
-4.804717580976042,-8.279840018886807,-3.5766037534187927
-9.709066644016254,-10.525823510299004,-9.749876624957944
-10.254013031550583,-10.891644185403308,-10.23093599966762
-7.223691842552766,-7.266606913702735,-6.74218565559688
-8.835647078561957,-8.69170670649974,-9.837070663748712
-6.2389649365021524,-8.397239696686746,-6.086607381858952
-9.887168485212715,-9.78362996370183,-9.798171668783176
-9.561518845226173,-11.009837325936422,-9.921768687292731
-10.135526896937987,-11.309326190333865,-10.09728344766189
-2.1904771208146374,-7.40935766450261,-1.7147555996734147
-8.41210922455312,-8.657407513954832,-8.385608257753914
-11.130087174348239,-9.954228706974298,-9.966721458104063
-7.590402147456882,-10.141666189027754,-7.213226510878431
-10.734400146499087,-10.516544356503834,-11.101956264026029
-7.484448604043619,-8.755276877050223,-7.059454081705593
-9.911697464268654,-10.629626411314195,-9.772802929554013
-10.958029875076956,-10.724412418225198,-11.497197412042235
-11.210011063476596,-10.49818835755982,-12.357074259415139
-8.973596691506751,-8.845164160532903,-9.305666345465431
-8.277963765103285,-8.8237497479514,-8.639744062134572
-10.584244567052114,-10.677956405849914,-10.93422745559442
-9.942068189601551,-10.216220987909841,-9.817891660529087
-6.09452824031086,-8.483425633510521,-5.402436802094745
-9.377081900719944,-8.79131920492639,-10.119378675153634
-10.2894729249019,-9.207114962909248,-11.103054127323892
-11.334694699961553,-10.896444923215611,-11.98859441789066
-5.444150210151752,-10.005339107273974,-3.9496317591071364
-5.99601357383272,-10.490891954212467,-5.194451842479144
-10.947878255673047,-9.91802073491293,-11.589905397251835
-10.985383390568565,-10.855280341346,-11.527817941415984
-3.4797134606284765,-8.030494494505698,-3.041067275844481
-10.715894849104924,-11.005400624412488,-10.853222718414969
-7.932594115671837,-8.376980017576477,-8.188917092206474
-10.07577362413961,-10.588236267045342,-10.057925968095448
-8.525161361065415,-8.525161361065415,-8.525161361065415
-9.682151962396295,-8.718843110305746,-10.858683220830196
-10.48180166473394,-9.322258617609206,-10.748042274077244
-6.189079077920407,-6.06462443635957,-4.956285081892615
-10.467501155223726,-10.49457999661879,-10.837528882533585
-9.216691562651505,-8.952657116600992,-10.151931100095604
-7.740222640743521,-7.300161984188579,-7.573739892438877
-7.889225400168475,-8.699485511782669,-7.503717790149988
-8.752777882697997,-8.872781554175804,-8.82504585854214
-5.810436955866265,-8.374093114419708,-4.909342777786624
-10.275455431322715,-10.699637227533643,-10.281494235845875
-7.693511738190491,-8.733604046598956,-7.457172979379455
-5.700031032692138,-6.09114344817579,-4.298201193435611
-8.881719736483333,-10.111371016039708,-9.426308477415843
-5.7062558765689495,-7.756733400026015,-4.838808294589822
-8.759553668396357,-8.433116337421598,-9.564386483550189
-12.15300016213586,-10.832859736875221,-13.389159570269426
-8.525161361065415,-8.525161361065415,-8.525161361065415
-8.375516587759101,-10.085533787542282,-7.110729492655586
-8.783579324648974,-8.520457475375387,-9.16514943445707
-8.565767887654353,-8.63123010069178,-8.745220159872355
-8.853809554750304,-9.693317159158342,-8.763425542181631
-6.181758887607058,-10.25329390524999,-5.672254565042919
-4.458369515931722,-8.15904036800573,-3.5858446240219104
-10.567475514522343,-8.156795122053998,-11.602764199132476
-6.927722829204527,-7.261595654021575,-6.05973688525385
-7.379973788186037,-7.6618678507893785,-6.909113269305218
-9.9877675083508,-9.729138516742092,-10.07376999213376
-9.353189777517473,-8.634382767817836,-9.05440051470099
-10.068585789578123,-11.377362569173105,-9.792829220320604
-8.522814573900218,-7.940673945962106,-9.60634422979648
-10.103223631199333,-10.731023486545368,-10.28601184719722
-12.078686235489645,-10.823640947164295,-14.352026741398607
-9.248050588420064,-8.777056631682749,-10.525034126840556
-8.893661709958423,-9.127037400383607,-7.758757349559327
-7.412451009184103,-7.708527646706362,-5.793544824651457
-6.811652702857144,-10.547239561490205,-6.576097653622983
-8.663683025885625,-10.008909623020903,-7.691871628539276
-8.060685489569185,-10.582919837221059,-8.592772190951669
-8.420930214520194,-6.873780425063502,-8.333842621613453
-8.52959216328777,-8.7772506444411,-8.697845390874903
-7.105896190623429,-7.101601923324301,-6.6558548256619945
-7.517646787036174,-10.653293872208783,-7.532548678376239
-7.449992174522458,-9.043338723420606,-7.031767285628544
-6.048820835496408,-10.442649205245237,-4.4627022746922895
-8.283818493044645,-8.87897937518708,-8.677144353223227
-11.004027858390614,-11.76582825279794,-12.146872664644095
-3.681795608674322,-8.312012279840081,-2.1843934936012954
-10.675935525304498,-11.832325542063577,-11.996420276563063
-6.98244689952977,-6.826072208267464,-6.141228155782867
-8.05989598686914,-7.953901697096369,-8.248480001194512
-8.751222620343105,-9.598393610422795,-8.262773708054981
-10.722747547976033,-10.580186089678483,-10.857157002370455
-9.366288483392195,-8.444724157344167,-11.10598379834245
-8.074957055365989,-8.158739761250406,-7.821190856773385
-8.471823172996652,-8.735566991544587,-7.4161258320422965
-8.53564964383231,-10.393810175831629,-8.02523151937523
-7.284941736402002,-9.176016159525963,-6.709200775966593
-8.723094560206283,-8.765727275507524,-9.235562318339054
-8.947309167554275,-10.17264667520349,-8.226395515065123
-6.633650306565528,-9.141876763713812,-5.926354432999503
-10.60460290274525,-10.60460290274525,-10.60460290274525
-7.545423225672108,-7.4318192623010155,-6.966405040839637
-9.03199341704868,-8.568111150294095,-9.291144745371295
-10.086152194312728,-9.494653640424263,-12.043942827712403
-11.715268108032689,-12.459360096378289,-13.508000951954607
-9.086986042507037,-8.385021334524874,-8.768396232687182
-9.33333265996827,-9.27406051500037,-8.953301607477227
-8.054820220058232,-8.839245661655683,-8.521140726282802
-11.622997529349474,-10.631448104479887,-12.181702511778145
-6.231882721089907,-10.353692140312937,-5.135060767261014
-10.11333695205766,-10.812652554193729,-11.079945173527912
-9.722639531496878,-8.724561482121693,-10.05326858803765
-10.12972305097127,-10.989359868901428,-10.307884351556677
-9.233244925648934,-8.51670871364759,-9.735308132935051
-5.270304035884168,-8.216834070557981,-4.1138853450256745
-6.769827784209468,-8.039057232111276,-6.452904293376996
-8.422837544867454,-8.186839484982553,-8.320986221950328
-9.622606406241118,-9.617838992023641,-9.635725595978156
-11.257717115045455,-10.622198614617314,-13.222145704645927
-9.064139420175449,-8.644727759913929,-9.376653648695905
-10.567207981908144,-9.828470182895153,-11.513853948840682
-7.884147790678895,-7.892516147880927,-7.984737572402233
-3.7179884042781035,-7.999457654978052,-3.7923023544855474
-7.023548236272488,-8.11323678582812,-7.0048050112614115
-7.782150203983863,-8.178875961224248,-7.691102025602452
-7.195166428362945,-10.25288661607997,-6.314849329275305
-9.955192631231062,-10.740832500974578,-10.2332369524214
-4.29065576978012,-8.294617233964914,-3.486727942687003
-10.622947024910165,-10.116200274291375,-10.792125944164182
-10.668045741969008,-10.993719252728136,-11.350097979551142
-8.524108321261288,-7.628144831831768,-8.297035090990928
-11.421763308955175,-8.765054451900735,-13.491467946529678
-9.609122889268058,-10.64007314399648,-9.647358383730424
-6.668336831402273,-6.614289695415641,-6.062151351103169
-7.371324259575688,-10.200995861429114,-7.4608627990926975
-10.275455431322715,-10.699637227533643,-10.281494235845875
-7.962555992298985,-7.984804890553792,-7.867230772303056
-10.540101580487246,-10.728891111561746,-10.502644822718294
-4.297203257445733,-6.712670724703456,-3.0727147663443146
-8.342873379051161,-8.783018000496602,-8.762579272047823
-10.965580112975877,-10.974664756488883,-11.069283120787828
-9.443031480869731,-9.969349030298794,-9.295605901526159
-8.929915125666527,-9.098790975730479,-7.619403369881052
-8.348912509460822,-8.443842101719895,-8.497965071982204
-3.4096757736060437,-6.733869558334559,-2.371175792238206
-6.809833223580889,-10.282283280306494,-6.512631335932237
-8.725078141838157,-8.601091034511379,-9.157132186032387
-10.168312242106868,-9.059733209059903,-10.917625039319221
-8.525161361065415,-8.525161361065415,-8.525161361065415
-8.99935513767605,-9.30204630282221,-9.969152736536296
-8.613302798974484,-10.365773759375372,-8.789143542819367
-13.396594646276725,-12.20350475633489,-15.462037132420214
-10.564536833996637,-8.878078855200728,-12.047272233560117
-8.169912973051671,-10.232320203348573,-7.875241289948775
-10.549657415075492,-10.700521218603964,-10.849018221399888
-8.997694878202632,-8.986540216220192,-8.922707410723525
-8.216537228114078,-8.508220224480723,-8.18805955247188
-11.753199826945213,-10.63891626090649,-13.59828586631331
-9.691420380148667,-11.254254655273817,-10.090317042297347
-5.7262934251876025,-7.853346727960534,-5.524043187692772
-15.272000544264538,-16.208864425051758,-18.832722977703973
-9.353197839289347,-9.94899942239047,-9.269365721421401
-8.779707210971704,-10.804717856203048,-7.342392541144026
-5.67532122885112,-8.111505912513946,-4.057209023739059
-10.546455335219164,-10.52712515429503,-10.544950099418285
-9.87552466202926,-9.902725137211453,-9.852946593736927
-9.40757008113249,-8.298783368450094,-10.483183689564651
-6.77656512363769,-8.867087128650704,-5.46292702561641
-10.79351127623279,-10.738521952126458,-10.840713540361527
-9.497956145798625,-9.562962331332809,-9.177786687052002
-6.413035111365969,-8.224488458026396,-6.012886927102857
-7.6183669979413065,-10.489125816946132,-7.563187087849217
-9.001752290464362,-10.55394200359851,-8.676573055106381
-7.6931541041242975,-8.213900658350157,-7.2321459561460095
-9.789235108893033,-11.256380386683155,-9.861131975198804
-7.435173775124442,-10.049944156173567,-6.876859085661453
-11.303187229566309,-9.93484375455554,-10.974134543486619
-10.41955236816449,-8.146451300079482,-12.94128506010237
-10.321473513399857,-10.93735938240323,-10.608879423153777
-3.625135476656266,-7.669734615934729,-2.8468044929434817
-7.399246292939782,-10.682175700276957,-7.331858260887348
-10.263024733053696,-10.747750851730963,-10.898270952894716
-6.609168325581505,-10.13695275907114,-5.469098884065859
-5.654445826697818,-7.8338206495498,-5.0946750528648845
-7.462186646701473,-8.519893636292492,-6.6665331430605885
-8.444108157017705,-10.243004583828956,-8.344803594854268
-8.579503731808373,-8.544850519438805,-8.89344990159012
-7.657547995907703,-7.832324785907813,-7.415792746530341
-8.556213773740263,-10.023126397012925,-9.609482825610106
-5.623100317249724,-8.173793614490087,-5.370792153160052
-8.032152584172344,-8.565069585921549,-8.236765965842828
-11.078915724714577,-10.267971875816583,-11.310531134926755
-6.177218978154122,-7.6103841206973994,-4.8929798321122195
-10.570440249798056,-10.659338527586636,-10.660179899046003
-9.954543952822835,-10.658777212460535,-9.148962865070947
-6.891562905380015,-7.084459169258701,-5.8364660970634725
-8.568754551373138,-8.876659463076018,-8.520012986570816
-11.093487297809446,-10.07365348287454,-11.793064530810927
-11.171699534559675,-10.48253658114356,-11.743251261164595
-8.504675943253336,-8.900519573332078,-7.586431821976387
-8.987106778225462,-8.49710308523394,-9.62371913972678
-10.047477918327996,-10.794308700113227,-10.82459517172523
-10.584181231635652,-10.67401635134651,-10.629539190146678
-10.11680592453101,-10.804475796709875,-10.399173265147967
-10.60460290274525,-10.60460290274525,-10.60460290274525
-8.796177445282835,-8.779908047265131,-9.419462231198453
-9.199792702920693,-7.957128532533272,-9.09875157394767
-10.71199557911209,-10.849747017452813,-11.047048682223163
-7.360563414785779,-8.729971095990392,-7.025200006880523
-9.340609386916382,-11.215884081517336,-11.25191440639435
-10.602778458553392,-10.580585826840188,-10.690046227493294
-7.768103421721343,-8.62079570851908,-7.546307421170925
-10.656677610888146,-10.572114176745576,-11.306246490803334
-9.339521442090872,-10.397933633030455,-9.096885586199793
-8.525161361065415,-8.525161361065415,-8.525161361065415
-11.003155863352893,-11.229772814713762,-11.981843932418274
-3.8843973208925484,-7.748220313753115,-2.4389810125438687
-10.27122490235823,-10.806660665401736,-10.317789102294855
-9.424603316369813,-8.635450087331906,-10.010676340106738
-10.640067740643923,-10.891929029313994,-10.659669389908231
-3.1430060363583605,-7.249607331191199,-2.3348827952528857
-11.793318446935958,-9.380834271057378,-11.99382325260418
-8.431015477696963,-8.463999556666153,-8.35251546037516
-9.756729916261532,-10.81101670067286,-9.533152216489926
-10.60460290274525,-10.60460290274525,-10.60460290274525
-10.750844381316321,-10.41947109306878,-13.002906775241197
-7.922775424029005,-7.20175873953868,-8.831206278874472
-7.3726382739910585,-10.568758780293255,-6.663765401688474
-8.444057237368824,-8.386389437134358,-9.032075380692088
-7.7235369737361115,-8.82567396318669,-7.24797054060294
-8.33786330975108,-8.674482027777183,-8.304306670475158
-11.039769387315514,-10.950933649637218,-11.677035352523196
-8.525161361065415,-8.525161361065415,-8.525161361065415
-4.530352349387532,-6.096847701775208,-4.480579238699721
-9.596337329861532,-10.408351805453448,-9.565160252547274
-10.396687440636372,-10.778656712757826,-10.60244421122237
-10.784037292665337,-9.676672140259129,-10.757574119853569
-7.558013106961781,-8.790286161413471,-6.885937795702004
-6.447238939913383,-8.47523230448805,-5.361478093251253
-8.282641554730162,-8.886147382554945,-8.315975753246349
-10.481870468698636,-11.019069461978187,-11.20866630713381
-9.623333683814252,-8.802295504086885,-10.080404695393092
-7.318529499305326,-7.526874104439911,-6.891939828303822
-7.3756384328457045,-8.911219638942228,-6.989536621413662
-5.473635514915519,-7.801158126970412,-4.680245465011626
-8.618917178189378,-8.378454866510236,-9.534288963463888
-7.049127813145459,-7.105344844729578,-6.473505062682141
-10.927139478138141,-10.737520062541634,-11.562943244237925
-8.328408079530018,-8.605169622972705,-8.288428742025955
-8.59522751435135,-8.65952431612899,-8.855594864836661
-11.001740425936672,-10.933362517951283,-11.372099657726132
-4.974438879913862,-8.13295933118396,-4.396686409915621
-11.800944788790286,-10.686685618778247,-12.63094564451852
-9.73029430052207,-9.610988035605628,-9.683858758175548
-9.243045607028643,-11.017755423077753,-9.02673631524316
-9.988479239519299,-11.055034376193218,-10.264541132286125
-8.3949725479408,-8.393053831483412,-8.471251465468402
-9.83251504033858,-10.820012296681524,-10.00308716521304
-5.093323534060718,-8.290891579662782,-4.083335189280187
-7.0610554022996945,-10.178080886716788,-6.6696346986132395
-14.025809602140164,-12.50068997365056,-17.94643893367814
-10.984035078461377,-11.511858835149983,-12.202114488141213
-11.98165670720624,-9.165854690288773,-13.479128882348979
-11.784888368950275,-10.671283120163611,-12.634951650637198
-9.92895131074553,-10.784731919780656,-9.498188454393533
-10.592922918037214,-10.26842058968449,-9.916047718134042
-9.670466528242782,-7.529204835642252,-10.94165193433911
-6.997812485377854,-7.101282736069329,-6.2920593718619875
-6.519966798878916,-6.88503657454868,-5.796910204372496
-9.730850652214116,-10.826941855496756,-9.591848549113834
-3.1031104917926613,-7.930927764595494,-1.7646479672411421
-8.441823599205081,-8.365510578390058,-9.043972395792583
-10.707777215752134,-10.784619515028366,-10.506351623686962
-6.001042385623876,-8.016307338993451,-4.2937743998927935
-10.609484820609925,-11.034811307615572,-10.57682001608521
-10.700504316273314,-10.50265304831997,-11.372318816599746
-13.105918380663896,-11.596212265288242,-16.198973460208908
-11.617156544377597,-10.853650928634009,-12.219759036516091
-8.389254105227463,-8.43872670512816,-8.553066133208906
-8.080061221726721,-8.657998474575674,-7.818256254884194
-10.860731067003401,-9.899166867969102,-10.91379820993951
-8.482695563930085,-8.570305958845406,-8.514584233899292
-7.458788054633484,-7.695189768000666,-7.1258446584117
-9.9523502254396,-10.724420551338405,-9.84949161341058
-11.518723428137127,-10.456069815169856,-12.609149055385672
-10.722758014123693,-10.528251667865593,-10.906022347640366
-10.196373172282838,-10.792619283682571,-10.039644294354865
-6.811161414838706,-8.429436649210157,-5.731445135916312
-10.026384119082087,-10.748250366955283,-9.69575937609932
-11.862837942077311,-10.784655990197956,-12.639806611799134
-9.681567848025077,-9.082025254491409,-9.588147237735352
-6.583479901290781,-8.13602968697012,-7.436536338874836
-9.34808661487895,-8.718069477619345,-9.634443039278715
-8.765138196057784,-8.45336602820592,-9.142266415469518
-5.67851934376283,-9.431201366790928,-5.242312795158207
-9.678171772758681,-10.124639434443628,-11.614999716651914
-7.721547276673651,-8.734662480951487,-7.4956669882457945
-7.93789216388277,-8.925670690812863,-7.612238363807096
-8.535340902359685,-9.375283535200825,-8.013570388020323
-11.55569526879332,-10.93396516437939,-14.91877966633008
-10.365406587154792,-10.72287980044226,-10.42932588875539
-10.824281298108934,-10.309041596198675,-11.89210207144045
-8.47056042808072,-8.717560500710459,-8.643347684228624
-7.5477379605029595,-8.776987657870327,-7.164695733315159
-10.140939642228936,-9.046328237342994,-9.797437339367255
-10.200765524267805,-10.805520495239119,-10.412086515728673
-8.648116724474159,-8.885335249122752,-9.088580201124325
-5.166177326457626,-7.552920764820533,-6.244036304251862
-6.354831850121675,-6.395642712869085,-5.33541733957904
-7.299779579028088,-10.3488045380585,-7.491136802573439
-6.821747932780849,-7.297960752268693,-6.311682988008682
-8.499680904964393,-8.597301955727518,-8.503061754899605
-10.670095496701576,-10.79982346617137,-10.923608420109712
-10.562974048138683,-10.687344160117366,-10.838600599912015
-4.936834026979189,-7.51421623556372,-4.521943906699323
-8.301485536238927,-8.603895681878848,-8.43123967527505
-8.472714042360328,-7.21675751255364,-8.63203028375323
-6.651583076328724,-8.179131525378372,-5.705451362961687
-8.772668366487483,-8.619567742585064,-9.119580703601628
-10.354687748865341,-10.910410373737824,-10.336292489106095
-7.427437111985838,-8.204677464346103,-7.4642698655946145
-8.926474520172025,-8.281101919174604,-9.722672264106741
-7.749675156245193,-8.968279951401614,-7.5573017785795376
-8.932595106017828,-8.71568336897161,-9.166371788340726
-7.792286430480271,-8.683572919371285,-7.46230561720774
-8.259988406939787,-8.612493724843068,-8.639856289183752
-6.213901843424638,-9.804566129910189,-5.354019248587785
-5.92428805952278,-10.005437365220862,-5.4219189050494485
-13.007634264823661,-13.121105484493858,-15.670361193707606
-8.529717155269807,-8.52036052753175,-8.51990162751212
-12.159874141325485,-10.71950810512461,-12.583299164592143
-11.124661780119776,-11.114636558914318,-11.795093022995136
-10.60460290274525,-10.60460290274525,-10.60460290274525
-5.046476108214544,-8.40636433626986,-4.873522306367258
-9.604245416205988,-8.73920151279312,-10.881093369864171
-8.171543939715002,-10.391396531436941,-7.777018658399745
-11.115758691664421,-10.857089495773472,-11.067604964045353
-10.18959204485246,-10.207527301523056,-11.153453965511817
-8.48290096552645,-8.773750103443604,-8.473272121730888
-4.632110262297283,-5.9456876161276275,-4.474894031500823
-9.386679133709405,-7.421884090126842,-10.112205872917825
-9.22447289119705,-8.729678110608132,-9.842812905985495
-8.41987913523178,-8.444956702486781,-8.375047213551328
-8.649561214819311,-8.626605907603743,-9.727212964629349
-11.232349149052359,-10.58115650862386,-11.998592131878217
-4.429287330350553,-6.82610759623812,-3.1879554199642244
-8.869819865897849,-10.29070016183291,-8.22029532874481
-7.077441198377377,-8.898642634612477,-6.38024439639303
-11.835055990866506,-8.021380186421297,-14.703782690028584
-9.92093136733184,-10.09236647730314,-10.29074225240701
-11.679832179138725,-11.058331114893138,-13.535706925976115
-8.89685883492503,-8.451482834024288,-10.39859465890358
-7.598173295319928,-8.703949495887843,-7.173323108902891
-6.88340572023264,-6.915197667143213,-5.818868811818149
-8.577586552608093,-8.388709185686336,-9.291072896655853
-7.967356790735909,-8.498270221719645,-8.332039021407724
-10.60460290274525,-10.60460290274525,-10.60460290274525
-9.403444158482477,-9.562084962768811,-9.436028916673816
-9.94738950981539,-9.914372901029804,-10.323607296083312
-7.356132756724007,-10.339831861441562,-7.241824730799913
-9.341487962825783,-8.67889819698422,-9.69769227234729
-8.123928596145793,-10.464233635385856,-9.048909467175257
-10.099095558790088,-10.691802156186569,-9.952227430276563
-8.908423160059867,-6.891993357213906,-9.33914057025738
-10.473152444495383,-10.965917398104654,-11.050379942818315
-9.818912604442774,-10.816009823831072,-10.252315745215308
-10.268103076463955,-10.694096898212662,-10.338431751390212
-8.347059611174954,-8.435974204500672,-8.438129662470013
-8.657911388837343,-8.659540292206733,-9.214135198045614
-8.33966726773603,-8.572475700235254,-8.515534806636817
-6.981129858729532,-7.093552118704882,-6.181549896014958
-9.459838341282788,-9.788957943528581,-9.381276075186976
-10.187711122076724,-9.5769350630835,-10.390578365461685
-7.253780942911908,-8.704719814894851,-6.982439416284541
-10.41251833036785,-10.585268194643279,-10.85983405916696
-8.50782415146678,-10.719353990177426,-8.676920525933962
-5.373348722240679,-6.694886916810637,-3.5610032278238144
-9.736464620205126,-10.907856136482886,-9.532978045279412
-7.400046072741307,-8.597466240388313,-6.915916490247629
-10.562784713297395,-9.872715199571742,-11.311504743838665
-5.433378872512324,-9.219139825621395,-4.408421392094222
-7.37466013097446,-7.524257192099157,-6.9481100322697955
-10.685559339372904,-11.534454018843068,-11.754231371783623
-8.718739665252432,-8.597959350492825,-9.060511172719371
-10.574885054498354,-10.88616921561036,-10.602891344245878
-11.477707661365086,-10.927071761664333,-11.917916806068316
-10.654614172697714,-10.511791172645665,-10.644580504517902
-10.163251737250942,-9.836763113881927,-13.099278169757065
-8.352624293427125,-8.950865387911788,-6.241047669865468
-8.76918162142027,-8.764341688104047,-8.614335298683342
-4.7620255330098855,-8.212036400084672,-3.3054439104214612
-9.167608508535784,-8.602590413447137,-10.526356354280358
-4.9017339167266,-8.131029381895758,-4.209474665207504
-6.583535872462415,-7.580491489229748,-5.817005808708324
-5.242615614208556,-8.028952604489662,-4.164272185405871
-7.45946162025587,-10.198043253663219,-6.980888109896465
-7.184398342661141,-8.959028883042313,-6.818450987817066
-6.938317030011546,-6.869803376699983,-6.063417459427648
-9.415905894453216,-9.137489919259883,-9.797834919289475
-5.528529878765858,-7.7705836005444215,-5.110737902479316
-6.559395910355515,-7.079372783553416,-5.79033067799958
-11.044885901846989,-10.897860816683194,-12.124566574006192
-8.783626626548592,-10.208674849139998,-8.3637702051151
-7.809390265077266,-7.887216026552757,-7.838257626103093
-7.225950720879178,-10.390053861676343,-7.45199426121371
-10.038263324784724,-10.633032655795015,-11.173273962201627
-7.224161993926775,-8.719281909078905,-7.132139928495211
-8.280942110503272,-8.757163264723532,-8.323464736938703
-7.2070032197214005,-7.141603510567529,-7.192123180771687
-10.60460290274525,-10.60460290274525,-10.60460290274525
-11.662397983236374,-10.701514693539107,-12.502980338180636
-7.094890834280713,-7.342410567055913,-6.158932753506507
-7.708270096194524,-7.5638402644264735,-7.522035626495759
-8.00307699132926,-10.1814693787389,-6.103667820014082
-10.048810983575754,-10.651350922001297,-10.211829878678373
-7.884386279758289,-6.185696498678794,-7.389555523351681
-6.162698459220861,-8.01764207360309,-5.832397749328094
-8.5474909139854,-8.910069059674026,-8.64826765919855
-10.418121663985305,-7.28854956412626,-11.968139437698513
-11.075684377632886,-10.085918172751212,-11.204571112771239
-7.7933745107778085,-8.775712357883206,-7.388930985149704
-9.15261861011029,-9.0113789224708,-9.331332452417186
-7.565211423822708,-8.697336711149546,-7.103458660055962
-10.09288591156954,-10.10114198267568,-10.598712687091236
-10.283087438538146,-10.701160525462718,-10.270730722369036
-10.754965240743903,-10.579387090560804,-10.829214544619582
-9.865474842163604,-8.684259351670997,-11.141528591301485
-10.777226842172468,-10.937936603988183,-11.194348122720282
-8.73389912928695,-8.572415696554499,-9.214373633906881
-12.002174024973591,-10.967913816855576,-13.591632756990133
-10.60460290274525,-10.60460290274525,-10.60460290274525
-8.497662328073979,-10.400593124246921,-7.919923603179806
-6.963828113390494,-8.728404480375243,-7.391446572093775
-8.355541668520093,-8.640315631484134,-8.40040346202709
-9.3351753397647,-9.473975183241446,-8.851286726182545
-8.42707640947973,-8.615622081881373,-8.41161561526305
-4.768552186693836,-8.241355235883978,-4.5547108866443775
-9.654297125808904,-8.73186714817058,-11.162663327758443
-10.674633793948386,-10.792821276317369,-10.6281124454293
-9.68185041091177,-9.667644163527857,-10.448629937841712
-8.187881751850577,-8.437220824934498,-8.653363516299503
-9.367867940545247,-9.5100095940985,-9.418363784859737
-11.537889558171196,-10.764852606479225,-12.452788290709933
-10.1700318138202,-11.101152292215648,-9.775171391343937
-8.832519465376803,-9.719686479151767,-8.0761702537923
-11.708043512000112,-10.726881151505692,-12.814671289871075
-10.216722436375752,-10.918841503645618,-9.729127184940193
-8.525161361065415,-8.525161361065415,-8.525161361065415
-10.035568441414028,-10.776778252953605,-9.79688899004966
-7.055848665757397,-9.883592452052728,-7.0413784735524825
-11.75563820960689,-10.719957718177367,-12.93341964854228
-8.523935797202542,-8.759285442960623,-9.354668473803349
-9.775306708245724,-10.058947238644791,-9.69136445577856
-11.849012117049332,-10.554944857320956,-14.313137971740247
-9.868517666258391,-9.90929328731279,-10.282499346294577
-9.78320131654187,-8.57184415833269,-10.562426394203667
-8.937286735949344,-8.333261420081385,-8.99500109346575
-6.0773212810268245,-8.200289847915421,-5.4290508416776095
-5.214326618406014,-8.105212053679423,-4.564250776088809
-10.60460290274525,-10.60460290274525,-10.60460290274525
-9.76370479895384,-8.616605240154326,-10.35707449840611
-8.40504765894588,-8.593258490582645,-8.47048105750691
-5.253019109482046,-8.230509825201278,-4.691014568778169
-10.429269225306186,-10.851318799322812,-10.261714260263037
-10.18864048058332,-10.922135151846604,-9.983353576325966
-6.401201015203705,-7.764474605751878,-5.2217676580846515
-2.790943363055487,-7.967660053714993,-1.7658953068616057
-11.96837785522179,-10.947744663598023,-12.038962431451962
-10.576220661735842,-10.66001286091589,-10.570283976227142
-5.646912798863103,-8.470972658622589,-6.693849714032244
-8.462073902739956,-7.774879742075515,-8.988244416297329
-10.373547658452257,-10.45483628621542,-10.95413910548695
-10.273865854237238,-10.605986530888565,-10.623260318664265
-7.814513469049648,-8.660816535181432,-8.162216974923993
-7.637297004547043,-8.07387506619985,-7.587918622188271
-11.645259014357116,-10.699266255560232,-12.1888568042235
-7.0078803082021475,-7.16148184735559,-6.060142760563963
-8.870587714621376,-8.520550354123355,-9.360291967269575
-9.897257847239002,-9.382440950997601,-9.981934091225204
-6.683748154337115,-8.411356827473671,-6.821819726380191
-9.76555408391035,-10.644390904591448,-10.023795647844649
-3.4550358783403197,-6.794885887071462,-2.383932024564754
-9.699597937155438,-9.426745829769521,-9.962813536776304
-8.520174078150635,-8.51987259031126,-8.520122437227927
-6.741921819293851,-8.213682251370356,-6.709263378186745
-8.386055761447391,-10.145073900784357,-7.912237806692707
-8.61214467569748,-10.612978481682505,-8.920351237594389
-5.460552878661444,-7.994854860825803,-4.911602610303099
-9.750600500589314,-10.29916099275685,-9.68765418131183
-10.704016170388053,-10.81685964234031,-11.56396620705825
-10.43864648770792,-10.806718368610102,-10.31032712442678
-8.170979202298218,-8.724379519769561,-8.263819151010727
-9.878428192898093,-10.789842920590322,-9.648132206500211
-7.209082767883673,-7.786132408758063,-6.831203748259956
-8.939092917184558,-10.45229348694011,-8.902926540259248
-12.290690774828123,-10.827539540675556,-13.547733990240202
-5.307978965998707,-8.083623808680406,-4.799016391644925
-8.536392811282177,-8.649342217750611,-8.538739183605419
-11.047643998612305,-10.764018610724964,-11.311203408703989
-10.783488735836842,-10.677454640541205,-11.675437298085697
-8.682827231082427,-9.881611818513997,-9.98229537563655
-7.0060070030786505,-8.113385734043879,-6.027306302940924
-8.525161361065415,-8.525161361065415,-8.525161361065415
-7.6965887372027835,-7.850806912386215,-6.864315077890082
-9.329973420342014,-8.480262094557485,-9.811349893970542
-8.663560936268997,-8.569122901726203,-9.337120595293035
-10.466993499723724,-10.687207351179302,-10.547609523657055
-10.53500191428673,-10.61606686733849,-10.670148208223074
-9.765212973355705,-8.560306305404103,-10.226014731015267
-8.636829424606232,-9.829508160536788,-9.077206331239172
-10.594545231787787,-10.482011425422078,-10.96155178121064
-9.304835840975874,-8.693397185222372,-10.355159978694818
-8.447887711307276,-8.674585478596196,-8.946518884098724
-6.5055898216979795,-7.14195499976729,-5.083919766305545
-6.764848650353284,-7.643562791514262,-6.08951065760032
-10.443879574269062,-10.49435497089498,-10.681241097897008
-8.921323244265961,-8.57052227278237,-9.408366705240034
-9.557484194016446,-9.523576783201229,-9.761672126900024
-8.031390424701785,-8.665543569605477,-7.802923391401786
-10.047281396134446,-10.760879358868232,-9.823079341347144
-11.000856318355455,-10.663905205812515,-11.478979032115552
-7.484328327306749,-8.508400492960073,-7.037876433817508
-5.292598862891639,-9.029726319361236,-3.56701966728963
-9.092068718344699,-8.801195275874633,-9.847439139878682
-8.162831097721885,-8.777147373807626,-8.177965236614593
-10.71360860741038,-10.82876549162918,-10.969332090308267
-10.825986819586475,-10.332194466468028,-10.703070721809748
-7.9971555745084935,-7.657862124609939,-8.633636600003236
-9.958599882560277,-9.660916405111283,-12.146911875492892
-8.214815790549643,-8.015274356091597,-8.441137016713695
-8.951633804876424,-8.825778454495273,-9.189246635612145
-8.712023017273495,-10.082858611264523,-7.181843738864419
-8.677460218430925,-8.68238467422318,-9.24721266758942
-7.554342349301223,-8.777261414234838,-7.185901587615398
-6.058738194648023,-10.15954749319313,-5.53899060876842
-8.03604491916409,-8.10540464337882,-6.654400685586956
-9.129577395401286,-8.873902551557451,-9.691829825185726
-8.77563445574405,-8.342040009541792,-11.019756937247376
-14.417640975281632,-14.975012507372313,-16.108689683293616
-9.246201953428265,-10.373545385658801,-8.868183158467907
-8.916723967710942,-10.101279790298255,-10.04523041111955
-10.93099772646137,-10.66860042243327,-11.24400934859587
-8.404850053858157,-8.62637020989023,-9.425715366853806
-10.60460290274525,-10.60460290274525,-10.60460290274525
-9.373602384144439,-10.858836396674196,-8.730569138656563
-8.262778749324289,-8.664653123629552,-7.908152788325709
-9.407117879718733,-10.43726496558519,-9.490902198875276
-8.525161361065415,-8.525161361065415,-8.525161361065415
-8.302740337516441,-8.639193476691473,-8.290232975192426
-4.706985392278492,-8.491472934760322,-4.052320804559124
-5.18682045324321,-9.908159421610947,-4.319261963009382
-5.226908334841942,-8.083217480654023,-4.678183754454404
-8.364857388876908,-6.720036046694296,-8.742945384214797
-10.125912505890073,-10.819865810408409,-10.378177076337952
-8.515741788559083,-8.56821857668821,-8.553897606253203
-10.363430470136578,-10.509448306459328,-10.450311774738593
-10.60460290274525,-10.60460290274525,-10.60460290274525
-9.526665541363956,-10.971320619871577,-9.080318953485202
-8.590450785767347,-8.601983570046514,-8.879641883945274
-10.086257037972072,-9.640788676337513,-10.24760289324237
-9.850821779931923,-9.867539444608445,-9.96768077223598
-8.590983882603952,-8.815664454320974,-8.882755630611125
-7.107124014393737,-10.45146328328239,-7.188325907478812
-8.669959514756437,-7.1680767420423885,-8.135312553352232
-8.571690816719125,-8.668472991806905,-8.710651845692391
-2.9839289010082624,-7.685225806268522,-2.6136115267791955
-8.725427439221027,-8.61682410019708,-8.845491679382693
-10.685172055344012,-8.66612352173199,-11.702590444171546
-7.5015454933841985,-10.443732458195338,-7.457506191410496
-7.175178089851592,-9.515111656846814,-8.663248188809815
-8.505151970310473,-8.607562512811036,-8.556602296748483
-12.889095075514009,-11.183935222233062,-15.437626104938715
-7.2477721948677205,-10.370643662400179,-7.358780353050999
-10.81874987856331,-10.504630562764008,-10.757562245140791
-8.37476306879987,-8.680203707127038,-8.329993743731777
-7.503166925876411,-9.601431319784968,-6.068910004269763
-9.772302368418053,-11.16502282870401,-9.367969293975719
-11.08976474927376,-10.641228834305501,-12.707946171492347
-7.680772391512295,-8.056254903581724,-7.502880279601228
-8.347053224187773,-8.939601888393167,-8.422480215000332
-9.680711215450247,-8.613698956200967,-11.265294856415442
-10.653327207168747,-10.675094504448781,-10.717555096224604
-5.452685240374941,-6.071848251418936,-3.9346863587580563
-8.424057589906527,-8.600829287073013,-8.598722153043138
-12.158855713280584,-11.291014210324796,-14.439642883639742
-8.242922188393713,-8.353401733034442,-8.51183844252613
-8.525161361065415,-8.525161361065415,-8.525161361065415
-4.330390150887982,-8.279977511064946,-3.3553405123934765
-7.450503061578169,-8.923825306121518,-7.190749358953404
-11.315833116333849,-10.713593490388277,-12.07860451930583
-7.1496509873146605,-7.172476722113719,-6.359270800342013
-10.885466273212886,-10.660631297507948,-11.485441439968263
-9.238234737457047,-8.52111340434568,-9.632518925493324
-11.917447683853048,-8.517108198826437,-13.316836848623327
-10.787907581616498,-10.504630562764008,-11.374049181619027
-10.94257228491151,-10.920657276967702,-11.697920451562233
-8.952102236756716,-9.36114145810525,-8.216756494721682
-4.3833440853017756,-8.071415622687892,-3.3720232978226936
-9.83575130983341,-11.099564350736589,-9.628018742218885
-9.72653505726255,-10.270446496756014,-9.618269274959571
-4.476079225187882,-8.154083271358147,-3.7854888430835536
-9.084493891924218,-10.829525775818762,-9.452388469423147
-8.654126182660503,-10.35399154368768,-6.85051123388939
-4.4532943060590116,-7.912188688568808,-4.008204173891632
-7.751269407791097,-8.779088853103275,-7.526229819532934
-10.326034030871524,-10.296162329866071,-10.715349258535003
-8.668672063211002,-8.650364898955878,-9.135981268098202
-10.185515056470162,-9.920317679470962,-10.680659963941219
-8.942406605261237,-10.628877341247009,-7.841662258115541
-8.28880712663434,-8.609542187369303,-8.178700203521895
-5.714513327085929,-6.881599139615257,-4.9158130702240275
-7.2925356267287125,-10.216060682878814,-6.359715970480745
-7.193759253686807,-10.482536246292167,-6.80928367637076
-8.176911208393056,-8.866192833459726,-7.754409154871264
-8.716253089538775,-8.726746365407493,-8.994451725633047
-8.539425717184447,-8.577018774185987,-8.599741909423063
-10.558069782309701,-10.807476197602584,-10.416547486912451
-11.226693185174643,-10.666679253521641,-11.524429065847407
-6.359137862690124,-10.329643761548992,-5.341173145975509
-10.835186498581804,-10.514034975550775,-11.285447656596006
-9.881714590941607,-9.79772598873008,-10.273426069893729
-6.314309693436826,-9.8267681400013,-5.688135739575816
-10.508778220730935,-10.677956405849914,-10.496197919777861
-7.378721070227242,-10.148609614276701,-8.200763608972805
-7.458994345668059,-7.520263205878122,-7.160944599044405
-11.7928940168357,-11.07283254729167,-12.588882901831077
-7.642818587551276,-10.387928891999497,-6.821566876472489
-3.8829921651191563,-8.007783293026973,-2.125405396134592
-7.958191421829363,-8.944306447437802,-7.751109817711678
-8.525161361065415,-8.525161361065415,-8.525161361065415
-9.826879578756671,-10.708194284321145,-10.483503462641485
-10.488336654854312,-8.761072642603992,-12.123326444954733
-8.879179087868627,-9.437648516901708,-7.736436536394672
-8.358640774890038,-8.387862433843653,-8.354206909074447
-10.683541390298439,-10.632411411868253,-10.858386749623431
-7.00283455684374,-8.038547281452594,-6.788155561393707
-11.24014821981876,-10.593265770213302,-11.956498432441608
-8.36482272546223,-8.620811047638464,-8.305944039768391
-11.839924362400723,-10.490828637115,-11.780135788014954
-9.177542887828475,-9.405787858839755,-8.534833108824937
-9.456700234586354,-9.453314224077038,-9.223079942625144
-10.689401376709721,-10.644967308649749,-11.131332719119275
-10.002970993886903,-8.544454817688527,-11.202577666793774
-7.024666838411373,-7.28276825796952,-6.544378632960596
-10.521522302057507,-10.490137766157472,-10.56159588860257
-6.049091609221151,-8.484198573113035,-4.829016441811012
-7.384917555872523,-8.50039643690534,-6.864921357148407
-8.446068476756404,-8.842923157085982,-8.734492716275064
-10.642196051689956,-10.600990213242415,-10.962407852510568
-8.001315980685094,-8.826761526535684,-8.094796403325454
-7.4936948241031525,-8.799267813129847,-7.17023121559579
-8.174547510874964,-8.960419380903557,-8.241195329394822
-9.126321295176957,-9.192724144917838,-8.54163399080515
-10.08391471745372,-9.519107264381681,-12.111809408385561
-8.18030010720031,-8.803052942141473,-8.019947754296567
-5.048753883963813,-8.397387945855053,-3.858465537970057
-9.047982748518494,-9.631389643498327,-8.518774236831769
-9.439972408233146,-10.909319507731512,-9.122210309930601
-8.500173378542032,-8.443842101719895,-8.394860155739472
-10.614481056406067,-10.6901604768054,-10.729869747225015
-8.479007658295773,-8.75426796977693,-8.319982276656054
-9.057814561058015,-10.224727113370509,-9.214940249218738
-4.3890029612746275,-6.974121985114961,-3.329113687468497
-9.063873961378608,-9.550122505506764,-8.032794513099548
-8.830826940671237,-8.521549472314092,-9.357885886697797
-10.243604140671554,-10.939045247747448,-10.88792805551493
-6.109977105361152,-7.091824983599787,-5.221043056537996
-14.441281903426242,-10.411648622044284,-18.570197543732984
-7.739742231013922,-10.290269135920175,-7.852516471135072
-7.817420085488224,-9.822974667292128,-6.911406432740042
-6.708886563286359,-6.832303509512017,-5.7843923698711865
-7.790354492139581,-6.815421795059574,-8.142358068354913
-3.7704415624962353,-7.493668441977458,-2.7643977619870936
-4.781147967057303,-8.228839611289253,-3.771073089033557
-6.532051925628514,-8.082070513888782,-5.747037281343071
-4.24950697619424,-8.344526345542276,-3.233463459963477
-12.277012102095163,-11.133962651671759,-13.096189165730028
-10.798853968082652,-10.71162657073019,-11.113243588300222
-8.645514920976073,-10.128151799394091,-8.59787120022985
-8.561387411450108,-8.595792391460904,-9.160458617055685
-11.79954305659019,-11.062769154049539,-13.195040240417095
-10.832355564819675,-10.496997367548728,-12.137739337973578
-10.816070061906375,-9.130674195832475,-11.598103200848175
-6.137308002113776,-9.920563398123795,-5.0971894572528935
-7.192841877782059,-7.186591520639073,-7.3446326861510665
-9.776127875670007,-10.814705846154286,-9.381445980689072
-8.198164823076143,-8.647298538812727,-8.217944030800302
-10.528769378857959,-10.67051955105539,-10.545767397972138
-7.372111873815717,-8.646885237503692,-7.038509301279319
-8.355069734675634,-8.687110181883952,-8.657375037159486
-8.35596470295273,-8.837056556224937,-8.639140099261036
-8.525161361065415,-8.525161361065415,-8.525161361065415
-9.915107611793399,-8.634576678508685,-11.322399565424691
-3.7437337038125422,-8.137090435661047,-2.8603322653537244
-11.611624048558848,-10.782698995407097,-11.533090230533873
-5.658388315180063,-10.540991728007924,-4.652900440499697
-10.938751783182894,-10.703119220208023,-11.29083581692531
-11.053939344692845,-10.532552372816554,-11.48328630947741
-4.9401991256762825,-8.212588085501794,-4.476277031822954
-10.764071827242843,-10.605042721080649,-11.318329903710211
-4.439899073878221,-8.233338536088532,-3.436537354312609
-7.096301700992999,-10.16234515007872,-6.540163701314018
-8.966970157959091,-8.744848780193085,-9.215223725420454
-10.30026196633553,-11.105363591506505,-10.522662542143776
-8.772144177689869,-8.481951747189202,-9.07206002850676
-9.10538506941051,-8.56334957293066,-9.502201370203046
-10.641474949783486,-10.402858768204364,-11.559341917657004
-9.102562269112736,-9.263417706421508,-8.399724793713316
-8.611568368775444,-8.60950793029652,-8.715675124532414
-7.374633330216763,-7.572444045281089,-7.101777708663428
-9.845720222256418,-8.66057399810393,-10.399782011758518
-7.076837924123151,-7.452427183591421,-6.4150662892590145
-9.273218958080228,-9.467791213428688,-8.81467515690703
-8.603353149475735,-8.51987259031126,-8.667833637988164
-9.883467286008967,-10.870963418943658,-9.396183015320322
-10.467107927031472,-10.75842580486999,-10.395405001361997
-6.343330049371028,-8.979996195622189,-5.277774978775965
-8.036386709959881,-7.4717313496735995,-7.767412988104833
-8.139941976674812,-9.15961022622454,-7.760526874476173
-5.9256344802050265,-9.132690021178167,-4.355118862381662
-7.571564231444739,-8.623709927487518,-7.5951672844352425
-5.948357578607539,-6.7086097007545495,-4.289320764254345
-10.598936887709693,-10.607453702872455,-10.799259102283356
-8.63910415825025,-8.427939178441191,-9.139646905212667
-11.153729096742428,-10.754924896496949,-11.884955917871338
-7.82512332527278,-8.06503892642138,-7.996263927102442
-6.366519560954535,-10.441653812773806,-6.179209112146905
-8.083599212159811,-8.569400651413625,-8.015619151604664
-7.227975301797218,-8.340132012263801,-7.039057417855052
-7.6145770247295275,-8.78375812015086,-7.221562294258479
-8.525161361065415,-8.525161361065415,-8.525161361065415
-7.196534788638095,-8.093659979117618,-5.6749332501974035
-7.499553097573571,-7.773861922366662,-7.381757994170235
-8.655172286027472,-8.481881441932924,-9.277163592954288
-9.66478847318675,-9.574122825580083,-9.657605102760241
-8.028987883384143,-8.70235429958524,-7.770689032765434
-13.342449277895303,-13.464129736062082,-15.026854713147392
-10.617531364512798,-10.58316786048007,-10.615621155044602
-8.391423878331578,-10.137203064260357,-7.60765620071056
-10.279635516554213,-10.639552543875674,-10.38249236868551
-7.929980715300438,-7.675332523630899,-7.650675111334242
-10.297920313095032,-10.475200788956226,-10.42880834968697
-10.637661545935805,-10.528251667865593,-10.677878842846653
-8.142978757091916,-9.409916205644434,-7.579493391966438
-8.180277598776703,-8.647766926782062,-8.069119299169744
-8.257789870308455,-10.148208644123333,-7.554706950914823
-7.434616120392923,-8.771020906523596,-5.417868774992692
-10.803436342411997,-10.830542950748773,-11.649000857057935
-5.413795838272708,-8.194269753036085,-4.577410488879862
-10.443364715688338,-10.882439305164874,-10.442961346411654
-7.746918781204239,-8.678959577763258,-7.466205061615489
-9.024580081818655,-8.191417898770801,-9.59680843072682
-8.054637661898171,-8.804286618893459,-7.7632461574533425
-10.382656756395946,-9.913122566721347,-12.07254048272978
-8.6312169662276,-8.674482027729582,-8.753741348234618
-7.158085407165146,-10.161075893849183,-6.3121076869285675
-12.533763922415838,-9.381393924455324,-15.337339547209245
-12.502763958590062,-10.82163951057673,-14.391988232767545
-9.620028198398396,-11.081412268556683,-9.816518200620363
-9.498625888297584,-8.869082920876025,-10.318850085465915
-9.615224236692569,-9.563348865685322,-9.656234067867656
-5.301909582474784,-8.451210962940277,-4.670139056235359
-10.16695997585617,-10.738819329283183,-10.015884622598794
-5.577265004915285,-7.698838980867296,-4.861364620114732
-9.577447474318742,-8.577536315087425,-10.032557988422964
-10.300728804136936,-10.978715100549637,-10.125077064292947
-6.069764419048669,-6.593938364390652,-5.399644787407568
-8.131658767671052,-8.75263958923822,-8.029845875869894
-8.858839711010367,-8.534758088941778,-9.073952012818166
-8.487963587017616,-9.599026235903983,-7.65306377349894
-11.668945594475646,-8.263505839922184,-13.688177572670757
-9.006893205634464,-9.072542541794473,-9.385967154911603
-10.936546839393836,-11.29419690130243,-11.783701881420503
-8.827344615583248,-8.647568907662427,-9.329922089902107
-12.973730561444132,-13.321814023558295,-14.029956147305839
-10.694824353929484,-11.002554528657523,-10.980833204753031
-4.956126858487087,-8.311993480418666,-3.7764490941542066
-8.149525910617438,-8.30214137473997,-7.875936851393018
-12.468571895166814,-13.285235310680227,-13.400687829309856
-9.400867867591916,-9.227357022416918,-8.717036353223978
-8.994844189416726,-8.553538352116915,-9.095043226718595
-9.769837238063474,-10.06203895298282,-9.447093400592522
-8.827607135372384,-8.6885688625747,-8.87506272681094
-7.9255722028992475,-8.027392696613695,-8.078426490052882
-11.02617707650314,-9.119399320078465,-12.256975784008288
-11.304641453918396,-10.43816225348101,-11.299135444728277
-7.199883319700317,-8.518942793253869,-7.429446923766753
-10.60460290274525,-10.60460290274525,-10.60460290274525
-7.054274598916778,-10.24316178302418,-5.950655486502689
-10.499582812577374,-10.670783660331441,-10.626641657204877
-6.4346338601194235,-8.427615913260183,-5.670677020788063
-5.305370571289244,-8.29595572884014,-3.804846325145667
-7.735751260873362,-7.603723054902552,-7.917001723474747
-8.460010338257435,-8.319290895081506,-8.406571331574673
-10.28427186538684,-10.273530746331376,-10.390453500942469
-6.8941496684589545,-8.120364662312474,-6.620264957726246
-8.652093294343048,-8.487067888093033,-8.869024036565497
-6.09691265023552,-6.294373962056572,-4.9809889630814626
-12.173231408491425,-10.699316160581375,-13.472282677037168
-9.09645964262643,-8.660988038545693,-9.553840855244372
-8.70385692904118,-8.826414006634835,-9.653011062804
-9.730733775394743,-10.154174859229427,-9.352177904554173
-8.05356683589712,-8.490536044764088,-7.892612922174488
-8.023775179056047,-8.61090903208582,-7.837330748035579
-9.669354747422851,-8.637176850917834,-10.723711335000116
-10.366254084104979,-9.938235423531877,-10.694261814362394
-10.424694374811951,-10.73736937828845,-10.49000249677159
-8.088040400725848,-8.018944340068481,-8.399872676791835
-5.480879144608511,-7.455717101510789,-3.6764595345651063
-6.679931925972619,-5.787944564403549,-5.704282622204129
-6.53401858806499,-11.010216411388813,-5.625591265578434
-9.639066802227733,-9.60499288780439,-9.20382088070294
-7.586377390270853,-10.517091856748308,-7.152069420363687
-8.697671475180684,-8.520084181030697,-8.85584837561429
-8.621065441010913,-8.662513216022493,-8.549311368727428
-10.268103076463955,-10.694096898212662,-10.338431751390212
-11.212541858479012,-10.647693094359605,-11.749325025610217
-8.121417178099056,-7.125442855636575,-8.666161776638143
-8.993655661002585,-9.3118242884295,-8.061726064669209
-4.913120110486083,-9.99848834029298,-3.811071768923455
-10.011098157658887,-6.979917698910442,-12.159271917856751
-6.366286101263141,-8.430827982393293,-6.0431814572880835
-10.22877587197698,-10.762803076595747,-10.193757526995444
-8.153060708950798,-10.788752262206406,-7.8045644909818686
-8.058028718957122,-10.26049749244069,-7.529841357481078
-9.890915095365271,-8.658929506627109,-11.05301257856417
-11.227277600509154,-10.635054153152456,-13.883673610037535
-10.608267761676327,-10.636618963747278,-10.662123838917143
-9.943328207931355,-8.637857679843155,-10.789417174583063
-8.525161361065415,-8.525161361065415,-8.525161361065415
-10.760752961941959,-10.818246542597418,-10.910496624068893
-11.442026900149992,-10.633798159395694,-11.961550560230757
-8.248382471851958,-8.466420202053843,-8.00422929349606
-8.781890510869786,-8.718854474410307,-9.066200811722108
-7.524949806556212,-9.861354918382848,-7.705517523794031
-6.3828158175485665,-8.97947962309531,-5.541382796251671
-8.362232555882592,-8.746932549779654,-8.234286133028741
-8.905962911493305,-10.92736378737261,-9.493508521539766
-9.530231647028927,-8.98585619670441,-10.674249588387362
-10.892947443425484,-10.107608101222413,-11.725670250780178
-6.888219845889482,-7.055513598769866,-5.69588250632918
-10.098914522653343,-10.867006241883274,-9.659385298409266
-8.73317759586354,-8.609940516915811,-8.878680575455926
-9.068956533943378,-9.152632737502257,-8.303965948145121
-5.752193468909957,-8.125992329549755,-5.009184461540723
-7.8245299114585745,-7.978400656484518,-8.070760375898077
-8.962218976757944,-8.349836947911582,-9.528168608952248
-8.500173378542032,-8.443842101719895,-8.394860155739472
-7.010783065424782,-9.7176720161303,-6.75166922093786
-8.154608864645965,-8.591804918870295,-8.546623672657015
-8.810644631123683,-10.582851887345502,-9.334377244234167
-11.022192618137838,-10.66552842103366,-11.014414299670914
-7.8925204322402225,-8.865511521185278,-7.961309754570621
-9.560063086776402,-10.706638915078846,-9.91896822596362
-8.844724084411109,-8.925737534369029,-10.057173080656021
-12.335467637379027,-13.137236147794702,-14.415438770861453
-9.604479656564727,-9.714176162702724,-9.616673719202094
-3.391107431501195,-7.7773052387905075,-2.532833101311812
-10.100579503755734,-7.54002287670425,-11.048698603120869
-10.62385100007611,-11.194759721416094,-12.372275588148662
-9.459838341282788,-9.788957943528581,-9.381276075186976
-8.00721265662538,-8.395821821222336,-7.52411791419493
-9.50887436583652,-10.79303738705627,-9.15494072479942
-9.807435616972743,-10.416445268585163,-9.456605890029962
-6.570561240904855,-7.461569644231779,-5.3230099646733775
-11.8159345799004,-11.394529527778422,-14.752984777045173
-10.67164559788294,-10.724596404505748,-11.302487747567868
-11.142073228040658,-11.05188833830417,-11.972412833476529
-11.218002061386251,-8.145266085509743,-10.775802017098943
-7.869186031980261,-8.584052939085582,-7.866459882661725
-9.338251538905645,-8.857435659708036,-9.774813700093388
-7.023944397135647,-9.434161975254513,-7.97195639386017
-9.766025611218769,-10.847408194824427,-9.434460519516676
-7.490400793363886,-10.218130789602938,-7.008231194652329
-10.442816881872353,-11.106192199070472,-10.98496930300361
-6.101750227477824,-7.03735760190514,-5.023317094796249
-4.288935245956129,-8.37280456914263,-3.4377511074652025
-9.625011968328455,-10.190099565050076,-8.949107213300737
-7.360568986449292,-7.6213660653645015,-7.143664590848471
-8.640188249057177,-8.452983237574172,-8.852675789543406
-9.797596261837217,-8.66719455437672,-10.734197074497864
-10.471486929226984,-10.829339413088283,-10.512359782339804
-5.70940199719321,-8.131603018379971,-5.541938284188056
-9.735438109718334,-9.151025858256833,-9.47007978081658
-9.653150436177821,-9.215556130966624,-11.354135546322112
-10.60460290274525,-10.60460290274525,-10.60460290274525
-10.629417700705263,-10.675279628710795,-10.591898064290397
-8.255126974611992,-8.616103221536079,-8.615403632075836
-13.469996855017191,-13.402503677359636,-15.083568149283884
-9.173494253587895,-9.320945136941733,-8.467279783066317
-11.336264127440925,-10.626886753915905,-11.711762396472205
-7.232749594291512,-8.091536693544732,-6.9764829547316225
-5.267065556339082,-7.634674706298446,-4.679412406420294
-9.686403908369343,-10.878236973563496,-9.333121560777277
-8.029254096297505,-8.642426248487133,-8.7029440900516
-10.691966338632364,-10.489245973428716,-11.088485251427867
-9.359084678659382,-9.307751011890183,-10.725256195137643
-3.4078567784134757,-8.035062881615547,-2.602311534057169
-7.4513230348509625,-10.276651398693684,-7.287537233453241
-9.760168753583269,-8.332394768105992,-10.89144311083969
-8.899734952231563,-8.589571433517005,-9.152930628145018
-10.37841811657435,-10.474554118596727,-11.130284724644506
-4.857528145129224,-8.236400132415705,-4.368408514474308
-11.127715023706667,-11.14310225976868,-12.682930539299218
-7.914853585074307,-8.580158936846086,-7.740188146116373
-5.244416558457202,-8.11486965120211,-4.073929513364672
-10.655272096816946,-10.49555528955011,-10.988668125689356
-10.60460290274525,-10.60460290274525,-10.60460290274525
-11.222327601913927,-10.36898580151672,-11.775638543470933
-8.525161361065415,-8.525161361065415,-8.525161361065415
-9.914872644228913,-9.102121392829106,-10.578382085863051
-7.9287808606324965,-8.644655060679924,-7.6976614598914335
-8.525161361065415,-8.525161361065415,-8.525161361065415
-9.20138934937881,-9.651867101268698,-8.942255533079644
-4.203753843351042,-7.3539030768028875,-3.5708779984091796
-9.5766046713608,-10.975679919006666,-9.400453081143146
-6.764643120404831,-7.565604117831023,-5.918314762568076
-8.833216883255876,-8.501230025527454,-8.342091414558466
-10.473023387497017,-10.555725998657508,-10.64168525285239
-10.806650580092025,-10.694096898212662,-11.026187233665446
-9.988581550379562,-10.362455970187298,-10.837037663905656
-9.418992074939247,-8.742652610100073,-10.427600766783568
-7.194061061733183,-9.128249619645118,-5.916559294618651
-7.709359384646734,-8.682072493049155,-7.854452773557827
-5.129650989376471,-8.375719196111936,-4.701319885953979
-10.485632261913354,-10.567420360415378,-10.958840270096763
-3.6193398601082136,-6.893366605104846,-2.3160971313419343
-9.471172745991792,-9.65635288857891,-10.782037335983317
-8.849454917525575,-9.52938613506915,-8.732857865245595
-8.843091454196411,-8.687085045444636,-9.392622430101715
-10.701435669743175,-11.460324431123485,-11.971890944735296
-8.67059277286586,-9.544010377489712,-8.041562887084332
-9.659360813198347,-10.153269255887315,-9.544032163591464
-6.952867023812987,-8.79940820127004,-6.27173228734765
-2.664219199985434,-7.927554650707737,-1.866456602031368
-9.053320318273531,-9.523552879505088,-9.035068817821823
-9.936293798359705,-10.204423008606012,-9.947720657202213
-6.786867954107598,-8.052904227265223,-6.126279349587228
-7.6937057566538725,-8.9550325110781,-7.552946281809154
-10.043697039227228,-8.535710732611314,-12.331223592345665
-7.761629479181024,-9.99782218850148,-7.8078658581389
-9.86124263940594,-10.057064057462478,-10.120178649818222
-5.9632849284104505,-7.8494919924264694,-5.374433873543821
-9.963898033992002,-10.718879785265443,-10.188557739899405
-7.641757320182617,-9.046099082853386,-6.325125661681242
-6.928431285035971,-7.186277650666509,-5.926152613701792
-11.554973370023497,-10.641325153969442,-12.298741280071846
-7.292051693905847,-8.271558221626343,-6.853354622990732
-10.54003222421619,-10.784059156083805,-10.679590501096657
-10.102636484368887,-10.64015306711977,-10.214645994858017
-10.364345212312193,-10.569542816258272,-10.670458721731336
-8.299319677899978,-8.788086995020072,-8.935199493328893
-9.206937585436267,-10.851812004363767,-8.36179316017105
-12.38413931101714,-10.95543019368978,-13.064509604188052
-12.297249259357072,-10.79433654682765,-13.682407137550712
-5.169596551896622,-8.206004160897171,-4.894508039883109
-7.607483830298286,-8.712428039077766,-7.163195095598992
-10.266290671269656,-10.791087814191027,-10.019727152601234
-10.713144548657016,-10.711176528980287,-10.870932270094306
-9.188471530577324,-8.800024421932028,-9.412834635909702
-9.723974930899683,-11.025137743189704,-9.802176835138264
-6.530526467913905,-8.441197815014537,-5.658191666546985
-9.23608581819649,-8.61283016798537,-9.74724978202545
-7.847760514708414,-8.608842114874978,-8.045617133275499
-8.807299918062943,-9.334123881113218,-8.091707157920299
-13.049934613183094,-11.717552963097871,-15.172613400261811
-11.403295462787561,-10.742189507952453,-13.128203620268227
-10.37001564688745,-10.885920730202104,-10.070991345179555
-10.180702819499563,-8.596413275885775,-10.824228428175244
-7.5246453146745065,-8.150501945132707,-7.3069685119897025
-12.169566615364406,-10.814184442034396,-12.927856888724959
-6.899550764767034,-10.030546907337598,-5.898932424008241
-8.596348214891858,-9.221599244663018,-9.79309957426688
-4.2932488158812205,-7.6878204922704025,-3.7740809755491083
-4.697489028458591,-7.34962673761586,-4.054975503982311
-8.345294068120765,-8.289579253551375,-8.50280113598341
-9.00546406596842,-10.118886758812964,-8.572458846504185
-7.431342319750714,-8.219801257717405,-7.300447085511257
-6.977425763979955,-8.163221216136314,-6.95273125243193
-8.66437590867213,-8.590209898780875,-8.796340055037431
-8.042596341742312,-8.856623360701048,-8.447057430974231
-10.855144538001058,-10.858414988110324,-11.287910780925282
-9.26910236386575,-10.962424303027529,-8.848323946202857
-13.65553571019095,-10.271583269937677,-17.121319351838423
-5.909063820597929,-10.064878721415758,-4.229118984925989
-1.9180373563434385,-5.1498935489288895,-0.06001398664438108
-10.024960156437677,-9.888565130390678,-11.059078026012706
-10.400726324287477,-9.9827718276601,-11.311057815710033
-9.422163548396528,-10.911836282832178,-8.661674438719887
-5.499146351040478,-8.125534365888734,-4.4647503417889505
-6.332030029265394,-7.9653182052065645,-5.6987390532302635
-10.358255128016879,-10.82986512423564,-10.20591710847139
-8.215046047236768,-7.608572137321182,-8.448703330089767
-8.781429196947657,-10.729365233024552,-8.04814757744212
-11.209370742463525,-10.84992372154531,-12.208302006034726
-6.992659254880213,-8.702306969087521,-5.440632790304893
-4.969868368343856,-8.306645365178104,-4.28749196431269
-4.967162069246091,-8.334435856766799,-4.250225222322445
-9.021460598279008,-8.550194968559277,-9.793315214157332
-11.55232155779945,-10.88836047142414,-12.295121197448049
-7.22600587321002,-10.258954876153712,-6.634447262932202
-9.618133227904886,-8.570305958845406,-10.07137601727542
-7.178829344059361,-8.081913070332703,-6.890697626989187
-6.502875496632346,-10.103786282768224,-5.3208443146179345
-10.618359041134648,-10.011542229942236,-11.049309027610109
-7.943266263763191,-8.95597164757844,-8.307140161592775
-4.6262115332714515,-7.716439992221627,-5.692983038283462
-6.316494653482768,-7.440246001367957,-6.099189288987512
-8.431109602633422,-8.737417143447145,-8.954413894705958
-7.0819623029217285,-10.285738543978876,-6.170858549083604
-10.320720556911448,-10.784274756853225,-10.374064559029188
-10.488220312063698,-10.821501306832458,-10.898251390758002
-4.619633198545323,-8.252735322730711,-3.3538673236198258
-10.643774756055972,-10.754968983301621,-10.918774234842818
-4.479562394019566,-8.302552639313776,-3.453548616455973
-8.129909186370005,-6.6819232828290875,-9.149353519939066
-5.595599052003557,-9.76645980853657,-4.827351587339369
-5.843287585137062,-7.711780335774044,-5.023377625106306
-5.520388816416278,-7.416203410123455,-4.631948860287178
-6.509728650008412,-7.312838483589976,-5.858129554790436
-9.292294813476,-8.660406857676113,-10.012912235741462
-8.567125430938075,-8.52111340434568,-8.579631677445237
-7.421031393627892,-7.371748700876826,-7.129049964129389
-11.382157545155325,-10.597281990867948,-11.989776848058645
-9.992834108130534,-10.726581001935193,-9.839727491393493
-7.162341198832767,-10.29298459729916,-6.780499054484051
-10.609283753252035,-10.67692125015231,-11.145772826743283
-10.60460290274525,-10.60460290274525,-10.60460290274525
